NAME: Lc46v1138
TYPE: PCGTSP 
COMMENT: 
DIMENSION: 1139
GTSP_SETS: 47
EDGE_WEIGHT_TYPE: EUC_2D
NODE_COORD_SECTION
1 0.0 0.0
2 218.99807739257812 96.0009765625
3 191.3262176513599 123.67286682128906
4 183.21356522797942 129.09643728102674
5 173.64262390137083 131.00099182128906
6 34.654346466060815 131.00106811529258
7 16.976672235803562 123.6787443884532
8 9.654335021969018 106.00107574468711
9 9.654290199279785 9.001073837309377
10 202.7939453125 9.000983238191111
11 218.0 24.0
12 218.0 249.0
13 202.7939453125 263.9990234375
14 9.654299736019311 263.99905395510723
15 9.654280662540259 166.9990692138963
16 16.97660472655116 149.3213908317557
17 34.654277801510034 141.99905395510723
18 173.6425628662073 141.99903869628906
19 183.21350243372217 143.90358618838945
20 191.3261566162073 149.3271484375
21 218.9980316162073 176.9990234375
22 935.0 355.0
23 897.486328125 355.0
24 872.724893167695 365.25126035520225
25 862.4736328125 390.0126953125
26 440.8154335021936 390.0127868652635
27 19.157234191887255 390.01287841799785
28 19.157228469848633 368.99530029299785
29 319.49801731109255 275.7149658203416
30 619.8388061523401 182.43463134768535
31 919.9950561523401 182.4345703125
32 934.9999389648401 197.4404296875
33 1427.0 758.0
34 1277.0 758.0
35 1277.0 310.0
36 1274.117792060486 280.736451697594
37 1265.5819298766946 252.5974851452338
38 1251.7204418453803 226.66446504706983
39 1233.0660171779818 203.93398282202543
40 1210.335534952941 185.27955815460882
41 1184.4025148547626 171.4180701232981
42 1156.2635483024205 162.88220793951768
43 1127.0 160.0
44 702.0 160.0
45 277.0 160.0
46 277.0 20.0
47 287.0 20.0
48 294.07106781186667 17.07106781186303
49 297.0 10.0
50 662.0 10.0
51 1027.0 10.0
52 1392.0 10.0
53 1402.2512626584721 34.74873734152061
54 1427.0 45.0
55 1427.0 401.5
56 2090.3115234375 882.1873168945895
57 2090.311645507809 1259.8279724121385
58 2090.3117675781177 1637.4686279296875
59 2087.438878222052 1666.7478654284496
60 2078.9063217108633 1694.903197448206
61 2065.042327382438 1720.851548128412
62 2046.3802136710292 1743.5947394959803
63 2023.637872479132 1762.257889253524
64 1997.6901533997661 1776.123065644002
65 1969.5352101095887 1784.6569047617377
66 1940.2561035156177 1787.5311279296875
67 1457.5749576091694 1787.531219482451
68 974.8938117027246 1787.5313110351854
69 492.21266579627627 1787.5314025879197
70 9.531519889827905 1787.5314941406832
71 9.531429926551937 1325.0210774740262
72 9.531339963275968 862.5106608073402
73 9.53125 400.0002441406832
74 426.3541666666679 400.0001627604652
75 843.1770833333321 400.00008138021803
76 1260.0 400.0
77 1260.0 682.1093750000873
78 1260.8310400296796 706.9591219060239
79 1263.3234543219078 731.6975216080027
80 1267.466064667995 756.2136250573967
81 1273.240291908307 780.3974801801087
82 1280.6202392578089 804.140625
83 1291.0340128370372 827.5915985874599
84 1305.1873954356997 848.9943227920157
85 1322.6895751953089 867.7578125
86 1340.0185140191716 878.4549224680813
87 1360.0382080078089 882.1875
88 1725.1748657226526 882.1874084472947
89 2222.0595703125 638.944274902402
90 2078.1337890625 638.9443359375
91 2052.5387893687475 645.7543921460456
92 2033.8105450299772 664.4822788093588
93 2027.0 690.0771484375
94 2027.0 765.9912109375
95 2027.0 787.0
96 1621.84765625 787.0001831054979
97 1621.8475341796911 511.8966522217088
98 1621.8474121093786 236.79312133789062
99 1647.0603165896864 229.98170443376875
100 1665.3993831748267 211.38695814990206
101 1671.8610839843786 186.08216857910156
102 1935.1979980468677 182.43460083010723
103 1949.9714355468677 197.20803833010723
104 1949.9715576171875 397.34085083010723
105 1926.5132423444702 408.25272901999415
106 1916.9588623046802 432.29592895510723
107 1927.2097771573972 457.0579953356646
108 1951.9715576171875 467.30960083010723
109 1969.9783935546875 467.30960083010723
110 1994.7408162398715 457.0583300575963
111 2004.9920654296802 432.2958984375
112 1995.4376749065013 408.25271792989224
113 1971.9793701171875 397.34085083010723
114 1971.9792480468677 197.20802307140548
115 1986.9851074218677 181.71681213378906
116 2222.0729980468677 178.4608612060838
117 2222.0732421875 636.943298339902
118 2222.0697429543325 637.9438094195211
119 2587.0 159.99998474129825
120 2162.0 160.00015258794883
121 1737.0 160.00032043459942
122 1707.736442344085 162.88253023463767
123 1679.5974675236357 171.41839785699267
124 1653.6644412585265 185.27989448417793
125 1630.9339558480387 203.93433023057878
126 1612.2795316629672 226.6648251291772
127 1598.4180482259871 252.59785844461294
128 1589.8821949158337 280.73683760661515
129 1587.0 310.0003967284865
130 1587.0002441406177 758.0003662109084
131 1437.0002441406177 758.0004272462102
132 1437.0001220703089 401.50043296819786
133 1437.0 45.00043869018555
134 1461.7487417247794 34.74917164846556
135 1472.0 10.000426292506745
136 1837.0 10.000284195004497
137 2202.0 10.000142097502248
138 2567.0 10.0
139 2569.928933536834 17.071065345866373
140 2577.0 19.999996185302734
141 2587.0 19.99999237060547
142 3249.999999999989 1781.0
143 3240.0 1781.0
144 3232.9289321881333 1783.928932188137
145 3230.0 1791.0
146 2865.0 1791.0001220703416
147 2500.0 1791.000244140654
148 2135.0 1791.0003662109957
149 2124.7486941832576 1766.2517077813682
150 2100.0 1756.0004882813082
151 2099.999877929684 1399.5004882813082
152 2099.9997558593677 1043.0004882813082
153 2249.9997558593677 1043.0003662109957
154 2249.9997558593677 1491.0003662109957
155 2252.881969752536 1520.263944444625
156 2261.4178493397703 1548.4029374549573
157 2275.279364877915 1574.3359772873519
158 2293.9338249980974 1597.0664697058382
159 2316.6643477786056 1615.7208928297623
160 2342.5974101719985 1629.5823661592149
161 2370.736417075299 1638.1181999473192
162 2400.0 1641.0003662109957
163 2824.9999999999964 1641.0001831054979
164 3249.999999999989 1641.0
165 3516.837890625 31.95172882080078
166 3344.4345703125 131.48892211919883
167 2920.1337890625 131.48912048339844
168 2897.7900156135875 139.54003432532772
169 2885.7294921875 159.9998779296875
170 2615.0 160.0
171 2599.994140625 144.994140625
172 2599.994140625 46.45801544189453
173 2637.5078125 46.4579963684082
174 2662.270229786489 36.20673098860425
175 2672.521484375 11.444309234706452
176 3094.6796875 11.444112777739065
177 3516.837890625 11.443916320800781
178 4359.3115234375 1077.8121337890916
179 3994.174682617184 1077.8123168945604
180 3629.0378417968677 1077.8125
181 3609.0181478082304 1081.5450775319187
182 3591.6892089843677 1092.2421875
183 3574.1870292247586 1111.0056772079843
184 3560.033646626096 1132.4084014125401
185 3549.6198730468677 1155.859375
186 3542.2399505402427 1179.6025232239917
187 3536.4657480462192 1203.786380016274
188 3532.323162230263 1228.3024834290845
189 3529.830772135825 1253.040881425084
190 3528.9997558593677 1277.890625
191 3529.0 1560.0
192 3112.177083333332 1560.0002034505305
193 2695.354166666668 1560.000406901061
194 2278.53125 1560.0006103515916
195 2278.5310058593714 1097.4901835123892
196 2278.5307617187464 634.9797566731868
197 2278.5305175781177 172.46932983398438
198 2761.2117309570276 172.4691047668748
199 3243.892944335934 172.46887969973614
200 3726.57415771484 172.46865463259746
201 4209.25537109375 172.4684295654879
202 4238.534468329202 175.3426508809207
203 4266.689403345248 183.8764845642727
204 4292.637116252237 197.7416523594875
205 4315.379454255224 216.40479103580583
206 4334.041568448538 239.14796972589102
207 4347.905567374528 265.0963071846345
208 4356.43813276631 293.25162659195485
209 4359.31103515625 322.5308532714844
210 4359.311279296875 700.1714935303025
211 4511.0 1160.0
212 4371.0 1160.0001220703998
213 4370.999755859375 735.0000610351854
214 4370.99951171875 310.0
215 4368.117290755548 280.7364625170594
216 4359.581419698119 252.5975085743703
217 4345.719927072474 226.6645016934781
218 4327.065501922745 203.9340321420168
219 4304.335022883151 185.27961855361355
220 4278.402008951907 171.41813911817735
221 4250.263050667669 162.88228237297153
222 4220.99951171875 160.00007629400352
223 3772.99951171875 160.00035095220665
224 3772.99951171875 10.000348091096384
225 4129.49951171875 10.000182151794434
226 4485.99951171875 10.000016212492483
227 4496.250780109192 34.74874307352002
228 4520.99951171875 45.0
229 4520.999674479168 410.0
230 4520.999837239582 775.0
231 4521.0 1140.0
232 4513.928932188133 1142.928932188137
233 4511.0 1150.0
234 5209.0 1715.0
235 5183.197636528901 1722.137269347906
236 5158.134288819565 1731.546370050928
237 5134.009545381181 1743.1523740347184
238 5111.015520277415 1756.8628584888356
239 5089.335323252584 1772.5686418632395
240 5069.1416015625 1790.1446533203998
241 4612.248697916668 1790.1450195313082
242 4155.355794270832 1790.1453857421875
243 3698.462890625 1790.145751953096
244 3669.1846375051027 1787.2716977623058
245 3641.0304487920184 1778.7383542702883
246 3615.08329261405 1764.8739617657266
247 3592.341242240047 1746.2118226056336
248 3573.679084579275 1723.4697874132835
249 3559.814670966676 1697.5226425140281
250 3551.2813045712064 1669.368460742844
251 3548.4072265625 1640.0902099609957
252 3548.40673828125 1193.8001708984084
253 4023.58447265625 1200.38134765625
254 4498.76220703125 1206.9625244140916
255 4816.88232421875 1211.3685302734084
256 4816.88232421875 1212.5052490234957
257 4816.8828125 1472.6009521484084
258 4824.204493601377 1490.2885962048022
259 4841.8916015625 1497.6115722656832
260 4898.9130859375 1497.6115722656832
261 4916.600868522957 1490.2888985747704
262 4923.9228515625 1472.600830078096
263 4917.293462935795 1455.6372365677962
264 4900.9140625 1447.6730957031832
265 4900.91357421875 1227.510009765596
266 4915.68701171875 1212.7375488281832
267 5229.03662109375 1217.076171875
268 5229.037109375 1640.0888671875
269 5226.766678421234 1666.1019335374294
270 5220.0194868841245 1691.327117065055
271 5539.005859375 1209.994140625
272 5524.0 1225.0
273 5253.2705078125 1225.0001220702834
274 5241.209980179203 1204.540287851618
275 5218.8662109375 1196.4893798827834
276 4794.5654296875 1196.4896240234084
277 4622.162109375 1096.9525146484084
278 4622.162109375 1076.4447021484084
279 5044.3203125 1076.4445190429396
280 5466.478515625 1076.4443359375
281 5476.72977561213 1101.206747825403
282 5501.4921875 1111.4580078125873
283 5539.005859375 1111.4580078125873
284 6201.999999999996 1295.0
285 6164.486328124996 1295.0
286 6139.724893167691 1305.2512603552022
287 6129.473632812496 1330.0126953125
288 5707.815429687496 1330.0127563476271
289 5286.1572265625 1330.0128173827834
290 5286.1572265625 1308.9952392577834
291 5586.498535156246 1215.7149658203416
292 5886.839843749996 1122.4346923828998
293 6186.995117187496 1122.4345703125
294 6201.999999999996 1137.4404296875
295 6235.748535156246 1067.914306640596
296 6206.155066967836 1067.2433281856065
297 6176.561070395295 1066.5960736990091
298 6146.966564457249 1065.9725435967266
299 6117.371568172621 1065.3727382794605
300 6087.776100560663 1064.79665813272
301 6058.1801806409385 1064.244303526706
302 6028.583827433282 1063.7156748163688
303 5998.98705995781 1063.2107723414665
304 5969.389897234931 1062.7295964264486
305 5939.792358285285 1062.2721473805723
306 5910.194462129741 1061.8384254977864
307 5880.596227789425 1061.4284310568182
308 5850.997674285671 1061.042164321203
309 5821.398820640014 1060.679625539109
310 5791.799685874179 1060.3408149435709
311 5762.200289010081 1060.025732752285
312 5732.600649069795 1059.734379167785
313 5703.000785075561 1059.4667543772666
314 5673.400716049753 1059.2228585527628
315 5643.8004610148855 1059.0026918509684
316 5614.200038993589 1058.8062544134154
317 5584.599469008601 1058.633546366298
318 5554.998770082755 1058.4845678206475
319 5525.397961238956 1058.3593188721861
320 5495.797061500209 1058.2577996014152
321 5466.196089889549 1058.1800100735854
322 5436.595065430065 1058.125950338639
323 5406.994007144891 1058.0956204313843
324 5377.392934057163 1058.0890203712916
325 5347.791865190044 1058.1061501625518
326 5318.190819566684 1058.147009794222
327 5288.589816210224 1058.2115992399922
328 5258.988874143772 1058.2999184584187
329 5229.388012390402 1058.4119673926616
330 5199.787249973135 1058.5477459707763
331 5170.186605914929 1058.7072541054804
332 5140.586099238662 1058.8904916942993
333 5110.985748967127 1059.0974586193915
334 5081.385574123004 1059.32815474784
335 5051.785593728895 1059.5825799313316
336 5022.185826807239 1059.86073400639
337 4992.586292380358 1060.1626167942304
338 4962.9870094704165 1060.488228100905
339 4933.387997099424 1060.8375677170698
340 4903.789274289207 1061.2106354183052
341 4874.190860061415 1061.6074309647956
342 4844.5927734375 1062.0279541015916
343 4815.045552497388 1062.6044496317918
344 4785.4984279500895 1063.1858646017208
345 4755.951400614711 1063.7721989951679
346 4726.40447131027 1064.3634527959512
347 4696.857640855782 1064.959625987627
348 4667.31091007037 1065.5607185537228
349 4637.764279773044 1066.1667304775037
350 4608.217750782853 1066.777661742235
351 4578.671323918792 1067.3935123309493
352 4549.125 1068.0142822265916
353 4537.12109375 1068.2677001953998
354 4544.05615234375 858.0745239258104
355 4554.595703125 857.8521118164936
356 4561.601836856222 854.7760158966994
357 4564.38232421875 847.647399902402
358 4591.985445565511 847.0698264897801
359 4619.588656306209 846.4965412730235
360 4647.191955774553 845.9275442660437
361 4674.795343304439 845.3628354825196
362 4702.398818229602 844.8024149361299
363 4730.002379883899 844.2462826403498
364 4757.606027601181 843.6944386086252
365 4785.209760715181 843.1468828542856
366 4812.813578559781 842.6036153905443
367 4840.41748046875 842.0646362304979
368 4870.23740108337 841.640225094161
369 4900.057652838012 841.2397559135861
370 4929.878216510053 840.8632289469533
371 4959.699072876669 840.5106444370176
372 4989.520202714841 840.1820026110508
373 5019.341586801376 839.8773036808707
374 5049.163205912926 839.596547842928
375 5078.985040825981 839.3397352781612
376 5108.807072316893 839.1068661521422
377 5138.629281161895 838.8979406149883
378 5168.451648137096 838.712958801334
379 5198.274154018505 838.5519208304759
380 5228.096779582051 838.4148268061981
381 5257.919505603571 838.3016768168891
382 5287.7423128588525 838.2124709354539
383 5317.565182123621 838.1472092194308
384 5347.388094173559 838.1058917108749
385 5377.211029784328 838.088518436387
386 5407.033969731576 838.0950894072303
387 5436.856894790944 838.1256046191265
388 5466.679785738084 838.1800640524016
389 5496.5026233486715 838.2584676719562
390 5526.3253883984 838.3608154272952
391 5556.148061663047 838.487107252382
392 5585.9706239184125 838.6373430658423
393 5615.793055940387 838.8115227707895
394 5645.6153385049365 839.0096462549991
395 5675.437452388131 839.2317133907345
396 5705.25937836614 839.477724034834
397 5735.081097215258 839.7476780287398
398 5764.9025897119245 840.041575198411
399 5794.723836632704 840.3594153544109
400 5824.544818754333 840.7011982918484
401 5854.365516853719 841.0669237904076
402 5884.18591170794 841.4565916143474
403 5914.005984094289 841.8702015124727
404 5943.825714790251 842.3077532181342
405 5973.645084573542 842.7692464493448
406 6003.464074222098 843.254680908547
407 6033.282664514107 843.7640562828747
408 6063.100836228023 844.2973722439492
409 6092.918570142556 844.8546284479962
410 6122.735847036707 845.4358245357871
411 6152.5526476897685 846.0409601326683
412 6182.36895288133 846.6700348485901
413 6212.184743391324 847.32304827802
414 6241.999999999996 848.0
415 6235.878906249996 837.2669677734957
416 6223.874999999996 837.013671875
417 6194.328676076595 836.3929080829839
418 6164.782249209031 835.7770635978377
419 6135.235720216271 835.1661384367035
420 6105.689089917392 834.5601326164615
421 6076.142359131449 833.9590461539046
422 6046.595528677517 833.3628790657385
423 6017.048599374579 832.771631368465
424 5987.501572041718 832.1853030784405
425 5957.954447498025 831.6038942119922
426 5928.407226562496 831.0274047851854
427 5898.8091397230855 830.6068933337519
428 5869.210725289169 830.2101094728278
429 5839.612002282196 829.8370534573914
430 5810.0129897238185 829.4877255272004
431 5780.413706635856 829.1621259067033
432 5750.814172040318 828.8602548052149
433 5721.214404959381 828.5821124166541
434 5691.614424415358 828.3276989198348
435 5662.0142494306965 828.0970144782332
436 5632.413899027983 827.8900592401042
437 5602.813392229902 827.7068333384523
438 5573.2127480592535 827.5473368909734
439 5543.611985538915 827.4115700002585
440 5514.011123691842 827.2995327535027
441 5484.410181541058 827.2112252227089
442 5454.80917810963 827.1466474646295
443 5425.208132420677 827.1057995207666
444 5395.607063497329 827.088681417401
445 5366.005990362748 827.0952931655047
446 5336.4049320400845 827.1256347608287
447 5306.803907552487 827.1797061838733
448 5277.202935923084 827.2575073998887
449 5247.602036174958 827.3590383589035
450 5218.001227331162 827.4842989956378
451 5188.400528414677 827.6332892295904
452 5158.799958448424 827.8060089650389
453 5129.199536455231 828.0024580909521
454 5099.5992814578385 828.2226364811067
455 5069.999212478877 828.466543994
456 5040.399348540857 828.7341804728785
457 5010.79970866616 829.0255457457679
458 4981.200311877015 829.3406396253849
459 4951.601177195509 829.6794619092543
460 4922.0023236435445 830.0420123796503
461 4892.403770242858 830.4282908035384
462 4862.805536014981 830.8382969326922
463 4833.20763998125 831.2720305036346
464 4803.61010116278 831.7294912376383
465 4774.01293858045 832.2106788406672
466 4744.416171254907 832.7155930035224
467 4714.819818206543 833.244233401696
468 4685.223898455475 833.7965996954881
469 4655.628431021552 834.3726915299194
470 4626.033434924324 834.9725085347309
471 4596.438929183045 835.5960503244714
472 4566.84493281665 836.2433164984104
473 4537.25146484375 836.9143066405959
474 4531.0 617.0
475 4560.815256392827 616.3230365908239
476 4590.631046696362 615.6700114740815
477 4620.447351690858 615.0409250707016
478 4650.264152156236 614.4357777862169
479 4680.081428872079 613.8545700107643
480 4709.899162617694 613.2973021189391
481 4739.717334172074 612.7639744700282
482 4769.5359243139355 612.2545874077477
483 4799.354913821724 611.7691412605054
484 4829.174283473632 611.3076363412256
485 4858.9940140476065 610.8700729473785
486 4888.814086321341 610.4564513610676
487 4918.6344810723385 610.066771848884
488 4948.455179077882 609.7010346620227
489 4978.276161115053 609.359240036254
490 5008.097407960759 609.0413881918939
491 5037.918900391742 608.7474793338333
492 5067.740619184562 608.4775136515673
493 5097.562545115652 608.2314913190785
494 5127.3846589613095 608.0094124949828
495 5157.206941497712 607.8112773224129
496 5187.029373500922 607.6370859291055
497 5216.851935746909 607.4868384273432
498 5246.674609011567 607.3605349139543
499 5276.497374070692 607.2581754704297
500 5306.320211700051 607.1797601626604
501 5336.143102675349 607.1252890412579
502 5365.966027772258 607.0947621412924
503 5395.788967766435 607.0881794824963
504 5425.611903433513 607.1055410690606
505 5455.434815549153 607.1468468898092
506 5485.2576848889985 607.2120969181124
507 5515.080492228739 607.301291111944
508 5544.903218344105 607.4144294137659
509 5574.725844010878 607.5515117506438
510 5604.548350004901 607.7125380342477
511 5634.370717102105 607.8975081607641
512 5664.192926078482 608.1064220109547
513 5694.014957710158 608.3392794501269
514 5723.8367927733525 608.5960803282214
515 5753.658412044428 608.8768244796665
516 5783.479796299875 609.1815117234946
517 5813.300926316337 609.510141863313
518 5843.121782870632 609.862714687275
519 5872.942346739732 610.2392299681087
520 5902.7625987008105 610.6396874630882
521 5932.582519531246 611.0640869140916
522 5960.186421431656 611.603053867264
523 5987.790239269616 612.1463091241312
524 6015.393972378875 612.6938526715385
525 6042.997620093305 613.2456844962726
526 6070.601181746653 613.801804585004
527 6098.2046566727695 614.362212924374
528 6125.808044205496 614.9269095007912
529 6153.411343678581 615.495894300635
530 6181.014554425918 616.0691673102265
531 6208.617675781246 616.6467285156832
532 6211.398163143796 623.7753445099515
533 6218.404296874989 626.8514404296875
534 6228.943847656246 627.0738525390916
535 6212.037109374996 582.923828125
536 5898.687499999989 587.2626953125
537 5883.914062499996 572.4902343750873
538 5883.914062499996 352.3271484375
539 5900.293462935817 344.3630075728579
540 5906.922851562496 327.3994140625
541 5899.600868522928 309.7113455658837
542 5881.913085937489 302.388671875
543 5824.891601562496 302.388671875
544 5807.204450410918 309.71169107739115
545 5799.882812499996 327.3994140625
546 5799.882812499996 587.4951171875
547 5799.882812499996 588.6318359375
548 5481.7626953125 593.0380859375
549 5006.5849609375 599.61962890625
550 4531.4072265625 606.201171875
551 4531.4072265625 159.9111328125
552 4534.281283718272 130.63286471975152
553 4542.814635905692 102.47866276887362
554 4556.679042162654 76.53149671579013
555 4575.341199052393 53.78944123990368
556 4598.083254528276 35.1272843501647
557 4624.030420581377 21.262878093199106
558 4652.184622532255 12.72952590577188
559 4681.462890625 9.85546875
560 5138.355794270832 9.85546875
561 5595.248697916664 9.85546875
562 6052.141601562496 9.85546875
563 6072.335329094767 27.43145830076537
564 6094.015529462831 43.13722005675663
565 6117.009555512926 56.84768344584154
566 6141.134297629655 68.4536671670503
567 6166.197641903043 77.86274864024017
568 6191.999999999996 85.0
569 6203.0194868841245 108.67288293494494
570 6209.766678421231 133.89806646257057
571 6212.037109374996 159.9111328125
572 6929.066406249996 510.0357971190824
573 6469.967773437496 510.0360107421875
574 6469.967773437496 466.1336669921875
575 6463.157707005037 440.5386802109133
576 6444.429821717629 421.8104484254436
577 6418.834960937496 414.99990844729473
578 6317.911132812496 414.9999694825092
579 6221.999999999996 415.0
580 6221.906210920501 412.4998053590534
581 6221.874999999996 409.998046875
582 6221.874999999996 9.847656250087311
583 6564.503417968746 9.847496986447368
584 6907.131835937496 9.847337722807424
585 6922.345703124996 24.85123634338379
586 6926.015624999996 289.95278930669883
587 6676.616210937496 289.95291137698223
588 6651.602588644459 296.6482243769278
589 6633.292465786111 314.9580009265919
590 6626.596679687496 339.97149658208946
591 6626.596679687496 357.97833251958946
592 6633.292486145943 382.9918023743958
593 6651.602606274788 401.30155385204125
594 6676.616210937496 407.9968566893949
595 6927.652343749996 407.99673461919883
596 6864.999999999996 820.0930175781832
597 6849.999999999996 820.0930175781832
598 6836.866623293896 793.7986438635562
599 6822.210926160802 768.3213949090277
600 6806.0835516361 743.7493078245316
601 6788.540228163893 720.1672919162665
602 6769.641577026345 697.65683528097
603 6749.452902865687 676.2957232223125
604 6728.043968022826 656.1577694622392
605 6705.488751472283 637.3125610763964
606 6681.8651931864115 619.8252180345589
607 6657.254924812423 603.7561681774969
608 6631.742987592679 589.1609384073527
609 6605.417538503072 576.089962813363
610 6578.369545624988 564.5884083959972
611 6550.692473803374 554.6960189915262
612 6522.481961677211 546.446977936459
613 6493.835491198446 539.8697899463295
614 6464.852050781246 534.9871826171875
615 6464.852050781246 519.9811401368061
616 6814.983886718746 519.9810180664936
617 6821.6789713553335 544.9936941520427
618 6839.987707938217 563.3034808244847
619 6864.999999999996 570.0
620 6752.036621093746 1330.19140625
621 6630.990722656246 1328.5146484375
622 6615.983886718746 1312.8291015625
623 6615.983398437496 1062.6777343750873
624 6639.442670870008 1051.7658215207339
625 6648.997070312496 1027.7216796875
626 6638.745464818061 1002.959899227717
627 6613.983398437511 992.708984375
628 6581.971679687496 992.708984375
629 6557.210244730191 1002.9602447302022
630 6546.958984374996 1027.7216796875
631 6556.5130289404515 1051.765501303773
632 6579.971679687496 1062.6777343750873
633 6579.972167968746 1312.8291015625
634 6565.197753906246 1327.603515625
635 6266.852050781246 1323.4708251952834
636 6251.848144531246 1308.2569580077834
637 6251.847900390621 965.6285705566115
638 6251.847656249996 623.0001831054105
639 6656.999999999996 623.0
640 6656.999999999996 719.0361328125
641 6656.999999999996 819.9599609375
642 6663.810545029974 845.5548305656412
643 6682.53878936874 864.2827172289544
644 6708.133789062496 871.0927734375
645 6752.036132812496 871.092712402402
646 6941.999999999996 1561.0
647 6522.749999999996 1561.0001525878906
648 6103.499999999996 1561.0003051758104
649 5684.25 1561.000457763701
650 5265.0 1561.0006103515916
651 5262.071067811867 1553.9295425397286
652 5255.0 1551.0006103515916
653 5245.0 1551.0006103515916
654 5245.0 1341.0006103515916
655 5669.25 1341.000457763701
656 6093.499999999996 1341.0003051758104
657 6517.749999999996 1341.0001525878906
658 6941.999999999996 1341.0
659 6935.999999999996 1780.9986572265916
660 6925.999999999996 1780.9986572265916
661 6918.928932188133 1783.9275894147286
662 6915.999999999996 1790.9986572265916
663 6496.749999999996 1790.998992919951
664 6077.499999999996 1790.9993286133104
665 5658.25 1790.9996643066406
666 5239.0 1791.0
667 5239.0 1571.0
668 5663.25 1570.9996643066115
669 6087.499999999996 1570.9993286132521
670 6511.749999999996 1570.9989929198928
671 6935.999999999996 1570.9986572265043
672 7369.152343749996 1460.9996337890916
673 6963.999999999989 1461.0
674 6963.999999999989 1439.9912109375
675 6963.999999999989 1364.0771484375
676 6957.189454970005 1338.482278809388
677 6938.461210631231 1319.7543921461038
678 6912.866210937496 1312.9443359375873
679 6768.940429687496 1312.9444580078998
680 6768.93025704566 1311.9439925249608
681 6768.926757812496 1310.9434814452834
682 6768.926269531246 852.4610595702834
683 7004.014160156246 855.7167358397855
684 7019.020019531246 871.2079467772855
685 7019.020019531246 1071.3408203125
686 6995.56170425854 1082.252698502387
687 6986.007324218746 1106.2958984375
688 6996.258584205887 1131.0583103253448
689 7021.020996093746 1141.3095703125
690 7039.027832031246 1141.3095703125
691 7063.789655679746 1131.0579216759943
692 7074.040527343746 1106.2957763671875
693 7064.486105370535 1082.252654141921
694 7041.027832031246 1071.3408203125
695 7041.027832031246 871.2079467772855
696 7055.801269531246 856.434509277402
697 7319.138183593746 860.0817260741896
698 7325.5998895888515 885.3865091810003
699 7343.938955474292 903.9812491603079
700 7369.151855468746 910.7926635743061
701 7369.152099609371 1185.8961486816988
702 7294.999999999996 794.0
703 7269.9876903081495 800.6965293387766
704 7251.6789509960545 819.0063410829753
705 7244.983886718746 844.0190429688082
706 6894.852050781246 844.0191650390916
707 6894.852050781246 829.0131835938082
708 6923.835503733531 824.1305628086848
709 6952.481985742987 817.5533598127076
710 6980.692508257282 809.3043022763159
711 7008.369589191763 799.4118950002885
712 7035.417589780958 787.9103214168572
713 7061.743045060448 774.8393254679395
714 7087.254986837117 760.2440742692852
715 7111.865258031747 744.1750020342297
716 7135.488817307767 726.6876357973961
717 7158.044032933485 707.8424035397184
718 7179.45296486231 687.7044253781787
719 7199.641634056334 666.3432885418006
720 7218.540278122517 643.8328069114941
721 7236.083592378189 620.2507659545226
722 7252.210955512837 595.6786539351742
723 7266.866639066353 570.2013803301088
724 7279.999999999996 543.9069824219041
725 7294.999999999996 543.9069824219041
726 7275.155761718746 534.9857177734957
727 7246.172304190539 539.8684020848887
728 7217.525821544037 546.4456696298148
729 7189.315302435247 554.6947924914712
730 7161.638229036984 564.5872656140709
731 7134.590240186724 576.0889053028368
732 7108.264800904133 589.1599673466117
733 7082.752879420314 603.7552843550802
734 7058.142632834733 619.8244218356849
735 7034.519102486094 637.3118524714664
736 7011.963920089827 656.1571479970298
737 6990.555025657599 676.2951880099718
738 6970.366398173577 697.6563849962258
739 6951.467799958202 720.1669247913524
740 6933.924535602633 743.7490216473234
741 6917.79722630711 768.321187023219
742 6903.141600402825 793.7985111709568
743 6890.008300781246 820.0929565429979
744 6874.999999999996 820.0930175781832
745 6874.999999999996 570.0
746 6900.015199366015 563.3057510065264
747 6918.326746753501 544.9956335523748
748 6925.022949218746 519.9809570313082
749 7275.155761718746 519.9807128906832
750 7645.999999999996 415.0
751 7550.088867187496 415.00003051760723
752 7449.165039062496 415.0000915527926
753 7423.570160586361 421.81064163462725
754 7404.8422725471355 440.5388985266909
755 7398.032226562496 466.1339111328998
756 7398.032226562496 510.0362548827834
757 6938.933593749996 510.0364685058885
758 6940.347656249996 407.9974060058885
759 7191.383789062496 407.9972839356051
760 7216.397411355527 401.3019709356304
761 7234.707534213874 382.9921943859954
762 7241.403320312496 357.97869873049785
763 7241.403320312496 339.97186279299785
764 7234.707513854064 314.95839293816243
765 7216.397393725227 296.64864146045875
766 7191.383789062496 289.9533386231051
767 6941.984374999996 289.9534606933885
768 6945.654296874996 24.851888656587107
769 6960.868164062496 9.847974777308991
770 7303.496582031246 9.847815513698151
771 7646.124999999996 9.847656250087311
772 7646.124999999996 409.998046875
773 7646.093789079492 412.4998053590534
774 7867.999999999996 1613.041015625
775 7587.894531249996 1613.0411376952834
776 7587.894531249996 1607.0382080077834
777 7577.643270894801 1582.2767730504856
778 7552.881835937489 1572.0255126952834
779 7101.169921874996 1572.0257568359957
780 6952.157226562511 1485.9935302734957
781 6952.157226562511 1470.9876708984957
782 7373.564941406254 1470.9874877929979
783 7794.972656249996 1470.9873046875
784 7805.224261744446 1495.749085147283
785 7829.986328124996 1506.0
786 7867.999999999996 1506.0
787 7867.842773437496 1790.0125732421875
788 7446.184570312496 1790.0126342773438
789 7024.526367187496 1790.0126953125
790 7014.275106832301 1765.2512603552022
791 6989.513671874996 1755.0
792 6951.999999999996 1755.0
793 6951.999999999996 1597.4404296875
794 6967.004882812496 1582.4345703125873
795 7267.161132812496 1582.4344482421875
796 7567.501953124996 1675.7147216796875
797 7867.842773437496 1768.9949951171875
798 7784.999999999996 1461.0
799 7379.847656249996 1461.0001220703998
800 7379.847412109364 1118.3717346191988
801 7379.847167968739 775.7433471679979
802 7394.851074218746 760.5294189453998
803 7693.196777343746 756.3965454101854
804 7707.971191406246 771.1708984375
805 7707.971679687496 1021.322265625
806 7684.513028940466 1032.2344986962562
807 7674.958984374996 1056.2783203125
808 7685.210244730184 1081.0397552697978
809 7709.971679687489 1091.291015625
810 7741.983398437496 1091.291015625
811 7766.7454648180465 1081.040100772283
812 7776.997070312496 1056.2783203125
813 7767.442670869994 1032.2341784792952
814 7743.983398437496 1021.322265625
815 7743.982910156246 771.1708984375
816 7758.989746093746 755.4853515625
817 7880.035644531246 753.808532714902
818 7880.036132812496 1212.9072265625
819 7836.133789062496 1212.9072265625
820 7810.53878936874 1219.7172827710456
821 7791.810545029974 1238.4451694343588
822 7784.999999999996 1264.0400390625
823 7784.999999999996 1364.9638671875
824 7904.987304687489 1154.156005859404
825 7889.980957031246 1154.156005859404
826 7889.980957031246 804.0230102539062
827 7914.995651184541 797.326797627291
828 7933.305771368596 779.0152251669788
829 7939.999999999996 754.0
830 8190.092773437496 753.9998779296875
831 8190.092773437496 769.0078735351854
832 8163.798416009715 782.141272247507
833 8138.321184468008 796.7969901502947
834 8113.749115833776 812.9243841527496
835 8090.167119322094 830.4677257614676
836 8067.656682936413 849.3663936510857
837 8046.2955918853295 869.5550831425644
838 8026.15765979444 890.9640318645106
839 8007.312473642047 913.5192608183133
840 7989.825153300142 937.1428300138214
841 7973.756126511547 961.7531077924941
842 7959.160920080776 987.2650529069069
843 7946.089968000193 1013.5905083822145
844 7934.588437174465 1040.6385061443725
845 7924.6960713455155 1068.3155813616468
846 7916.447053757347 1096.5260954141268
847 7909.869889035235 1125.1725663747056
848 8221.843749999996 540.5034790039062
849 7930.690917968746 630.7824096679396
850 7639.538085937496 721.0613403320021
851 7320.005859374996 721.0615234375
852 7304.999999999996 706.056640625
853 7304.999999999996 555.0
854 7342.513671874996 555.0
855 7367.276105357483 544.7487184421625
856 7377.527343749996 519.986267089902
857 7799.685546874996 519.9860839844041
858 8221.843749999996 519.9859008789062
859 8361.999999999996 415.0
860 8265.963867187496 415.00003051760723
861 8165.040039062496 415.0000915527926
862 8139.445160586361 421.81064163462725
863 8120.7172725471355 440.5388985266909
864 8113.907226562496 466.1339111328998
865 8113.907226562496 510.0362548827834
866 7654.808593749996 510.0364685058885
867 7656.485351562496 388.9905700683885
868 7672.170898437496 373.9837341308885
869 7922.322265624996 373.9836120606051
870 7933.234188486251 397.4428650653572
871 7957.278320312496 406.99725341799785
872 7982.040100772287 396.7456479235552
873 7992.291015624996 371.98358154299785
874 7992.291015624996 339.97186279299785
875 7982.039755269801 315.2104278357001
876 7957.278320312496 304.95916748049785
877 7933.234488689643 314.5132231359603
878 7922.322265624996 337.9718933106051
879 7672.170898437496 337.9720153808885
880 7657.396484374996 323.1976013183885
881 7661.529296874996 24.851888656587107
882 7676.743164062496 9.847974777308991
883 8019.371582031246 9.847815513698151
884 8361.999999999996 9.847656250087311
885 8550.018554687496 482.9839782714844
886 8525.006085646917 489.67919017662643
887 8506.696478569738 507.9878700482077
888 8499.999999999996 533.0
889 8249.907226562496 533.0000610351854
890 8249.907226562496 518.0000610351854
891 8276.201645870951 504.86670646071434
892 8301.678940734851 490.21102716680616
893 8326.25107370051 474.0836662337533
894 8349.833135124649 456.54035217579803
895 8372.343636581903 437.6417063700501
896 8393.704792450193 417.4530335776508
897 8413.842788700964 396.04409628149006
898 8432.688037965436 373.4888736200228
899 8450.175419995638 349.865305750689
900 8466.24450668904 325.25502452539513
901 8480.839770899485 299.74307140975725
902 8493.910778312635 273.41760361992056
903 8505.412361723105 246.3695894932025
904 8515.30477711088 218.6924941444595
905 8523.553840977813 190.48195649508853
906 8530.131048469582 161.83545879015583
907 8535.013671874996 132.85198974609375
908 8550.018554687496 132.8519744873047
909 8386.986328125011 409.1560058594041
910 8371.981445312511 409.1560058594041
911 8371.981445312511 59.02301025390625
912 8396.995933056638 52.32663474121364
913 8415.305852661939 34.01508411995019
914 8421.999999999996 9.000000000087311
915 8672.092773437496 8.999951362697175
916 8672.092773437496 24.007951736508403
917 8645.798354870309 37.1413057265745
918 8620.321060684942 51.79698434637976
919 8595.748928327219 67.92434452124871
920 8572.166867432967 85.46765774293453
921 8549.656366420593 104.36630264110863
922 8528.295210905748 124.55497446184745
923 8508.157214911142 145.9639107300609
924 8489.311965800265 168.51913231538492
925 8471.824583816477 192.14269906911068
926 8455.75549705834 216.7529791482666
927 8441.16023266876 242.26493109657895
928 8428.089224959494 268.5903977074486
929 8416.587641134127 295.638410653366
930 8406.695225211613 323.3155048294284
931 8398.446160689786 351.5260413243377
932 8391.868952423432 380.1725379030686
933 8941.141601562511 304.0312500000873
934 8695.450195312496 304.0313720702834
935 8669.554735950147 300.63053363817744
936 8645.423112303313 290.64027549355524
937 8624.70144019656 274.7420736226486
938 8608.803228843604 254.0204087907623
939 8598.812959656596 229.88878971536178
940 8595.412109374996 203.9933319092088
941 8595.412109374996 135.9679412842088
942 8598.813149854857 110.07265537139028
943 8608.803522788545 85.9412368988269
944 8624.701751961093 65.21976933424594
945 8645.423366841376 49.32173217221862
946 8669.554877885977 39.33158284617821
947 8695.450195312496 35.93078231808613
948 8937.441406249996 35.930667877197266
949 8938.820312499996 136.0478515625
950 8944.905273437496 141.9697265625
951 8945.283203124996 169.2119140625
952 8930.508789062496 183.9863281250873
953 8693.419921874996 183.9864501953998
954 8693.419921874996 205.9942626953998
955 8930.508789062496 205.994140625
956 8945.999999999996 221.0
957 8946.374999999996 248.0087890625
958 8940.452148437496 254.091796875
959 8865.092773437496 581.999938964902
960 8614.999999999996 582.0
961 8608.30585266196 556.9849158800789
962 8589.995933056653 538.6733652587864
963 8564.981445312496 531.9769897460938
964 8564.980468749996 181.84400939938496
965 8579.987304687496 181.8439941406832
966 8584.8698985607 210.82742202281952
967 8591.44707154496 239.4738809708797
968 8599.696096118674 267.68438270891784
969 8609.588467651552 295.3614454176859
970 8621.090002902823 322.40943058463745
971 8634.160958141914 348.73487348435447
972 8648.756166483556 374.2468061472173
973 8664.825193962617 398.8570717005641
974 8682.312513809436 422.48062899627257
975 8701.157698323466 445.035846471641
976 8721.295627682044 466.44478422851535
977 8742.656714962988 486.6334633557999
978 8765.167146603268 505.5321215647273
979 8788.749137462848 523.0754542534414
980 8813.321199612492 539.2028401682037
981 8838.798423916483 553.8585508808319
982 8865.092773437496 566.9919433594041
983 8581.999999999996 709.0
984 8544.486328124996 709.0
985 8519.723916237137 719.2512599871552
986 8509.472656249996 744.013671875
987 8087.314453124996 744.0137634277635
988 7665.156249999996 744.0138549804979
989 7665.156249999996 723.4962768554979
990 7956.309082031246 633.2174072265916
991 8247.461914062496 542.9385375976854
992 8566.994140624996 542.9384765625
993 8581.999999999996 557.9433593750873
994 8769.999999999996 844.0
995 8744.987914341047 850.6966820411617
996 8726.67937832882 869.006446880172
997 8719.984374999996 894.0189819335938
998 8369.851562499996 894.0189819335938
999 8369.851562499996 879.0139770508104
1000 8398.835073551887 874.1313525124278
1001 8427.481612577856 867.5541390362487
1002 8455.692190438433 859.3050644184405
1003 8483.369324473544 849.4126336312038
1004 8510.417375357316 837.9110303226917
1005 8536.742877583205 824.839998694195
1006 8562.254862437356 810.2447061627172
1007 8586.865172344285 794.1755872832437
1008 8610.488765498503 776.688169470377
1009 8633.044009729532 757.8428811214108
1010 8654.45296458479 737.7048428037378
1011 8674.641650655587 716.343642228574
1012 8693.540305215643 693.8330937879509
1013 8711.083623288669 670.2509834865923
1014 8727.210983312038 645.6788001494424
1015 8741.866656616785 620.2014538342773
1016 8754.999999999996 593.9069824219041
1017 8769.999999999996 593.9069824219041
1018 8978.343749999996 1011.0130004883104
1019 8556.185546874996 1011.0130920410447
1020 8134.027343749996 1011.0131835938082
1021 8123.775911007619 986.2510874205618
1022 8099.013671874996 976.0
1023 8060.999999999996 976.0
1024 8060.999999999996 868.4604492188082
1025 8326.099609374996 868.4603881835938
1026 8336.172283274555 893.5457473948773
1027 8361.112304687511 903.9730834960938
1028 8818.934570312496 903.9730224609957
1029 8978.343749999996 996.0090942383104
1030 8856.343749999996 1035.9903564453998
1031 8696.934570312496 1128.0264892578998
1032 8239.112304687496 1128.0267333984957
1033 8214.172283274555 1138.4540694997122
1034 8204.099609374996 1163.5394287109957
1035 7938.999999999996 1163.5395507813082
1036 7938.999999999996 1056.0
1037 7977.013671874996 1056.0
1038 8001.7759326018095 1045.7488910086395
1039 8012.027343749996 1020.9867553712102
1040 8434.185546874996 1020.9865722657123
1041 8856.343749999996 1020.9863891601854
1042 8724.999999999996 1245.0
1043 8686.986328124996 1245.0
1044 8662.224261744424 1255.250914852746
1045 8651.972656249996 1280.0126953125873
1046 8230.564941406246 1280.0127563477436
1047 7809.157226562496 1280.0128173828998
1048 7809.157226562496 1265.0069580078998
1049 7958.169921874996 1178.9747314452834
1050 8409.881835937496 1178.9747314452834
1051 8434.64331408191 1168.723427947436
1052 8444.894531249996 1143.9619140625
1053 8444.894531249996 1137.958984375
1054 8724.999999999996 1137.958984375
1055 8581.999999999996 1790.15234375
1056 8239.371582031246 1790.1524047851854
1057 7896.743164062496 1790.1524658203998
1058 7881.529296874996 1775.1485595702834
1059 7877.396484374996 1476.8028564452834
1060 7892.170898437496 1462.0284423827834
1061 8142.322265624996 1462.0284423827834
1062 8153.234498696238 1485.4870931298647
1063 8177.278320312496 1495.0411376953998
1064 8202.039755269823 1484.7898773401394
1065 8212.291015624996 1460.0284423827834
1066 8212.291015624996 1428.0167236328998
1067 8202.040100772316 1403.2546572522842
1068 8177.278320312496 1393.0030517577834
1069 8153.234178479292 1402.5574512002931
1070 8142.322265624996 1426.0167236327834
1071 7892.170898437496 1426.0167236327834
1072 7876.485351562496 1411.0098876953998
1073 7874.808593749996 1289.9639892577834
1074 8333.907226562496 1289.9638671875
1075 8333.907226562496 1333.8662109375
1076 8340.717282771042 1359.4612106312416
1077 8359.445169434362 1378.1894549700082
1078 8385.040039062496 1385.0
1079 8485.963867187496 1385.0
1080 8581.999999999996 1385.0
1081 8931.441406249996 1765.0693359375
1082 8689.450195312496 1765.0693359375
1083 8663.55490553565 1761.6685427934572
1084 8639.423416426402 1751.6784146658902
1085 8618.701812694027 1735.7804095899628
1086 8602.803580050157 1715.0589804540214
1087 8592.813186906216 1690.9276010598696
1088 8589.412109374996 1665.0323486327834
1089 8589.412109374996 1597.0069580077834
1090 8592.81292342809 1571.111467460054
1091 8602.803172853677 1546.9798101744964
1092 8618.701380812407 1526.2581077677896
1093 8639.423063819526 1510.3598745236523
1094 8663.554708914573 1500.3695956517477
1095 8689.450195312496 1496.96875
1096 8935.141601562496 1496.96875
1097 8934.452148437496 1546.908203125
1098 8940.374999999996 1552.9912109375873
1099 8939.999999999996 1580.0
1100 8924.508789062496 1595.0058593750873
1101 8687.419921874996 1595.0058593750873
1102 8687.419921874996 1617.013671875
1103 8924.508789062496 1617.013671875
1104 8939.283203124996 1631.7880859375
1105 8938.905273437496 1659.0302734375873
1106 8932.820312499996 1664.9521484375
1107 9293.999999999996 1476.056640625
1108 9278.994140624989 1491.0615234375
1109 8959.461914062496 1491.0616455078998
1110 8668.309082031246 1400.782958984404
1111 8377.156249999996 1310.5042724609084
1112 8377.156249999996 1289.9866943359957
1113 8799.314453125004 1289.9865112304979
1114 9221.472656250011 1289.986328125
1115 9231.723916237137 1314.748740012874
1116 9256.486328124996 1325.0
1117 9293.999999999996 1325.0
1118 9154.999999999996 1259.0
1119 9003.943359374996 1259.0
1120 8988.938476562496 1243.994140625
1121 8988.938476562496 924.4619140625873
1122 9079.217285156246 633.3090820312791
1123 9169.496093749996 342.15625
1124 9190.013671874996 342.15625
1125 9190.013671874996 764.314453125
1126 9190.013671874996 1186.47265625
1127 9165.251259987137 1196.7239162371552
1128 9154.999999999996 1221.486328125
1129 8978.004882812496 925.8427734375
1130 8956.987304687496 925.8427734375
1131 8956.987304687496 504.18457794189453
1132 8956.987304687496 82.52638244628906
1133 8981.748745043176 72.27511669826345
1134 8991.999999999996 47.513671875
1135 8991.999999999996 10.0
1136 9149.559570312496 9.999938964901958
1137 9164.565429687496 25.00481605529785
1138 9164.565429687496 325.16009521490196
1139 9071.285156249996 625.501434326201
GTSP_SET_SECTION
1 1 -1
2 2 3 4 5 6 7 8 9 10 11 -1
3 12 13 14 15 16 17 18 19 20 21 -1
4 22 23 24 25 26 27 28 29 30 31 32 -1
5 33 34 35 36 37 38 39 40 41 42 43 44 45 46 47 48 49 50 51 52 53 54 55 -1
6 56 57 58 59 60 61 62 63 64 65 66 67 68 69 70 71 72 73 74 75 76 77 78 79 80 81 82 83 84 85 86 87 88 -1
7 89 90 91 92 93 94 95 96 97 98 99 100 101 102 103 104 105 106 107 108 109 110 111 112 113 114 115 116 117 118 -1
8 119 120 121 122 123 124 125 126 127 128 129 130 131 132 133 134 135 136 137 138 139 140 141 -1
9 142 143 144 145 146 147 148 149 150 151 152 153 154 155 156 157 158 159 160 161 162 163 164 -1
10 165 166 167 168 169 170 171 172 173 174 175 176 177 -1
11 178 179 180 181 182 183 184 185 186 187 188 189 190 191 192 193 194 195 196 197 198 199 200 201 202 203 204 205 206 207 208 209 210 -1
12 211 212 213 214 215 216 217 218 219 220 221 222 223 224 225 226 227 228 229 230 231 232 233 -1
13 234 235 236 237 238 239 240 241 242 243 244 245 246 247 248 249 250 251 252 253 254 255 256 257 258 259 260 261 262 263 264 265 266 267 268 269 270 -1
14 271 272 273 274 275 276 277 278 279 280 281 282 283 -1
15 284 285 286 287 288 289 290 291 292 293 294 -1
16 295 296 297 298 299 300 301 302 303 304 305 306 307 308 309 310 311 312 313 314 315 316 317 318 319 320 321 322 323 324 325 326 327 328 329 330 331 332 333 334 335 336 337 338 339 340 341 342 343 344 345 346 347 348 349 350 351 352 353 354 355 356 357 358 359 360 361 362 363 364 365 366 367 368 369 370 371 372 373 374 375 376 377 378 379 380 381 382 383 384 385 386 387 388 389 390 391 392 393 394 395 396 397 398 399 400 401 402 403 404 405 406 407 408 409 410 411 412 413 414 -1
17 415 416 417 418 419 420 421 422 423 424 425 426 427 428 429 430 431 432 433 434 435 436 437 438 439 440 441 442 443 444 445 446 447 448 449 450 451 452 453 454 455 456 457 458 459 460 461 462 463 464 465 466 467 468 469 470 471 472 473 474 475 476 477 478 479 480 481 482 483 484 485 486 487 488 489 490 491 492 493 494 495 496 497 498 499 500 501 502 503 504 505 506 507 508 509 510 511 512 513 514 515 516 517 518 519 520 521 522 523 524 525 526 527 528 529 530 531 532 533 534 -1
18 535 536 537 538 539 540 541 542 543 544 545 546 547 548 549 550 551 552 553 554 555 556 557 558 559 560 561 562 563 564 565 566 567 568 569 570 571 -1
19 572 573 574 575 576 577 578 579 580 581 582 583 584 585 586 587 588 589 590 591 592 593 594 595 -1
20 596 597 598 599 600 601 602 603 604 605 606 607 608 609 610 611 612 613 614 615 616 617 618 619 -1
21 620 621 622 623 624 625 626 627 628 629 630 631 632 633 634 635 636 637 638 639 640 641 642 643 644 645 -1
22 646 647 648 649 650 651 652 653 654 655 656 657 658 -1
23 659 660 661 662 663 664 665 666 667 668 669 670 671 -1
24 672 673 674 675 676 677 678 679 680 681 682 683 684 685 686 687 688 689 690 691 692 693 694 695 696 697 698 699 700 701 -1
25 702 703 704 705 706 707 708 709 710 711 712 713 714 715 716 717 718 719 720 721 722 723 724 725 -1
26 726 727 728 729 730 731 732 733 734 735 736 737 738 739 740 741 742 743 744 745 746 747 748 749 -1
27 750 751 752 753 754 755 756 757 758 759 760 761 762 763 764 765 766 767 768 769 770 771 772 773 -1
28 774 775 776 777 778 779 780 781 782 783 784 785 786 -1
29 787 788 789 790 791 792 793 794 795 796 797 -1
30 798 799 800 801 802 803 804 805 806 807 808 809 810 811 812 813 814 815 816 817 818 819 820 821 822 823 -1
31 824 825 826 827 828 829 830 831 832 833 834 835 836 837 838 839 840 841 842 843 844 845 846 847 -1
32 848 849 850 851 852 853 854 855 856 857 858 -1
33 859 860 861 862 863 864 865 866 867 868 869 870 871 872 873 874 875 876 877 878 879 880 881 882 883 884 -1
34 885 886 887 888 889 890 891 892 893 894 895 896 897 898 899 900 901 902 903 904 905 906 907 908 -1
35 909 910 911 912 913 914 915 916 917 918 919 920 921 922 923 924 925 926 927 928 929 930 931 932 -1
36 933 934 935 936 937 938 939 940 941 942 943 944 945 946 947 948 949 950 951 952 953 954 955 956 957 958 -1
37 959 960 961 962 963 964 965 966 967 968 969 970 971 972 973 974 975 976 977 978 979 980 981 982 -1
38 983 984 985 986 987 988 989 990 991 992 993 -1
39 994 995 996 997 998 999 1000 1001 1002 1003 1004 1005 1006 1007 1008 1009 1010 1011 1012 1013 1014 1015 1016 1017 -1
40 1018 1019 1020 1021 1022 1023 1024 1025 1026 1027 1028 1029 -1
41 1030 1031 1032 1033 1034 1035 1036 1037 1038 1039 1040 1041 -1
42 1042 1043 1044 1045 1046 1047 1048 1049 1050 1051 1052 1053 1054 -1
43 1055 1056 1057 1058 1059 1060 1061 1062 1063 1064 1065 1066 1067 1068 1069 1070 1071 1072 1073 1074 1075 1076 1077 1078 1079 1080 -1
44 1081 1082 1083 1084 1085 1086 1087 1088 1089 1090 1091 1092 1093 1094 1095 1096 1097 1098 1099 1100 1101 1102 1103 1104 1105 1106 -1
45 1107 1108 1109 1110 1111 1112 1113 1114 1115 1116 1117 -1
46 1118 1119 1120 1121 1122 1123 1124 1125 1126 1127 1128 -1
47 1129 1130 1131 1132 1133 1134 1135 1136 1137 1138 1139 -1
GTSP_SET_ORDERING
EOF