NAME: Lc49v1542
TYPE: PCGTSP 
COMMENT: 
DIMENSION: 1543
GTSP_SETS: 50
EDGE_WEIGHT_TYPE: EUC_2D
NODE_COORD_SECTION
1 0.0 0.0
2 1303.0 830.0000000002328
3 1183.0 830.0000000002328
4 1183.0 800.000000000291
5 1180.0710678118885 792.9289321883698
6 1173.0 790.0000000002328
7 1133.0 790.0000000002328
8 1125.9289321881115 792.9289321883698
9 1123.0 800.000000000291
10 1123.0 830.0000000002328
11 1003.0 830.0000000002328
12 1003.0 670.0000000002328
13 1123.0 670.0000000002328
14 1123.0 700.0
15 1125.928932188086 707.0710678119794
16 1133.0 710.000000000291
17 1173.0 710.000000000291
18 1180.071067811914 707.0710678119794
19 1183.0 700.0
20 1183.0 670.0000000002328
21 1303.0 670.0000000002328
22 1270.0 1000.0
23 1150.0 1000.0
24 1150.0 970.0000000002328
25 1147.0710678118157 962.9289321884862
26 1140.0 960.0000000005239
27 1100.0 960.0000000005239
28 1092.9289321881843 962.9289321884862
29 1090.0 970.0000000002328
30 1090.0 1000.0
31 970.0 1000.0
32 970.0 840.0
33 1090.0 840.0
34 1090.0 870.000000000291
35 1092.9289321881552 877.0710678120959
36 1100.0 880.0000000002328
37 1140.0 880.0000000002328
38 1147.0710678118448 877.0710678120959
39 1150.0 870.000000000291
40 1150.0 840.0
41 1270.0 840.0
42 1270.0 1170.0000000004075
43 1150.0 1170.0000000004075
44 1150.0 1140.0000000001164
45 1147.0710678118412 1132.9289321883116
46 1140.0 1130.0000000002328
47 1100.0 1130.0000000002328
48 1092.9289321881588 1132.9289321883116
49 1090.0 1140.0000000001164
50 1090.0 1170.0000000004075
51 970.0 1170.0000000004075
52 970.0 1010.0000000004075
53 1090.0 1010.0000000004075
54 1090.0 1040.0000000002328
55 1092.9289321881333 1047.0710678120959
56 1100.0 1050.000000000291
57 1140.0 1050.000000000291
58 1147.0710678118667 1047.0710678120959
59 1150.0 1040.0000000002328
60 1150.0 1010.0000000004075
61 1270.0 1010.0000000004075
62 2562.3193359375 2610.6323242189246
63 2111.6884765625 2610.6323242189246
64 1661.0576171875 2610.6323242189246
65 1210.4267578125 2610.6323242189246
66 759.7958984375 2610.6323242189246
67 309.1650390625 2610.6323242189246
68 59.0712890625 2610.6323242189246
69 52.37565538636409 2585.619123549899
70 34.065935043992795 2567.3094032075023
71 9.052734375 2560.613769531308
72 9.052734375 2063.92753906257
73 9.052734375 1567.2413085938897
74 9.052734375 1070.5550781251513
75 9.052734375 573.8688476564712
76 9.052734375 77.18261718773283
77 34.06607608616832 70.4869022098137
78 52.375818263994006 52.17698129225755
79 59.0712890625 27.16357421904104
80 59.0712890625 22.161621093924623
81 532.4970703125 22.161621093924623
82 1005.9228515625 22.161621093924623
83 1479.3486328125 22.161621093924623
84 1482.7880859375 27.16357421904104
85 1590.515625 183.85205078142462
86 1609.8723886538173 197.72068351932103
87 1633.6220703125 195.99560546892462
88 1644.7975222810965 221.14105982077308
89 1655.9481825055627 246.29751779523212
90 1667.0740401514668 271.46495494933333
91 1678.1750844084854 296.64334682939807
92 1689.2513044904154 321.8326689711539
93 1700.3026896351585 347.03289689956
94 1711.329229104762 372.24400612921454
95 1722.3309121854 397.4659721639473
96 1733.3077281874102 422.69877049705246
97 1744.2596664452867 447.94237661146326
98 1755.1867163176976 473.1967659794027
99 1766.0888671875 498.46191406279104
100 1777.1272779231258 524.0615928020561
101 1788.145602989931 549.6699230061495
102 1799.1438356072504 575.2868889158126
103 1810.1219690067664 600.9124747663154
104 1821.0799964325597 626.5466647878056
105 1832.0179111410762 652.1894432049012
106 1842.9357064011201 677.8407942372141
107 1853.8333754939085 703.5007020987687
108 1864.7109117130094 729.1691509985831
109 1875.5683083644144 754.8461251403205
110 1886.4055587664843 780.5316087223473
111 1897.22265625 806.2255859379075
112 1653.09765625 904.9887695313082
113 1639.3914828072666 918.5404324517585
114 1639.3994140625 937.814941406541
115 1661.4267578125 990.5307617186918
116 1674.870466155331 1003.9735635250108
117 1693.8818359375 1004.073730469041
118 1707.138993611792 991.5685635670088
119 1708.384765625 973.386718750291
120 1883.384765625 902.5898437499418
121 1899.1110599313615 923.3752636298304
122 1923.161273068039 933.4220173479989
123 1949.0 930.0000000001164
124 1960.3924111089145 957.410823683138
125 1971.7619222587746 984.8311537699192
126 1983.1085255169673 1012.2609711291152
127 1994.4322129668435 1039.700256622571
128 2005.7329767077754 1067.148991105787
129 2017.010808855106 1094.607155427395
130 2028.2657015401928 1122.0747304296237
131 2039.4976469103785 1149.5516969480668
132 2050.706637129042 1177.0380358118564
133 2061.8926643755694 1204.5337278434308
134 2073.0557208453465 1232.0387538588257
135 2084.1957987498245 1259.5530946675572
136 2095.3128903164543 1287.0767310725641
137 2106.4069877887378 1314.6096438703826
138 2117.47808342622 1342.151813850971
139 2128.5261695045047 1369.7032217980013
140 2139.5512383152163 1397.2638484885683
141 2150.5532821660818 1424.8336746933055
142 2161.532293380864 1452.4126811765018
143 2172.488264299398 1480.0008486961015
144 2183.421187277614 1507.5981580034713
145 2194.3310546875 1535.2045898438082
146 2205.2036224751246 1562.6920340005308
147 2216.065982084914 1590.1835137765156
148 2226.9181320189273 1617.6790253807558
149 2237.760070780645 1645.1785650214879
150 2248.591796875 1672.6821289065992
151 2022.01953125 1759.3276367190992
152 2008.0700804030093 1772.585259028012
153 2007.6728515625 1791.8256835936918
154 2027.4375 1842.1811523440992
155 2040.6154457261255 1855.9265454779961
156 2059.6513671875 1856.403808594041
157 2073.141650297781 1844.154488426051
158 2074.734375 1826.0024414065992
159 2245.5517578125 1760.6772460939246
160 2264.111570086796 1780.2068946550135
161 2291.0478515625 1780.764160156541
162 2300.5433836619086 1804.9999856206123
163 2310.0309900899774 1829.2389148469665
164 2319.510669832238 1853.4809452437912
165 2328.982421875 1877.7260742188082
166 2323.4580187643405 1883.026676641195
167 2323.3017578125 1890.6811523439246
168 2330.57421875 1909.320800781541
169 2335.8735581725487 1914.8455063333968
170 2343.52734375 1915.003417969041
171 2352.956023829309 1939.1987272622064
172 2362.3768103582734 1963.3971111133578
173 2371.7897023343285 1987.5985669472138
174 2381.1946987557494 2011.80309218826
175 2390.5917986216555 2036.0106842605746
176 2399.9810009319663 2060.221340588061
177 2409.3623046875 2084.4350585940992
178 2419.662366060602 2111.0664757606573
179 2429.9599531114836 2137.698849772685
180 2440.2550657511492 2164.332180400379
181 2450.547703890774 2190.9664674138185
182 2460.8378674414744 2217.6017105830833
183 2471.125556314484 2244.2379096783698
184 2481.41077042092 2270.875064469583
185 2491.6935096720736 2297.5131747268606
186 2501.973773979178 2324.152240220341
187 2512.251563253467 2350.792260719987
188 2522.5268774061733 2377.4332359958207
189 2532.7997163487053 2404.0751658179797
190 2543.0700799923543 2430.7180499564856
191 2553.337968248412 2457.3618881812436
192 2563.6033810283443 2484.0066802623332
193 2573.866318243443 2510.6524259698344
194 2584.126779805174 2537.299125073594
195 2594.384765625 2563.946777343692
196 2577.5750562620087 2574.663571128971
197 2566.288519672642 2591.0961634297273
198 1159.4833984375 577.369628906541
199 1131.0060434310835 579.3965909741237
200 1103.1074306460396 585.457591556129
201 1076.3560419710557 595.4291274129646
202 1051.2969826440203 609.1080114694196
203 1028.4408738017155 626.2155130980536
204 1008.2534477019763 646.403037732176
205 991.1460576334102 669.2592300752876
206 977.467295889539 694.3183561681653
207 967.4958906053762 721.0697935135686
208 961.4350261955915 748.968435881834
209 959.408203125 777.4458007814246
210 959.408203125 1177.594726562791
211 961.4350261955842 1206.0720914623816
212 967.4958906053616 1233.970733830647
213 977.4672958895208 1260.7221711760503
214 991.1460576333884 1285.7812972689862
215 1008.2534477019508 1308.6374896120979
216 1028.4408738016937 1328.8250142462202
217 1051.2969826439985 1345.9325158748543
218 1076.3560419710338 1359.6113999313093
219 1103.107430646025 1369.582935788203
220 1131.0060434310763 1375.6439363702084
221 1159.4833984375 1377.670898437791
222 1187.9607534439237 1375.6439363702084
223 1215.859366228975 1369.582935788203
224 1242.6107549039662 1359.6113999313093
225 1267.6698142310015 1345.9325158748543
226 1290.5259230733063 1328.8250142462202
227 1310.7133491730492 1308.6374896120979
228 1327.8207392416116 1285.7812972689862
229 1341.4995009854792 1260.7221711760503
230 1351.4709062696384 1233.970733830647
231 1357.5317706794158 1206.0720914623816
232 1359.55859375 1177.594726562791
233 1359.55859375 777.4458007814246
234 1357.5317706794085 748.968435881834
235 1351.4709062696238 721.0697935135686
236 1341.499500985461 694.3183561681653
237 1327.8207392415898 669.2592300752876
238 1310.7133491730237 646.403037732176
239 1290.5259230732845 626.2155130980536
240 1267.6698142309797 609.1080114694196
241 1242.6107549039443 595.4291274129646
242 1215.8593662289604 585.457591556129
243 1187.9607534439165 579.3965909741237
244 3395.0 1246.0
245 3274.999999999989 1246.0
246 3274.999999999989 1216.0000000002328
247 3272.0710678118558 1208.9289321883698
248 3265.0 1206.000000000291
249 3225.0 1206.000000000291
250 3217.928932188137 1208.9289321883698
251 3215.0 1216.0000000002328
252 3215.0 1246.0
253 3095.0 1246.0
254 3095.0 1086.0000000004075
255 3215.0 1086.0000000004075
256 3215.0 1116.000000000291
257 3217.928932188159 1123.0710678120959
258 3225.0 1126.0000000001164
259 3265.0 1126.0000000001164
260 3272.071067811834 1123.0710678120959
261 3274.999999999989 1116.000000000291
262 3274.999999999989 1086.0000000004075
263 3395.0 1086.0000000004075
264 3434.0 1038.0000000004075
265 3274.0 1038.0000000004075
266 3274.0 918.0000610355055
267 3304.0 918.000000000291
268 3311.0710678118667 915.0710678120959
269 3314.0 908.0000000002328
270 3314.0 868.0
271 3311.0710678118157 860.9289321882534
272 3304.0 858.0000000002328
273 3274.0 858.0000610352145
274 3274.0 738.0000610353309
275 3434.0 738.0000000002328
276 3434.0 858.0000000002328
277 3404.0 858.0000000002328
278 3396.9289321881843 860.9289321882534
279 3394.0 868.0
280 3394.0 908.0000000002328
281 3396.9289321881333 915.0710678120959
282 3404.0 918.000000000291
283 3434.0 918.000000000291
284 3376.0 728.0
285 3256.0 728.0
286 3256.0 698.0000000002328
287 3253.071067811863 690.9289321883698
288 3246.0 688.000000000291
289 3206.0 688.000000000291
290 3198.928932188137 690.9289321883698
291 3196.0 698.0000000002328
292 3196.0 728.0
293 3076.0 728.0
294 3076.0 568.000000000291
295 3196.0 568.000000000291
296 3196.0 598.0000000002328
297 3198.928932188159 605.0710678120377
298 3206.0 608.0000000001164
299 3246.0 608.0000000001164
300 3253.071067811841 605.0710678120377
301 3256.0 598.0000000002328
302 3256.0 568.000000000291
303 3376.0 568.000000000291
304 3263.0 898.000000000291
305 3143.0 898.000000000291
306 3143.0 868.0
307 3140.0710678118157 860.9289321882534
308 3133.0 858.0000000002328
309 3093.0 858.0000000002328
310 3085.9289321881843 860.9289321882534
311 3083.0 868.0
312 3083.0 898.000000000291
313 2962.999999999989 898.000000000291
314 2962.999999999989 738.0000000002328
315 3083.0 738.0000000002328
316 3083.0 768.0000000002328
317 3085.9289321881333 775.0710678120959
318 3093.0 778.000000000291
319 3133.0 778.000000000291
320 3140.0710678118667 775.0710678120959
321 3143.0 768.0000000002328
322 3143.0 738.0000000002328
323 3263.0 738.0000000002328
324 3263.999999999989 1068.0000000002328
325 3144.0 1068.0000000002328
326 3144.0 1038.0000000004075
327 3141.0710678119394 1030.9289321883698
328 3134.0 1028.0
329 3094.0 1028.0
330 3086.9289321880606 1030.9289321883698
331 3084.0 1038.0000000004075
332 3084.0 1068.0000000002328
333 2964.0 1068.0000000002328
334 2964.0 908.0000000002328
335 3084.0 908.0000000002328
336 3084.0 938.0
337 3086.928932188086 945.0710678119794
338 3094.0 948.0000000002328
339 3134.0 948.0000000002328
340 3141.071067811914 945.0710678119794
341 3144.0 938.0
342 3144.0 908.0000000002328
343 3263.999999999989 908.0000000002328
344 4217.0 1756.0000000001164
345 4057.0 1756.0000000001164
346 4057.0 1636.0000000002328
347 4087.0 1636.0000000002328
348 4094.071067811845 1633.0710678120959
349 4097.0 1626.000000000291
350 4097.0 1586.0000000002328
351 4094.0710678118194 1578.9289321884862
352 4087.0 1576.0000000004075
353 4057.0 1576.0000000004075
354 4057.0 1456.0000000001164
355 4217.0 1456.0000000001164
356 4217.0 1576.0000000004075
357 4187.0 1576.0000000004075
358 4179.928932188181 1578.9289321884862
359 4177.0 1586.0000000002328
360 4177.0 1626.000000000291
361 4179.928932188155 1633.0710678120959
362 4187.0 1636.0000000002328
363 4217.0 1636.0000000002328
364 4172.0 1446.0000000002328
365 4052.0 1446.0000000002328
366 4052.0 1416.000000000291
367 4049.071067811892 1408.9289321883698
368 4042.0 1406.0000000001164
369 4002.0 1406.0000000001164
370 3994.928932188108 1408.9289321883698
371 3992.0 1416.000000000291
372 3992.0 1446.0000000002328
373 3872.0 1446.0000000002328
374 3872.0 1286.0000000002328
375 3992.0 1286.0000000002328
376 3992.0 1316.0000000001164
377 3994.9289321881115 1323.0710678120377
378 4002.0 1326.0000000002328
379 4042.0 1326.0000000002328
380 4049.0710678118885 1323.0710678120377
381 4052.0 1316.0000000001164
382 4052.0 1286.0000000002328
383 4172.0 1286.0000000002328
384 4047.0 1625.0000000004075
385 3927.0 1625.0000000004075
386 3927.0 1595.0000000001164
387 3924.0710678118194 1587.9289321883698
388 3917.0 1585.000000000291
389 3877.0 1585.000000000291
390 3869.9289321881806 1587.9289321883698
391 3867.0 1595.0000000001164
392 3867.0 1625.0000000004075
393 3747.0 1625.0000000004075
394 3747.0 1465.000000000291
395 3867.0 1465.000000000291
396 3867.0 1495.0000000002328
397 3869.9289321881843 1502.0710678119794
398 3877.0 1505.0
399 3917.0 1505.0
400 3924.0710678118157 1502.0710678119794
401 3927.0 1495.0000000002328
402 3927.0 1465.000000000291
403 4047.0 1465.000000000291
404 4047.0 1795.0000000002328
405 3927.0 1795.0000000002328
406 3927.0 1765.0000000005239
407 3924.071067811936 1757.9289321884862
408 3917.0 1755.0000000002328
409 3877.0 1755.0000000002328
410 3869.928932188064 1757.9289321884862
411 3867.0 1765.0000000005239
412 3867.0 1795.0000000002328
413 3747.0 1795.0000000002328
414 3747.0 1635.0000000001164
415 3867.0 1635.0000000001164
416 3867.0 1665.0000000001164
417 3869.9289321880897 1672.0710678120959
418 3877.0 1675.000000000291
419 3917.0 1675.000000000291
420 3924.0710678119103 1672.0710678120959
421 3927.0 1665.0000000001164
422 3927.0 1635.0000000001164
423 4047.0 1635.0000000001164
424 4180.0 1976.0000000004075
425 4060.0 1976.0000000004075
426 4060.0 1946.0000000001164
427 4057.071067811841 1938.9289321883116
428 4050.0 1936.0000000002328
429 4009.999999999989 1936.0000000002328
430 4002.928932188155 1938.9289321883116
431 4000.0 1946.0000000001164
432 4000.0 1976.0000000004075
433 3880.0 1976.0000000004075
434 3880.0 1816.0000000002328
435 4000.0 1816.0000000002328
436 4000.0 1846.0000000002328
437 4002.928932188086 1853.0710678122123
438 4009.999999999989 1856.0000000004075
439 4050.0 1856.0000000004075
440 4057.0710678119103 1853.0710678122123
441 4060.0 1846.0000000002328
442 4060.0 1816.0000000002328
443 4180.0 1816.0000000002328
444 5224.0869140625 2542.9489746094914
445 5199.073713393525 2549.6446082856273
446 5180.763993051158 2567.954328628024
447 5174.068359375 2592.9675292969914
448 4923.875 2593.4677734379075
449 4472.533007812501 2593.4679199223174
450 4021.1910156250015 2593.468066406669
451 3569.849023437502 2593.468212891079
452 3118.5070312499993 2593.4683593754307
453 2667.1650390625 2593.4685058598407
454 2661.416506691341 2570.1646542622475
455 2645.4704001108294 2552.2248435434303
456 2623.0014365870557 2543.7832322119502
457 2599.1875 2546.7851562504075
458 2588.4340949264624 2518.8048669305863
459 2577.6834189335386 2490.8235289212316
460 2566.9354721233867 2462.8411424886435
461 2556.1902545983357 2434.857707898773
462 2545.4477664606566 2406.8732254181523
463 2534.7080078125 2378.887695312791
464 2524.247063361432 2351.7322612365824
465 2513.7895968792764 2324.5754876163555
466 2503.335608537691 2297.4173748978646
467 2492.885098508097 2270.25792352634
468 2482.4380669618877 2243.0971339473035
469 2471.994514070513 2215.9350066063926
470 2461.5544400051913 2188.7715419490705
471 2451.1178449372273 2161.606740420917
472 2440.684729037752 2134.440602467337
473 2430.2550924779534 2107.2731285341433
474 2419.8289354289045 2080.104319066915
475 2409.406258061532 2052.934174511174
476 2398.9870605468677 2025.7626953127328
477 2606.1159667968677 1947.606323242304
478 2620.1048075373437 1934.4551049469737
479 2620.6423339843677 1915.262573242304
480 2602.3815917968786 1867.581909179804
481 2589.2739923673 1853.7089366706787
482 2570.1970214843677 1853.1278076175367
483 2556.6585093819995 1865.3178767947247
484 2554.9870605468786 1883.4588623049203
485 2403.8171386718677 1940.5000000002328
486 2385.403788300722 1920.9154865351156
487 2358.5329589843786 1920.1650390626164
488 2348.391677650743 1893.666036931565
489 2338.2537053769374 1867.165768646053
490 2328.1190423210246 1840.6642346193548
491 2317.9876886410966 1814.1614352645702
492 2307.8596444951 1787.6573709950317
493 2297.734910040981 1761.1520422241301
494 2287.61348543657 1734.645449364907
495 2277.495370839697 1708.1375928308116
496 2267.380566408163 1681.6284730351763
497 2257.2690722996813 1655.118090391392
498 2247.1608886718677 1628.6064453127328
499 2237.233394671948 1602.6680839868495
500 2227.298886234992 1576.7324084123247
501 2217.3573640875584 1550.799420486088
502 2207.4088289568062 1524.8691221047775
503 2197.453281570317 1498.9415151649737
504 2187.49072265625 1473.0166015629075
505 2193.043436283231 1467.742630861816
506 2193.23681640625 1460.0869140627328
507 2186.05322265625 1441.4130859377328
508 2180.7790023464113 1435.8609668565332
509 2173.12353515625 1435.6679687501164
510 2164.3568074432733 1412.90192842111
511 2155.584671861612 1390.1379712871858
512 2146.80712890625 1367.3760986330453
513 2353.15478515625 1288.4853515625
514 2367.080522254775 1275.287677888933
515 2367.55224609375 1256.107421875291
516 2349.14599609375 1208.4921875002328
517 2335.980697825169 1194.654191701673
518 2316.88720703125 1194.1503906252328
519 2303.4036577851475 1206.3997266026563
520 2301.81201171875 1224.5468750001164
521 2151.23876953125 1282.1134033205453
522 2132.8332238193107 1262.650440791389
523 2106.05615234375 1261.9024658206035
524 2098.186728675606 1241.5691106952727
525 2090.31298828125 1221.2374267580453
526 2080.058027070121 1194.7559111161972
527 2069.810975154007 1168.2713339597103
528 2059.5718334468293 1141.7836976507679
529 2049.3406028619393 1115.2930045520188
530 2039.117284311873 1088.799257026345
531 2028.9018787085115 1062.3024574368028
532 2018.694386962965 1035.8026081466815
533 2008.4948099857756 1009.2997115197359
534 1998.303148686642 982.7937699198956
535 1988.1194039745933 956.2847857113229
536 1977.943576757989 929.7727612584131
537 1967.7756679444756 903.2576989259687
538 1957.6156784409432 876.7396010790253
539 1947.4636091536413 850.2184700828511
540 1937.319460988063 823.6943083029473
541 1927.183234849017 797.167118105106
542 1917.0549316406177 770.636901855527
543 1909.2831124464028 750.1199378763558
544 1901.5637207031286 729.5831909181434
545 2108.8674316406177 654.6299438481219
546 2123.0244123990196 641.7021201461903
547 2123.8625488281177 622.5488891606219
548 2106.3908691406177 574.5957641603309
549 2093.483665528358 560.4965355922468
550 2074.3879394531286 559.6378173830453
551 2060.6845951535397 571.6396139963181
552 2058.7629394531177 589.7540283205453
553 1907.4611816406286 644.458190918318
554 1889.3949504304292 624.6548787140055
555 1862.6164550781177 623.4415893556434
556 1853.3765694150425 597.6094170949073
557 1844.2192341969094 571.7478660494671
558 1835.1445428332627 545.8572000204003
559 1826.1525878906177 519.937683105818
560 1817.3373757092013 494.09863044298254
561 1808.6808712376915 468.20597629842814
562 1800.1834003734912 442.26069547072984
563 1791.8452830267597 416.26376473979326
564 1783.6668331083529 390.21616283006733
565 1775.6483585180176 364.11887037358247
566 1767.7901611328089 337.9728698731051
567 1760.1539096768902 311.8941152422922
568 1752.7049907202236 285.76123584166635
569 1745.4437878281315 259.575577325013
570 1738.3706748999139 233.33848806389142
571 1731.4860161496072 207.05131907819305
572 1724.790166087223 180.71542396646691
573 1718.283469500493 154.3321588364779
574 1711.9662614371118 127.9028822350665
575 1705.8388671875 101.42895507829962
576 1701.0844786227572 80.22572538792156
577 1696.470703125 58.991455078241415
578 1717.0139577000919 49.550118435989134
579 1731.298388620511 32.02530233399011
580 1736.4033203125 10.000229835801292
581 1990.18603515625 10.000130653730594
582 2243.96875 10.000031471601687
583 2258.974609375 25.005886077997275
584 2258.974609375 145.13088989281096
585 2242.59454619031 153.09574817022076
586 2235.9658203125 170.06057739281096
587 2243.2884943794925 187.74738302844344
588 2260.9755859375 195.06936645531096
589 2300.990234375 195.06935119669652
590 2318.677331331426 187.74736237694742
591 2326.0 170.06054687523283
592 2326.0 10.00000000023283
593 2752.826497395832 9.999833742971532
594 3179.652994791668 9.999667485768441
595 3606.4794921875 9.999501228507143
596 3621.4853515625 25.0053558354266
597 3621.4853515625 165.13719177281018
598 3605.105283199824 173.10205565497745
599 3598.4765625 190.06689453159925
600 3605.798896460983 207.7543217280181
601 3623.486328125 215.07664489740273
602 3667.5029296875 215.0766296389047
603 3685.189740721733 207.75395017903065
604 3692.51171875 190.06684875494102
605 3692.51171875 9.999467850138899
606 3823.5615234375 9.999416351492982
607 4115.1708984375 9.999302864365745
608 4406.7802734375 9.999189377238508
609 4421.78515625 25.00504303019261
610 4421.78515625 165.13688659691252
611 4405.405710924086 173.10205545538338
612 4398.77734375 190.0665740967379
613 4406.099332575359 207.75365578883793
614 4423.7861328125 215.07632446312346
615 4467.802734374989 215.07630920450902
616 4485.49017143781 207.7539806421264
617 4492.8125 190.06654357921798
618 4492.8125 9.999155998404603
619 4833.43994140625 9.999023437558208
620 5174.0673828125 9.998890876711812
621 5180.763023169075 35.012083080015145
622 5199.072742615859 53.32179519580677
623 5224.0859375 60.01742553740041
624 5224.086181640625 458.66734313988127
625 5224.08642578125 857.3172607424203
626 5209.08154296875 872.3221435548039
627 5068.94873046875 872.3221435548039
628 5060.983852779544 855.9421189864515
629 5044.01904296875 849.3134155275184
630 5026.332237333114 856.6360895944526
631 5019.01025390625 874.323181152402
632 5019.01025390625 918.3397827151348
633 5026.33223733307 936.0268742732005
634 5044.01904296875 943.349548340193
635 5224.08642578125 943.349487305095
636 5224.08642578125 1332.494995117595
637 5224.08642578125 1721.640502930095
638 5209.08154296875 1736.6463623047457
639 5068.94873046875 1736.6463623047457
640 5060.984182788132 1720.2656812553178
641 5044.01904296875 1713.636596679804
642 5026.331891817175 1720.959615882195
643 5019.01025390625 1738.647338867304
644 5019.01025390625 1782.6639404299203
645 5026.332582831099 1800.3504005675786
646 5044.01904296875 1807.6727294924203
647 5224.08642578125 1807.6727294924203
648 5224.086669921875 2175.310852050956
649 2510.0693359375 50.01555252104299
650 2517.3916689110265 67.70200525934342
651 2535.078125 75.0243301395094
652 2552.764587836853 67.70199851808138
653 2560.0869140625 50.01553344732383
654 2552.7649272615417 32.328448055603076
655 2535.078125 25.00577735924162
656 2517.391315990226 32.328454796690494
657 1961.86328125 50.015766144148074
658 1969.1859593657973 67.70256438024808
659 1986.873046875 75.02454376243986
660 2004.5595097118057 67.70221214107005
661 2011.8818359375 50.015747070428915
662 2004.55984913652 32.328661678766366
663 1986.873046875 25.00599098240491
664 1969.1856064380809 32.32832291506929
665 4030.1394042968677 2030.257202148845
666 4059.559050037482 2028.8222355797188
667 4088.6961791036956 2024.509186271287
668 4117.269917767077 2017.3596308057895
669 4145.004823224212 2007.4424888867652
670 4171.633538787843 1994.8533589728759
671 4196.89937113013 1979.7135967353242
672 4220.5587647341345 1962.1691452235682
673 4242.3836497004995 1942.389128015202
674 4262.1636402771 1920.56421891239
675 4279.708062918555 1896.9048038998153
676 4294.847794325542 1871.6389530833112
677 4307.436891745841 1845.0102221578709
678 4317.353999821415 1817.275304599374
679 4324.503520419927 1788.7015572118107
680 4328.816534173842 1759.5644228826277
681 4330.25146484375 1730.1447753910325
682 4330.25146484375 1530.0695800782414
683 4328.816510241024 1500.6499337539426
684 4324.503472784119 1471.512802933401
685 4317.353928940935 1442.9390613620053
686 4307.436798303072 1415.2041518710903
687 4294.847679220369 1388.5754311868222
688 4279.707927259678 1363.3095926864771
689 4262.163485371355 1339.6501919463044
690 4242.383477040246 1317.8252989344182
691 4220.558575982897 1298.0452994805528
692 4196.8991681065345 1280.5008672156837
693 4171.633323448099 1265.3611255318392
694 4145.004597643252 1252.7720172803383
695 4117.269684118561 1242.8548979236512
696 4088.695939639045 1235.705365702801
697 4059.5588070641934 1231.3923400974018
698 4030.13916015625 1229.9573974611121
699 4000.7194980563727 1231.392341579718
700 3971.582350727618 1235.7053716325318
701 3943.008592365226 1242.8549111800967
702 3915.2736662476527 1252.772040600772
703 3888.6449295380917 1265.3611614576075
704 3863.3790760339543 1280.500918040867
705 3839.7196617083137 1298.0453672047006
706 3817.8947568963813 1317.8253852189519
707 3798.1147477593804 1339.6502980763908
708 3780.5703082190084 1363.309719538258
709 3765.4305619125626 1388.5755792004638
710 3752.841451886976 1415.2043210306438
711 3742.9243337474254 1442.9392511819606
712 3735.7748058222314 1471.5130124524585
713 3731.4617876208977 1500.6501615354791
714 3730.02685546875 1530.069824219041
715 3730.0270996093677 1730.1450195311918
716 3731.462054212072 1759.5646658554906
717 3735.7750916689583 1788.7017966760322
718 3742.924635512125 1817.2755382475443
719 3752.8417661499734 1845.0104477384593
720 3765.430885232665 1871.6391684227274
721 3780.5706371933484 1896.9050069231307
722 3798.1150790816682 1920.5644076633616
723 3817.895087412773 1942.3893006752478
724 3839.719988470122 1962.1693001291133
725 3863.3793963464923 1979.7137323940406
726 3888.645241004935 1994.8534740779432
727 3915.2739668097893 2007.4425823294441
728 3943.008880334499 2017.3597016861895
729 3971.5826248140293 2024.509233907098
730 4000.7197573889025 2028.822259512497
731 3246.34521484375 1300.9840087892371
732 3275.76487694362 1299.5490646706312
733 3304.902024272371 1295.2360346178175
734 3333.475782634756 1288.0864950703108
735 3361.2107087523254 1278.1693656495772
736 3387.839445461883 1265.5802447928
737 3413.1052989660166 1250.4404882094823
738 3436.7647132916572 1232.8960390457069
739 3458.589618103586 1213.1160210314556
740 3478.369627240587 1191.2911081740167
741 3495.9140667809625 1167.6316867122077
742 3511.0538130874083 1142.3658270500018
743 3523.6429231129987 1115.737085219822
744 3533.5600412525528 1088.0021550684469
745 3540.7095691777504 1059.4283937980072
746 3545.022587379088 1030.2912447149283
747 3546.457519531239 1000.8715820314246
748 3546.4572753906177 800.7963867190992
749 3545.0223207879026 771.3767403948004
750 3540.7092833310053 742.2396095742588
751 3533.5597394878314 713.6658680028049
752 3523.6426088499757 685.9309585118899
753 3511.053489767277 659.3022378276219
754 3495.9137378065934 634.0363993272185
755 3478.36929591827 610.3769985870458
756 3458.589287587165 588.5521055751597
757 3436.7643865298123 568.7721061212942
758 3413.104978653446 551.2276738564251
759 3387.8391339950067 536.0879321725224
760 3361.210408190156 523.4988239210215
761 3333.4754946654575 513.5817045642762
762 3304.9017501859344 506.4321723434259
763 3275.764617611072 502.11914673802676
764 3246.3449707031177 500.6842041017371
765 3216.9253086032477 502.11914822028484
766 3187.788161274497 506.43217827309854
767 3159.214402912112 513.5817178206635
768 3131.4794767945386 523.4988472413388
769 3104.850740084981 536.0879680981161
770 3079.5848865808475 551.2277246814338
771 3055.925472255207 568.7721738452674
772 3034.1005674432745 588.5521918595186
773 3014.3205583062736 610.3771047168993
774 2996.776118765898 634.0365261787083
775 2981.636372459452 659.3023858409142
776 2969.0472624338618 685.9311276710941
777 2959.1301442943077 713.6660578224692
778 2951.98061636911 742.2398190929089
779 2947.667598167769 771.3769681759877
780 2946.2326660156177 800.7966308594914
781 2946.23291015625 1000.8718261721078
782 2947.667864758976 1030.2914724964066
783 2951.9809022158806 1059.4286033169483
784 2959.1304460590654 1088.002344888344
785 2969.0475766969284 1115.737254379259
786 2981.636695779631 1142.365975063527
787 2996.7764477403216 1167.6318135638721
788 3014.320889628645 1191.2912143040448
789 3034.1008979597536 1213.116107315931
790 3055.9257990171027 1232.8961067697965
791 3079.5852068934655 1250.4405390346656
792 3104.851051551901 1265.58028071851
793 3131.479777356748 1278.169388970011
794 3159.2146908814393 1288.086508326698
795 3187.788435360955 1295.2360405475483
796 3216.9255679358066 1299.5490661529475
797 3998.626953125 50.01497268700041
798 4005.949631240772 67.70177092315862
799 4023.63671875 75.02375030540861
800 4041.323181586784 67.701418684097
801 4048.6455078125 50.01495361351408
802 4041.323521011567 32.327868221735116
803 4023.63671875 25.005197525315452
804 4005.949278313081 32.32752945792163
805 8667.999999999996 170.00000000029104
806 8547.999999999996 170.00000000029104
807 8547.999999999996 140.0
808 8545.071067811816 132.92893218825338
809 8537.999999999996 130.00000000023283
810 8497.999999999996 130.00000000023283
811 8490.928932188177 132.92893218825338
812 8487.999999999996 140.0
813 8487.999999999996 170.00000000029104
814 8367.999999999996 170.00000000029104
815 8367.999999999996 10.00000000023283
816 8487.999999999996 10.00000000023283
817 8487.999999999996 40.00000000023283
818 8490.928932188177 47.07106781197945
819 8497.999999999996 50.0
820 8537.999999999996 50.0
821 8545.071067811816 47.07106781197945
822 8547.999999999996 40.00000000023283
823 8547.999999999996 10.00000000023283
824 8667.999999999996 10.00000000023283
825 8527.999999999996 480.00000000023283
826 8367.999999999996 480.00003051781096
827 8367.999999999996 360.00003051781096
828 8397.999999999996 360.00003051781096
829 8405.071067811888 357.07109832955757
830 8407.999999999996 350.00003051763633
831 8407.999999999996 310.00003051781096
832 8405.07106781191 302.9289627058315
833 8397.999999999996 300.00003051763633
834 8367.999999999996 300.00003051763633
835 8367.999999999996 180.00003051763633
836 8527.999999999996 180.00000000023283
837 8527.999999999996 300.0000000001164
838 8497.999999999996 300.0000000001164
839 8490.928932188104 302.9289321883698
840 8487.999999999996 310.00000000029104
841 8487.999999999996 350.00000000029104
842 8490.928932188155 357.07106781209586
843 8497.999999999996 360.00000000023283
844 8527.999999999996 360.00000000023283
845 8357.999999999996 809.0000000001164
846 8207.999999999996 809.0000000001164
847 8207.999999999996 439.00003051781096
848 8229.21321013939 430.21324065717636
849 8237.999999999996 409.00003051781096
850 8229.213210139369 387.78682037850376
851 8207.999999999996 379.00003051792737
852 8207.999999999996 9.00002956413664
853 8357.999999999996 9.000000000291038
854 8357.999999999996 379.00000000040745
855 8336.786789860646 387.78678986092564
856 8327.999999999996 409.00000000023283
857 8336.786789860653 430.2132101394818
858 8357.999999999996 439.0
859 8367.999999999996 1120.0000000004075
860 8207.999999999996 1120.0000000004075
861 8207.999999999996 1000.0000610355055
862 8237.999999999996 1000.0
863 8245.071067811816 997.0710678119794
864 8247.999999999996 990.0000000002328
865 8247.999999999996 950.0000000001164
866 8245.071067811816 942.9289321883698
867 8237.999999999996 940.000000000291
868 8207.999999999996 940.0000610354473
869 8207.999999999996 820.0000610354473
870 8367.999999999996 820.0
871 8367.999999999996 940.000000000291
872 8337.999999999996 940.000000000291
873 8330.928932188177 942.9289321883698
874 8327.999999999996 950.0000000001164
875 8327.999999999996 990.0000000002328
876 8330.928932188177 997.0710678119794
877 8337.999999999996 1000.0
878 8367.999999999996 1000.0
879 8367.999999999996 1430.0000000004075
880 8207.999999999996 1430.0000000004075
881 8207.999999999996 1310.0000000004075
882 8237.999999999996 1310.0000000004075
883 8245.07106781191 1307.0710678122123
884 8247.999999999996 1300.0000000002328
885 8247.999999999996 1260.000000000291
886 8245.071067811881 1252.9289321883698
887 8237.999999999996 1250.0000000002328
888 8207.999999999996 1250.0000000002328
889 8207.999999999996 1130.0000000002328
890 8367.999999999996 1130.0000000002328
891 8367.999999999996 1250.0000000002328
892 8337.999999999996 1250.0000000002328
893 8330.928932188112 1252.9289321883698
894 8327.999999999996 1260.000000000291
895 8327.999999999996 1300.0000000002328
896 8330.928932188082 1307.0710678122123
897 8337.999999999996 1310.0000000004075
898 8367.999999999996 1310.0000000004075
899 8195.611328124996 2610.004638671817
900 7700.425537109371 2610.004821777402
901 7205.239746093746 2610.005004882929
902 6710.053955078121 2610.005187988514
903 6214.868164062496 2610.0053710940992
904 5731.937011718746 2610.0056152347242
905 5249.005859375 2610.0058593754075
906 5234.0 2595.000000000233
907 5233.999804687501 2101.4150390626746
908 5233.9996093750015 1607.8300781251164
909 5233.9994140624985 1114.2451171875582
910 5233.999218749999 620.66015625
911 5233.9990234375 127.07519531244179
912 5727.600911458332 127.07500330603216
913 6221.202799479168 127.07481129968073
914 6714.804687499996 127.0746192932711
915 7208.406575520832 127.07442728686146
916 7702.008463541661 127.07423528051004
917 8195.610351562496 127.0740432741004
918 8195.610546875 623.6601623536553
919 8195.610742187495 1120.2462814332102
920 8195.610937499998 1616.832400512707
921 8195.611132812493 2113.418519592262
922 11932.999999999996 809.0000000001164
923 11782.999999999996 809.0000000001164
924 11782.999999999996 439.00003051781096
925 11804.21321013939 430.21324065717636
926 11812.999999999996 409.00003051781096
927 11804.213210139369 387.78682037850376
928 11782.999999999996 379.00003051792737
929 11782.999999999996 9.00002956413664
930 11932.999999999996 9.000000000291038
931 11932.999999999996 379.00000000040745
932 11911.786789860646 387.78678986092564
933 11902.999999999996 409.00000000023283
934 11911.786789860653 430.2132101394818
935 11932.999999999996 439.0
936 9073.000000000011 1318.000000000291
937 8952.999999999996 1318.000000000291
938 8952.999999999996 1288.0
939 8950.071067811816 1280.9289321882534
940 8942.999999999996 1278.0000000002328
941 8902.999999999996 1278.0000000002328
942 8895.928932188177 1280.9289321882534
943 8892.999999999996 1288.0
944 8892.999999999996 1318.000000000291
945 8772.999999999996 1318.000000000291
946 8772.999999999996 1158.0000000002328
947 8892.999999999996 1158.0000000002328
948 8892.999999999996 1188.0000000002328
949 8895.928932188126 1195.0710678120959
950 8902.999999999996 1198.000000000291
951 8942.999999999996 1198.000000000291
952 8950.071067811867 1195.0710678120959
953 8952.999999999996 1188.0000000002328
954 8952.999999999996 1158.0000000002328
955 9073.000000000011 1158.0000000002328
956 9034.999999999996 1488.0000000002328
957 8914.999999999996 1488.0000000002328
958 8914.999999999996 1458.0000000004075
959 8912.071067811932 1450.9289321883698
960 8904.999999999996 1448.0000000001164
961 8864.999999999996 1448.0000000001164
962 8857.92893218806 1450.9289321883698
963 8854.999999999996 1458.0000000004075
964 8854.999999999996 1488.0000000002328
965 8734.999999999996 1488.0000000002328
966 8734.999999999996 1328.0000000002328
967 8854.999999999996 1328.0000000002328
968 8854.999999999996 1358.0
969 8857.928932188082 1365.0710678119794
970 8864.999999999996 1368.0000000002328
971 8904.999999999996 1368.0000000002328
972 8912.07106781191 1365.0710678119794
973 8914.999999999996 1358.0
974 8914.999999999996 1328.0000000002328
975 9034.999999999996 1328.0000000002328
976 10814.999999999996 1889.0000000001164
977 10664.999999999996 1889.0000000001164
978 10664.999999999996 1518.9999999999418
979 10686.213210139354 1510.2132101394236
980 10695.000000000011 1489.0000000001164
981 10686.213210139376 1467.786789860751
982 10664.999999999996 1459.0000000002328
983 10664.999999999996 1089.0000000002328
984 10814.999999999996 1089.0000000002328
985 10814.999999999996 1459.0000000002328
986 10793.786789860624 1467.7867898608092
987 10784.999999999996 1489.0000000001164
988 10793.786789860646 1510.2132101394236
989 10814.999999999996 1518.9999999999418
990 10974.999999999996 1728.9998779300367
991 10824.999999999996 1729.0
992 10824.999999999996 1359.000000000291
993 10846.213210139435 1350.2132101395982
994 10854.999999999996 1329.0000000001164
995 10846.213210139369 1307.7867898608092
996 10824.999999999996 1299.0000000002328
997 10824.999999999996 929.0000000001164
998 10974.999999999996 928.9999389650184
999 10974.999999999996 1298.9998779300367
1000 10953.786746702102 1307.7867109487997
1001 10944.999999999996 1329.0000000001164
1002 10953.786833018912 1350.2131312275887
1003 10974.999999999996 1358.999877929804
1004 11150.999999999996 1408.9998779297457
1005 11000.999999999996 1409.000000000291
1006 11000.999999999996 1039.0000000002328
1007 11022.213210139369 1030.2132101396564
1008 11030.999999999996 1009.000000000291
1009 11022.21321013942 987.7867898608092
1010 11000.999999999996 979.0000000001164
1011 11000.999999999996 609.000000000291
1012 11150.999999999996 608.9999389650184
1013 11150.999999999996 978.9999389650184
1014 11129.786789860551 987.7867288257694
1015 11120.999999999996 1008.9999389653094
1016 11129.78681143979 1030.2131096487283
1017 11150.999999999996 1038.999877930095
1018 10990.999999999996 759.000000000291
1019 10620.999999999996 759.0001220705453
1020 10612.213188560203 737.7869513871265
1021 10590.999999999996 729.0001831057016
1022 10569.786789860631 737.7869729662198
1023 10560.999999999996 759.000183105527
1024 10190.999999999996 759.0003051762469
1025 10190.999999999996 609.0003051758977
1026 10560.999999999996 609.0001831057016
1027 10569.786789860646 630.2133932450088
1028 10590.999999999996 639.000183105527
1029 10612.213231718593 630.2133716658573
1030 10620.999999999996 609.0001220705453
1031 10990.999999999996 609.000000000291
1032 11107.999999999996 599.0000000002328
1033 10737.999999999996 599.0001220703125
1034 10729.213188560203 577.7869513868936
1035 10707.999999999996 569.000183105527
1036 10686.786789860624 577.7869729661033
1037 10677.999999999996 599.0001831054105
1038 10307.999999999996 599.0003051761305
1039 10307.999999999996 449.00030517589767
1040 10677.999999999996 449.00015258812346
1041 10686.786789860653 470.21336272737244
1042 10707.999999999996 479.0001525878906
1043 10729.21321013934 470.21336272737244
1044 10737.999999999996 449.00015258812346
1045 11107.999999999996 449.00000000029104
1046 10753.000000000011 439.0
1047 10632.999999999996 439.0
1048 10632.999999999996 409.00000000023283
1049 10630.07106781191 401.9289321882534
1050 10622.999999999996 399.0
1051 10582.999999999996 399.0
1052 10575.928932188082 401.9289321882534
1053 10572.999999999996 409.00000000023283
1054 10572.999999999996 439.0
1055 10452.999999999996 439.0
1056 10452.999999999996 279.0000000001164
1057 10572.999999999996 279.0000000001164
1058 10572.999999999996 309.00000000029104
1059 10575.928932188155 316.07106781209586
1060 10582.999999999996 319.00000000023283
1061 10622.999999999996 319.00000000023283
1062 10630.071067811838 316.07106781209586
1063 10632.999999999996 309.00000000029104
1064 10632.999999999996 279.0000000001164
1065 10753.000000000011 279.0000000001164
1066 10873.999999999996 919.000000000291
1067 10503.999999999996 919.0001220704289
1068 10495.213188560181 897.7869513870683
1069 10473.999999999996 889.0001831057016
1070 10452.786789860624 897.786972966278
1071 10443.999999999996 919.0001831056434
1072 10073.999999999996 919.0003051758395
1073 10073.999999999996 769.0003051758977
1074 10443.999999999996 769.0001831057016
1075 10452.786789860602 790.213393245067
1076 10473.999999999996 799.0001831056434
1077 10495.213231718586 790.2133716659737
1078 10503.999999999996 769.00012207072
1079 10873.999999999996 769.0000000001164
1080 10756.999999999996 1079.000000000291
1081 10387.000000000011 1079.0001220705453
1082 10378.213210139354 1057.7869119312381
1083 10356.999999999996 1049.00012207072
1084 10335.786789860646 1057.7869119312381
1085 10326.999999999996 1079.0001220705453
1086 9956.999999999996 1079.000366211345
1087 9956.999999999996 929.0003051758977
1088 10326.999999999996 929.000183105818
1089 10335.786789860624 950.2133932451252
1090 10356.999999999996 959.0001831057016
1091 10378.213231718579 950.2133716660901
1092 10387.000000000011 929.0001220708364
1093 10756.999999999996 929.0000000001164
1094 10639.999999999996 1238.9999999999418
1095 10269.999999999989 1239.0001220705453
1096 10261.213210139384 1217.78691193118
1097 10239.999999999996 1209.0001220705453
1098 10218.786789860602 1217.78691193118
1099 10209.999999999996 1239.0001220705453
1100 9839.999999999996 1239.0003662114032
1101 9839.999999999996 1089.0003662111121
1102 10209.999999999996 1089.0001220703125
1103 10218.786789860507 1110.2133322099107
1104 10239.999999999996 1119.00012207072
1105 10261.213210139478 1110.2133322099107
1106 10269.999999999989 1089.0001220703125
1107 10639.999999999996 1089.0000000002328
1108 10526.999999999989 1399.0000000001164
1109 10156.999999999996 1399.0000000001164
1110 10148.213210139347 1377.7867898608092
1111 10126.999999999996 1369.000000000291
1112 10105.786789860646 1377.7867898608092
1113 10096.999999999996 1399.0000000001164
1114 9726.999999999996 1399.0000000001164
1115 9726.999999999996 1249.0000000002328
1116 10096.999999999996 1249.0000000002328
1117 10105.786789860624 1270.21321013954
1118 10126.999999999996 1279.0000000001164
1119 10148.213210139369 1270.21321013954
1120 10156.999999999996 1249.0000000002328
1121 10526.999999999989 1249.0000000002328
1122 10470.999999999996 1559.0000000001164
1123 10100.999999999996 1559.0000000001164
1124 10092.213210139369 1537.7867898608092
1125 10070.999999999996 1529.0000000002328
1126 10049.786789860624 1537.7867898608092
1127 10040.999999999996 1559.0000000001164
1128 9670.999999999996 1559.0000000001164
1129 9670.999999999996 1409.000000000291
1130 10040.999999999996 1409.000000000291
1131 10049.786789860624 1430.2132101396564
1132 10070.999999999996 1439.0000000002328
1133 10092.213210139369 1430.2132101396564
1134 10100.999999999996 1409.000000000291
1135 10470.999999999996 1409.000000000291
1136 10519.999999999996 1719.0000000002328
1137 10149.999999999996 1719.0000000002328
1138 10141.21321013939 1697.7867898608674
1139 10119.999999999996 1689.000000000291
1140 10098.786789860602 1697.7867898608674
1141 10089.999999999996 1719.0000000002328
1142 9719.999999999996 1719.0000000002328
1143 9719.999999999996 1569.000000000291
1144 10089.999999999996 1569.000000000291
1145 10098.786789860624 1590.2132101396564
1146 10119.999999999996 1599.0000000002328
1147 10141.213210139369 1590.2132101396564
1148 10149.999999999996 1569.000000000291
1149 10519.999999999996 1569.000000000291
1150 10654.999999999996 1879.0000000001164
1151 10284.999999999996 1879.0000000001164
1152 10276.213210139347 1857.7867898608092
1153 10254.999999999996 1849.000000000291
1154 10233.786789860646 1857.7867898608092
1155 10224.999999999996 1879.0000000001164
1156 9855.000000000011 1879.0000000001164
1157 9855.000000000011 1729.0
1158 10224.999999999996 1729.0
1159 10233.786789860551 1750.21321013954
1160 10254.999999999996 1759.000000000291
1161 10276.213210139442 1750.21321013954
1162 10284.999999999996 1729.0
1163 10654.999999999996 1729.0
1164 11932.999999999996 1800.0000000005239
1165 11782.999999999996 1800.0000000005239
1166 11782.999999999996 1430.0000000004075
1167 11804.213210139485 1421.2132101395982
1168 11812.999999999996 1400.0
1169 11804.21321013934 1378.786789860751
1170 11782.999999999996 1370.0000000002328
1171 11782.999999999996 1000.0
1172 11932.999999999996 1000.0
1173 11932.999999999996 1370.0000000002328
1174 11911.786789860653 1378.786789860751
1175 11902.999999999996 1400.0
1176 11911.786789860507 1421.2132101395982
1177 11932.999999999996 1430.0000000004075
1178 11932.999999999996 2610.0000000004075
1179 11782.999999999996 2610.0000000004075
1180 11782.999999999996 2240.0
1181 11804.21321013934 2231.213210139482
1182 11812.999999999996 2210.000000000233
1183 11804.21321013939 2188.7867898608674
1184 11782.999999999996 2180.000000000233
1185 11782.999999999996 1810.000000000291
1186 11932.999999999996 1810.000000000291
1187 11932.999999999996 2180.000000000233
1188 11911.786789860602 2188.7867898608674
1189 11902.999999999996 2210.000000000233
1190 11911.786789860653 2231.213210139482
1191 11932.999999999996 2240.0
1192 11773.272460937496 2560.981201172108
1193 11748.259260268522 2567.6768348482437
1194 11729.949539926147 2585.9865551906405
1195 11723.253906249996 2610.999755859608
1196 11384.626953124996 2610.999877929862
1197 11045.999999999996 2611.0000000001164
1198 11045.999999999996 2410.924804687733
1199 11038.677671075147 2393.2383445500745
1200 11020.991210937496 2385.916015625233
1201 10972.972656249996 2385.916015625233
1202 10955.286196112345 2393.2383445500745
1203 10947.963867187496 2410.924804687733
1204 10954.592234361578 2427.8893233291456
1205 10970.971679687496 2435.8544921876164
1206 10970.971679687496 2595.995117187791
1207 10955.966796874996 2611.0000000001164
1208 10600.833496093746 2611.000122070429
1209 10245.700195312496 2611.0002441407996
1210 10245.700195312496 2410.9250488285907
1211 10238.377521245548 2393.2382431928418
1212 10220.690429687496 2385.916259765916
1213 10172.672851562496 2385.916259765916
1214 10154.985760004445 2393.2382431928418
1215 10147.663085937496 2410.9250488285907
1216 10154.291811815358 2427.8898780510062
1217 10170.671874999996 2435.8547363282996
1218 10170.671874999996 2595.9953613282996
1219 10155.666015624996 2611.0002441407996
1220 9683.989257812489 2611.0004882813664
1221 9212.312499999989 2611.000732421933
1222 8732.659667968739 2611.000854492304
1223 8253.006835937496 2611.000976562733
1224 8247.18103752653 2587.5619225557894
1225 8231.047999398183 2569.5882122929324
1226 8208.372070312496 2561.2736816407996
1227 8211.601106617414 2533.8215371649712
1228 8214.992096505859 2506.3889270201907
1229 8218.544921874996 2478.9768066410907
1230 8222.362812273339 2450.7342986491276
1231 8226.260756380336 2422.50272808515
1232 8230.238722866077 2394.2823218618287
1233 8234.296679757452 2366.0733068021364
1234 8238.434594438422 2337.875909637427
1235 8242.652433650295 2309.6903570057475
1236 8246.950163491969 2281.5168754499173
1237 8251.327749420223 2253.355691415665
1238 8255.785156249996 2225.207031249942
1239 8260.231189914488 2197.2514989117626
1240 8264.715146496626 2169.3020241935155
1241 8269.237017743191 2141.3586585392477
1242 8273.796795331178 2113.4214533818886
1243 8278.394470867806 2085.4904601429007
1244 8283.030035890555 2057.565730232338
1245 8287.703481867156 2029.6473150488455
1246 8292.41480019561 2001.735265979194
1247 8297.163982204223 1973.8296343987458
1248 8301.951019151591 1945.9304716707557
1249 8306.775902226658 1918.0378291467787
1250 8311.638622548682 1890.1517581663793
1251 8316.53917116729 1862.2723100567819
1252 8321.477539062496 1834.3995361333364
1253 8328.952192951318 1832.7576505662873
1254 8333.077148437496 1826.3116455081035
1255 8336.599609374996 1806.616333007929
1256 8334.964382913171 1799.1405744411168
1257 8328.522460937496 1795.0098876955453
1258 8329.594839042435 1789.0527007689234
1259 8330.668945312496 1783.0958251953125
1260 8356.861339544233 1777.4329143608338
1261 8371.371093749996 1754.9034423830453
1262 8529.305664062496 1783.5878906252328
1263 8534.215510222817 1801.1273160981364
1264 8549.722656249996 1810.6806640626164
1265 8568.432720780012 1806.6368854941684
1266 8578.797851562496 1790.5439453125
1267 8587.916015624996 1740.342773437791
1268 8583.872278602637 1721.6317914708052
1269 8567.778320312496 1711.2666015627328
1270 8351.044921874996 1671.90246582072
1271 8354.891979211057 1651.2818744365359
1272 8358.759765624996 1630.6651611330453
1273 8364.188911220972 1601.9286077035358
1274 8369.635451371065 1573.1953460491495
1275 8375.099384079422 1544.4653866988956
1276 8380.580707343815 1515.7387401807355
1277 8386.079419155652 1487.01541702135
1278 8391.595517499958 1458.2954277462559
1279 8397.129000355413 1429.5787828795728
1280 8402.679865694288 1400.8654929444892
1281 8408.248111482517 1372.15556846268
1282 8413.833735679644 1343.4490199548309
1283 8419.43673623887 1314.7458579401136
1284 8425.057111106991 1286.0460929367691
1285 8430.694858224477 1257.3497354614665
1286 8436.349975525405 1228.6567960300017
1287 8442.022460937496 1199.967285156541
1288 8447.6308209546 1171.8290254208841
1289 8453.245071243236 1143.6919403420761
1290 8458.865211557368 1115.5560311532463
1291 8464.491241650718 1087.421299087233
1292 8470.123161276777 1059.287745377107
1293 8475.760970188687 1031.155371255707
1294 8481.404668139443 1003.0241779558128
1295 8487.054254881634 974.8941667102627
1296 8492.70973016779 946.7653387516621
1297 8498.371093749996 918.637695312791
1298 8524.68380209315 913.4729868833674
1299 8539.619140624996 891.2026367188082
1300 8697.160156249996 922.812438964902
1301 8701.747172884137 940.4389128704206
1302 8717.076171874996 950.2753295900184
1303 8735.858063221825 946.5753510607756
1304 8746.516601562496 930.674255371443
1305 8756.553710937489 880.6483764648438
1306 8752.854467098263 861.8666103663272
1307 8736.954101562496 851.2074584962102
1308 8520.736328124996 807.8256835939246
1309 8526.676389979115 778.4735969163594
1310 8532.622865031797 749.1228088246426
1311 8538.5757529992 719.7733207200654
1312 8544.535053597127 690.4251340036863
1313 8550.500766541056 661.0782500766218
1314 8556.47289154615 631.7326703399885
1315 8562.451428327364 602.3883961947286
1316 8568.43637659925 573.0454290417838
1317 8574.427736076035 543.703770282038
1318 8580.425506471747 514.3634213162004
1319 8586.429687499996 485.0243835450965
1320 8592.22851411076 456.94561141793383
1321 8598.06925989928 428.8755290727131
1322 8603.95191184372 400.8141990911681
1323 8609.876456828835 372.7616840354749
1324 8615.842881645975 344.7180464480771
1325 8621.851172993116 316.6833488516859
1326 8627.901317474902 288.6576537491637
1327 8633.993301602652 260.6410236231168
1328 8640.127111794416 232.63352093606954
1329 8646.302734374996 204.63520813023206
1330 8669.187881694434 201.96011461981107
1331 8685.451171874996 185.6386108403094
1332 8761.295898437496 28.03213882469572
1333 8762.741210937496 25.031162262137514
1334 9256.15983072916 25.03097025572788
1335 9749.578450520832 25.030778249318246
1336 10242.997070312496 25.030586242908612
1337 10736.41569010416 25.030394236557186
1338 11229.834309895832 25.03020223014755
1339 11723.252929687496 25.030010223737918
1340 11723.252929687496 28.030986786005087
1341 11729.948406848427 53.04438579658745
1342 11748.258148173303 71.35429887921782
1343 11773.271484375011 78.05001068132697
1344 11773.271484375011 442.18647384661017
1345 11773.271484375011 806.3229370118934
1346 11553.189453124996 806.3230590821477
1347 11535.501843303096 813.6455602096976
1348 11528.179687499996 831.3333129886305
1349 11528.179687499996 882.3523559571477
1350 11535.502361566989 900.0391615927801
1351 11553.189453124996 907.3611450197059
1352 11570.153353913538 900.732446468377
1353 11578.118164062496 884.3533325198223
1354 11758.266601562511 884.3532104495098
1355 11773.271484375011 899.3580932618934
1356 11773.271972656254 1286.5031433106633
1357 11773.272460937496 1673.6481933594914
1358 11573.198242187489 1673.6481933594914
1359 11555.510805124755 1680.9705219216412
1360 11548.188476562496 1698.6579589843168
1361 11548.188476562496 1746.6755371097242
1362 11555.510805124755 1764.3629741723998
1363 11573.198242187489 1771.6853027346078
1364 11590.162453551155 1765.0562454736792
1365 11598.126953124996 1748.6765136719332
1366 11758.267578124996 1748.6765136719332
1367 11773.272460937496 1763.6823730469914
1368 11773.272460937496 2162.3317871095496
1369 10672.860351562496 1990.7677001955453
1370 10701.946935989614 1989.9318816575687
1371 10730.935641881133 1987.4054381099995
1372 10759.728287042799 1983.196926394652
1373 10788.22735332078 1977.3206003700616
1374 10816.33631688709 1969.7963626350975
1375 10843.95997515725 1960.6496971204178
1376 10871.00476923311 1949.9115827767528
1377 10897.379100778544 1937.6183886516956
1378 10922.99364225502 1923.8117507114075
1379 10947.761639466033 1908.5384308228386
1380 10971.59920538597 1891.8501583755133
1381 10994.42560427808 1873.8034550786833
1382 11016.163525139298 1854.4594435274485
1383 11036.739343545796 1833.8836401854642
1384 11056.083371012424 1812.1457334869192
1385 11074.130091021503 1789.3193478076719
1386 11090.818380921457 1765.4817941060173
1387 11106.09171894388 1740.7138080773293
1388 11119.89837563779 1715.0992767093703
1389 11132.191589072707 1688.7249541644123
1390 11142.9297232172 1661.6801679503988
1391 11152.07640895648 1634.0565163769643
1392 11159.600667271337 1605.9475583195454
1393 11165.477014161432 1577.4484963439172
1394 11169.685546957273 1548.6558542634593
1395 11172.212011728869 1519.6671502217068
1396 11173.047851562496 1490.580566406541
1397 11173.047363281246 1058.9245300295297
1398 11173.046874999996 627.2684936525184
1399 11172.09791702074 597.5365179469809
1400 11169.1866829096 567.9322004147107
1401 11164.325894269397 538.584906938253
1402 11157.536791927992 509.62288024812005
1403 11148.84904311936 481.1726795240538
1404 11138.300611842871 453.3586273524561
1405 11125.937592966915 426.30226645758376
1406 11111.81401080215 400.121828580508
1407 11095.991583024337 374.9317178261699
1408 11078.539450978486 350.8420107366983
1409 11059.53387754285 327.9579752756399
1410 11039.057913872948 306.3796108244569
1411 11017.20103648202 286.201211202133
1412 10994.058756243754 267.5109526171
1413 10969.732201025796 250.39050835219678
1414 10944.327673778065 234.91469186579343
1415 10917.956188006701 221.15112987003522
1416 10890.732982663783 209.15996681310935
1417 10862.777018572484 198.99360205838457
1418 10834.21045858831 190.69646090787137
1419 10805.158133768029 184.30480047123274
1420 10775.746997878905 179.84655122831464
1421 10746.105572632183 177.34119497751817
1422 10716.3633860648 176.79967970377766
1423 10686.650406523713 178.22437173768412
1424 10657.096474726084 181.60904541495256
1425 10627.830736377215 186.93891028157668
1426 10598.981077825581 194.19067572557833
1427 10570.673567220994 203.3326527531026
1428 10543.031903618034 214.32489246397745
1429 10516.176876432004 227.11936062166933
1430 10490.225837609545 241.6601475548232
1431 10465.292188820345 257.8837124730926
1432 10441.484885910995 275.7191611297312
1433 10418.907962786248 295.0885556174326
1434 10397.66007679838 315.9072549439152
1435 10377.834077631178 338.0842848988832
1436 10359.516601562489 361.52273559581954
1437 10156.253255208325 639.4515177410212
1438 9952.98990885416 917.3802998862229
1439 9749.726562499996 1195.3090820314246
1440 9732.854578490227 1219.8433809624403
1441 9717.472918526593 1245.3384825551766
1442 9703.63613186149 1271.7039714231505
1443 9691.393289035408 1298.8463454534067
1444 9680.787807854027 1326.6693474009517
1445 9671.857299412051 1355.0743062537513
1446 9664.633434709893 1383.9604871579213
1447 9659.141832336169 1413.2254486618913
1448 9655.40196761439 1442.76540601335
1449 9653.427103536003 1472.4755992192659
1450 9653.224243724766 1502.2506645653048
1451 9654.794107599195 1531.9850082755438
1452 9658.131127821242 1561.5731809886056
1453 9663.223470040208 1590.910251721507
1454 9670.053074861895 1619.892179994844
1455 9678.595721894071 1648.416184800386
1456 9688.821115641327 1676.3811091016396
1457 9700.692992944449 1703.687778575637
1458 9714.169251583447 1730.2393533228314
1459 9729.20209958818 1755.9416712986422
1460 9745.73822472696 1780.7035822478356
1461 9763.718983572082 1804.4372709585587
1462 9783.080609471926 1827.0585686882841
1463 9803.754438691863 1848.487251658691
1464 9825.667153922146 1868.6473255598103
1465 9848.741044289138 1887.467295054812
1466 9872.894280947829 1904.880417330016
1467 9898.041207278216 1920.8249387902906
1468 9924.092642656458 1935.2443140608957
1469 9950.95619872351 1948.0874065192766
1470 9978.53660702956 1959.3086696448736
1471 10006.736056892467 1968.8683085445082
1472 10035.454542271818 1976.7324210804654
1473 10064.590216428656 1982.8731181002222
1474 10094.039753112946 1987.2686223423807
1475 10123.698712998044 1989.9033456667676
1476 10153.461914062496 1990.7679443362285
1477 10413.161132812496 1990.7678222658578
1478 9919.578124999996 2570.985839843692
1479 9926.900108426762 2588.672931401874
1480 9944.586914062496 2595.995605469041
1481 9962.274351125325 2588.6732769066584
1482 9969.596679687496 2570.985839843692
1483 9962.274351125208 2553.298402781016
1484 9944.586914062496 2545.9760742189246
1485 9926.900108426886 2553.2987482858007
1486 9275.289062499996 1348.7634277344332
1487 9274.2151171123 1320.7354309535003
1488 9270.008302329868 1293.004136868345
1489 9262.721571649989 1265.9186145686544
1490 9252.446647169603 1239.819804458355
1491 9239.312865028707 1215.0362266511656
1492 9223.485547385008 1191.8798457065132
1493 9205.163921412819 1170.6421437596437
1494 9184.578611520712 1151.5904514753493
1495 9161.988736354968 1134.9645830094232
1496 9137.678647130266 1120.9738173357327
1497 9111.954348344148 1109.7942639362882
1498 9085.139645929728 1101.566646013991
1499 9057.572071331804 1096.394529132347
1500 9029.598632812496 1094.343017578416
1501 8929.577148437496 1092.5975341800367
1502 8901.549071614045 1093.6714333881973
1503 8873.817694135501 1097.8782199376146
1504 8846.732088087967 1105.1649403911433
1505 8820.633196831153 1115.439872269053
1506 8795.849543332344 1128.5736786168418
1507 8772.693094843631 1144.4010360500542
1508 8751.45533597616 1162.7227157824673
1509 8732.40359960216 1183.3080914425664
1510 8715.777701769915 1205.898042110959
1511 8701.786922990072 1230.2082140368293
1512 8690.607373891795 1255.9325999748544
1513 8682.37977840877 1282.7473910890403
1514 8677.207702399606 1310.3150529356208
1515 8675.156249999996 1338.2885742188082
1516 8676.23031934303 1366.316554950492
1517 8680.437254248409 1394.0478193924064
1518 8687.724099749405 1421.1332991092931
1519 8697.999132377616 1447.2320545075345
1520 8711.133014735871 1472.0155664267368
1521 8726.960423538065 1495.1718713879236
1522 8745.282130622832 1516.4094884470105
1523 8765.867510746259 1535.4610882229172
1524 8788.457444586664 1552.0868579174276
1525 8812.767580419732 1566.077519968443
1526 8838.491913407586 1577.256966340181
1527 8865.306637447324 1585.4844752900535
1528 8892.874221093665 1590.6564827098045
1529 8920.847656249996 1592.707885742595
1530 9020.870117187496 1594.4548339847242
1531 9048.898069844301 1593.3807261011098
1532 9076.629302518839 1589.17375899537
1533 9103.71474783713 1581.8868879392976
1534 9129.813467284777 1571.6118365491275
1535 9154.596942776461 1558.4779422130669
1536 9177.753211883046 1542.6505280546844
1537 9198.990794664092 1524.3288219251554
1538 9218.04236267669 1503.7434486193815
1539 9234.668103976855 1481.153526882059
1540 9248.658741756593 1456.843407746288
1541 9259.838168619335 1431.11909525987
1542 9268.065663334844 1404.3043946539983
1543 9273.23766217018 1376.7368364392314
GTSP_SET_SECTION
1 1 -1
2 2 3 4 5 6 7 8 9 10 11 12 13 14 15 16 17 18 19 20 21 -1
3 22 23 24 25 26 27 28 29 30 31 32 33 34 35 36 37 38 39 40 41 -1
4 42 43 44 45 46 47 48 49 50 51 52 53 54 55 56 57 58 59 60 61 -1
5 62 63 64 65 66 67 68 69 70 71 72 73 74 75 76 77 78 79 80 81 82 83 84 85 86 87 88 89 90 91 92 93 94 95 96 97 98 99 100 101 102 103 104 105 106 107 108 109 110 111 112 113 114 115 116 117 118 119 120 121 122 123 124 125 126 127 128 129 130 131 132 133 134 135 136 137 138 139 140 141 142 143 144 145 146 147 148 149 150 151 152 153 154 155 156 157 158 159 160 161 162 163 164 165 166 167 168 169 170 171 172 173 174 175 176 177 178 179 180 181 182 183 184 185 186 187 188 189 190 191 192 193 194 195 196 197 -1
6 198 199 200 201 202 203 204 205 206 207 208 209 210 211 212 213 214 215 216 217 218 219 220 221 222 223 224 225 226 227 228 229 230 231 232 233 234 235 236 237 238 239 240 241 242 243 -1
7 244 245 246 247 248 249 250 251 252 253 254 255 256 257 258 259 260 261 262 263 -1
8 264 265 266 267 268 269 270 271 272 273 274 275 276 277 278 279 280 281 282 283 -1
9 284 285 286 287 288 289 290 291 292 293 294 295 296 297 298 299 300 301 302 303 -1
10 304 305 306 307 308 309 310 311 312 313 314 315 316 317 318 319 320 321 322 323 -1
11 324 325 326 327 328 329 330 331 332 333 334 335 336 337 338 339 340 341 342 343 -1
12 344 345 346 347 348 349 350 351 352 353 354 355 356 357 358 359 360 361 362 363 -1
13 364 365 366 367 368 369 370 371 372 373 374 375 376 377 378 379 380 381 382 383 -1
14 384 385 386 387 388 389 390 391 392 393 394 395 396 397 398 399 400 401 402 403 -1
15 404 405 406 407 408 409 410 411 412 413 414 415 416 417 418 419 420 421 422 423 -1
16 424 425 426 427 428 429 430 431 432 433 434 435 436 437 438 439 440 441 442 443 -1
17 444 445 446 447 448 449 450 451 452 453 454 455 456 457 458 459 460 461 462 463 464 465 466 467 468 469 470 471 472 473 474 475 476 477 478 479 480 481 482 483 484 485 486 487 488 489 490 491 492 493 494 495 496 497 498 499 500 501 502 503 504 505 506 507 508 509 510 511 512 513 514 515 516 517 518 519 520 521 522 523 524 525 526 527 528 529 530 531 532 533 534 535 536 537 538 539 540 541 542 543 544 545 546 547 548 549 550 551 552 553 554 555 556 557 558 559 560 561 562 563 564 565 566 567 568 569 570 571 572 573 574 575 576 577 578 579 580 581 582 583 584 585 586 587 588 589 590 591 592 593 594 595 596 597 598 599 600 601 602 603 604 605 606 607 608 609 610 611 612 613 614 615 616 617 618 619 620 621 622 623 624 625 626 627 628 629 630 631 632 633 634 635 636 637 638 639 640 641 642 643 644 645 646 647 648 -1
18 649 650 651 652 653 654 655 656 -1
19 657 658 659 660 661 662 663 664 -1
20 665 666 667 668 669 670 671 672 673 674 675 676 677 678 679 680 681 682 683 684 685 686 687 688 689 690 691 692 693 694 695 696 697 698 699 700 701 702 703 704 705 706 707 708 709 710 711 712 713 714 715 716 717 718 719 720 721 722 723 724 725 726 727 728 729 730 -1
21 731 732 733 734 735 736 737 738 739 740 741 742 743 744 745 746 747 748 749 750 751 752 753 754 755 756 757 758 759 760 761 762 763 764 765 766 767 768 769 770 771 772 773 774 775 776 777 778 779 780 781 782 783 784 785 786 787 788 789 790 791 792 793 794 795 796 -1
22 797 798 799 800 801 802 803 804 -1
23 805 806 807 808 809 810 811 812 813 814 815 816 817 818 819 820 821 822 823 824 -1
24 825 826 827 828 829 830 831 832 833 834 835 836 837 838 839 840 841 842 843 844 -1
25 845 846 847 848 849 850 851 852 853 854 855 856 857 858 -1
26 859 860 861 862 863 864 865 866 867 868 869 870 871 872 873 874 875 876 877 878 -1
27 879 880 881 882 883 884 885 886 887 888 889 890 891 892 893 894 895 896 897 898 -1
28 899 900 901 902 903 904 905 906 907 908 909 910 911 912 913 914 915 916 917 918 919 920 921 -1
29 922 923 924 925 926 927 928 929 930 931 932 933 934 935 -1
30 936 937 938 939 940 941 942 943 944 945 946 947 948 949 950 951 952 953 954 955 -1
31 956 957 958 959 960 961 962 963 964 965 966 967 968 969 970 971 972 973 974 975 -1
32 976 977 978 979 980 981 982 983 984 985 986 987 988 989 -1
33 990 991 992 993 994 995 996 997 998 999 1000 1001 1002 1003 -1
34 1004 1005 1006 1007 1008 1009 1010 1011 1012 1013 1014 1015 1016 1017 -1
35 1018 1019 1020 1021 1022 1023 1024 1025 1026 1027 1028 1029 1030 1031 -1
36 1032 1033 1034 1035 1036 1037 1038 1039 1040 1041 1042 1043 1044 1045 -1
37 1046 1047 1048 1049 1050 1051 1052 1053 1054 1055 1056 1057 1058 1059 1060 1061 1062 1063 1064 1065 -1
38 1066 1067 1068 1069 1070 1071 1072 1073 1074 1075 1076 1077 1078 1079 -1
39 1080 1081 1082 1083 1084 1085 1086 1087 1088 1089 1090 1091 1092 1093 -1
40 1094 1095 1096 1097 1098 1099 1100 1101 1102 1103 1104 1105 1106 1107 -1
41 1108 1109 1110 1111 1112 1113 1114 1115 1116 1117 1118 1119 1120 1121 -1
42 1122 1123 1124 1125 1126 1127 1128 1129 1130 1131 1132 1133 1134 1135 -1
43 1136 1137 1138 1139 1140 1141 1142 1143 1144 1145 1146 1147 1148 1149 -1
44 1150 1151 1152 1153 1154 1155 1156 1157 1158 1159 1160 1161 1162 1163 -1
45 1164 1165 1166 1167 1168 1169 1170 1171 1172 1173 1174 1175 1176 1177 -1
46 1178 1179 1180 1181 1182 1183 1184 1185 1186 1187 1188 1189 1190 1191 -1
47 1192 1193 1194 1195 1196 1197 1198 1199 1200 1201 1202 1203 1204 1205 1206 1207 1208 1209 1210 1211 1212 1213 1214 1215 1216 1217 1218 1219 1220 1221 1222 1223 1224 1225 1226 1227 1228 1229 1230 1231 1232 1233 1234 1235 1236 1237 1238 1239 1240 1241 1242 1243 1244 1245 1246 1247 1248 1249 1250 1251 1252 1253 1254 1255 1256 1257 1258 1259 1260 1261 1262 1263 1264 1265 1266 1267 1268 1269 1270 1271 1272 1273 1274 1275 1276 1277 1278 1279 1280 1281 1282 1283 1284 1285 1286 1287 1288 1289 1290 1291 1292 1293 1294 1295 1296 1297 1298 1299 1300 1301 1302 1303 1304 1305 1306 1307 1308 1309 1310 1311 1312 1313 1314 1315 1316 1317 1318 1319 1320 1321 1322 1323 1324 1325 1326 1327 1328 1329 1330 1331 1332 1333 1334 1335 1336 1337 1338 1339 1340 1341 1342 1343 1344 1345 1346 1347 1348 1349 1350 1351 1352 1353 1354 1355 1356 1357 1358 1359 1360 1361 1362 1363 1364 1365 1366 1367 1368 -1
48 1369 1370 1371 1372 1373 1374 1375 1376 1377 1378 1379 1380 1381 1382 1383 1384 1385 1386 1387 1388 1389 1390 1391 1392 1393 1394 1395 1396 1397 1398 1399 1400 1401 1402 1403 1404 1405 1406 1407 1408 1409 1410 1411 1412 1413 1414 1415 1416 1417 1418 1419 1420 1421 1422 1423 1424 1425 1426 1427 1428 1429 1430 1431 1432 1433 1434 1435 1436 1437 1438 1439 1440 1441 1442 1443 1444 1445 1446 1447 1448 1449 1450 1451 1452 1453 1454 1455 1456 1457 1458 1459 1460 1461 1462 1463 1464 1465 1466 1467 1468 1469 1470 1471 1472 1473 1474 1475 1476 1477 -1
49 1478 1479 1480 1481 1482 1483 1484 1485 -1
50 1486 1487 1488 1489 1490 1491 1492 1493 1494 1495 1496 1497 1498 1499 1500 1501 1502 1503 1504 1505 1506 1507 1508 1509 1510 1511 1512 1513 1514 1515 1516 1517 1518 1519 1520 1521 1522 1523 1524 1525 1526 1527 1528 1529 1530 1531 1532 1533 1534 1535 1536 1537 1538 1539 1540 1541 1542 1543 -1
GTSP_SET_ORDERING
2 6 5 -1
3 6 5 -1
4 6 5 -1
6 5 -1
7 21 17 -1
8 21 17 -1
9 21 17 -1
10 21 17 -1
11 21 17 -1
12 20 17 -1
13 20 17 -1
14 20 17 -1
15 20 17 -1
16 20 17 -1
18 17 -1
19 17 -1
20 17 -1
21 17 -1
22 17 -1
30 50 47 -1
31 50 47 -1
32 48 47 -1
33 48 47 -1
34 48 47 -1
35 48 47 -1
36 48 47 -1
37 48 47 -1
38 48 47 -1
39 48 47 -1
40 48 47 -1
41 48 47 -1
42 48 47 -1
43 48 47 -1
44 48 47 -1
48 47 -1
49 47 -1
50 47 -1
EOF