NAME: Lc51v536
TYPE: PCGTSP 
COMMENT: 
DIMENSION: 537
GTSP_SETS: 52
EDGE_WEIGHT_TYPE: EUC_2D
NODE_COORD_SECTION
1 0.0 0.0
2 3284.999999999982 586.0
3 3269.9999999999927 601.0
4 3034.9999999999927 601.0000610351999
5 3034.9999999999927 305.0000548363023
6 3034.9999999999927 9.000048637404689
7 3269.9999999999927 9.000001907392289
8 3284.999999999982 24.0
9 3284.999999999982 305.0
10 3543.999999999982 294.0
11 3528.9999999999927 309.0
12 3293.9999999999927 309.00012207029795
13 3293.9997558593714 9.000116348295705
14 3528.9997558593604 9.000006675792974
15 3543.9997558593604 24.0
16 3543.999999999982 604.0
17 3528.9999999999927 619.0
18 3293.9999999999927 619.000122070298
19 3293.9997558593714 319.00012207029795
20 3528.9997558593604 319.0
21 3543.9997558593604 334.0
22 3626.9999999999927 879.0
23 3330.9999999999927 879.0001220703416
24 3034.9999999999927 879.0002441406978
25 3034.9999999999927 644.0002441406978
26 3049.9999999999927 629.0002441406978
27 3330.9999999999927 629.0001220703416
28 3611.9999999999927 629.0
29 3626.9999999999927 644.0
30 3626.9999999999927 1139.0
31 3330.9999999999927 1139.0
32 3034.9999999999927 1139.0
33 3034.9999999999927 904.0
34 3049.9999999999927 889.0
35 3330.9999999999927 889.0
36 3611.9999999999927 889.0
37 3626.9999999999927 904.0
38 3803.9999999999927 584.0
39 3779.251262658465 594.2512626584648
40 3768.9999999999927 619.0
41 3553.9999999999927 619.000122070298
42 3553.9997558593604 319.00012207029795
43 3788.9997558593604 319.0
44 3803.9999999999927 334.0
45 3803.9999999999927 294.0
46 3788.999999999982 309.0
47 3553.9999999999927 309.00012207029795
48 3553.9997558593604 9.000116348295705
49 3788.9997558593604 9.000006675792974
50 3803.9997558593604 24.0
51 4064.9999999999927 294.0
52 4049.9999999999927 309.0
53 3814.9999999999927 309.0000610351999
54 3814.9999999999927 9.000048637404689
55 4049.9999999999927 9.000001907392289
56 4064.9999999999927 24.0
57 4064.9999999999927 589.0
58 4049.9999999999927 604.0
59 3814.9999999999927 604.0000610351999
60 3814.9999999999927 319.00006103509804
61 4029.9999999999927 319.0
62 4040.251262658465 343.74873734153516
63 4064.9999999999927 354.0
64 4228.999999999993 879.0
65 3932.9999999999927 879.0001220703416
66 3636.9999999999927 879.0002441406978
67 3636.9999999999927 644.0002441406978
68 3651.9999999999927 629.0002441406978
69 3932.9999999999927 629.0001220703416
70 4213.999999999993 629.0
71 4228.999999999993 644.0
72 4228.999999999993 1139.0
73 3932.9999999999927 1139.000122070298
74 3636.9999999999927 1139.000244140596
75 3636.9999999999927 904.0002441405959
76 3651.9999999999927 889.0002441406978
77 3932.9999999999927 889.0001220703416
78 4213.999999999993 889.0
79 4228.999999999993 904.0
80 4324.999999999982 589.0
81 4309.999999999993 604.0
82 4074.9999999999927 604.0000610351999
83 4074.9999999999927 319.00006103509804
84 4309.999999999993 319.0
85 4324.999999999982 334.0
86 4324.999999999982 294.0
87 4309.999999999993 309.0
88 4074.9999999999927 309.0000610351999
89 4074.9999999999927 9.000048637404689
90 4309.999999999993 9.000001907392289
91 4324.999999999982 24.0
92 4584.999999999993 294.0
93 4569.999999999993 309.0
94 4334.999999999993 309.0000610351999
95 4334.999999999993 9.000048637404689
96 4569.999999999993 9.000001907392289
97 4584.999999999993 24.0
98 4583.999999999982 589.0
99 4568.999999999993 604.0
100 4333.999999999993 604.000122070298
101 4333.999999999993 319.00012207029795
102 4548.999999999993 319.0000305175927
103 4559.2512734480515 343.74874813112547
104 4583.999999999982 354.0
105 4844.999999999993 294.0
106 4829.999999999993 309.0
107 4594.999999999993 309.0000610351999
108 4594.999999999993 9.000048637404689
109 4829.999999999993 9.000001907392289
110 4844.999999999993 24.0
111 4844.999999999993 589.0
112 4829.999999999993 604.0
113 4594.999999999993 604.0000610351999
114 4594.999999999993 319.00006103509804
115 4829.999999999993 319.0
116 4844.999999999993 334.0
117 4830.999999999993 879.0
118 4534.999999999993 879.0
119 4238.999999999993 879.0
120 4238.999999999993 644.0
121 4253.999999999993 629.0
122 4534.999999999993 629.0
123 4815.999999999993 629.0
124 4830.999999999993 644.0
125 4830.999999999993 1139.0
126 4534.999999999993 1139.0
127 4238.999999999993 1139.0
128 4238.999999999993 904.0
129 4253.999999999993 889.0
130 4534.999999999993 889.0
131 4815.999999999993 889.0
132 4830.999999999993 904.0
133 5212.999999999993 1139.0
134 4840.999999999993 1139.000122070298
135 4840.999999999993 904.000122070298
136 4855.999999999993 889.000122070298
137 5197.999999999993 889.0
138 5212.999999999993 904.0
139 5212.999999999993 879.0
140 4840.999999999993 879.0
141 4840.999999999993 644.0
142 4855.999999999993 629.0
143 5197.999999999993 629.0
144 5212.999999999993 644.0
145 5103.999999999993 569.0
146 5079.251262658465 579.2512626584648
147 5068.999999999993 604.0
148 4853.999999999993 604.000122070298
149 4853.999999999993 319.00012207029795
150 5088.999999999993 319.0
151 5103.999999999993 333.99996948239277
152 5103.999999999993 294.0
153 5088.999999999993 309.0
154 4853.999999999993 309.00012207029795
155 4853.999999999993 9.000116348295705
156 5068.999999999993 9.000016212492483
157 5079.251268390439 33.74874307352002
158 5103.999999999993 44.0
159 5363.999999999993 294.0
160 5348.999999999993 309.0
161 5113.999999999993 309.00012207029795
162 5113.999999999993 9.000116348295705
163 5348.999999999993 9.000006675792974
164 5363.999999999993 24.0
165 5363.999999999993 578.0
166 5348.999999999993 593.0
167 5133.999999999993 593.000122070298
168 5113.999999999993 558.3590698242915
169 5113.999999999993 319.00012207029795
170 5348.999999999993 319.0
171 5363.999999999993 334.0
172 5623.999999999993 279.0
173 5608.999999999993 294.0
174 5373.999999999993 294.00012207029795
175 5373.999999999993 9.000116348295705
176 5608.999999999993 9.000006675792974
177 5623.999999999993 23.99996948239277
178 5624.999999999993 578.0
179 5609.999999999993 593.0
180 5374.999999999982 593.0000610351999
181 5374.999999999982 353.64105224609375
182 5394.999999999993 319.0000305175927
183 5609.999999999993 319.0
184 5624.999999999993 334.0
185 5584.999999999993 879.0
186 5222.999999999993 879.0
187 5222.999999999993 644.0
188 5237.999999999993 629.0
189 5569.999999999993 629.0
190 5584.999999999993 644.0
191 5584.999999999993 1139.0
192 5222.999999999993 1139.000122070298
193 5222.999999999993 904.000122070298
194 5237.999999999993 889.000122070298
195 5569.999999999993 889.0
196 5584.999999999993 904.0
197 6579.607910156239 1120.9898681640916
198 6554.846388824521 1131.241214804555
199 6544.595214843739 1156.002807617202
200 6198.465820312489 1156.00390625
201 5948.371826171864 1156.0039672851562
202 5698.277832031243 1156.004028320298
203 5613.212890624982 1156.004028320298
204 5597.999999999993 1141.0
205 5594.150878906243 861.8909912109957
206 5618.6010050549485 851.471553919997
207 5628.682128906243 826.8800048828998
208 5823.754882812489 826.8799438476999
209 5838.029442512005 841.065946286195
210 5856.740722656239 848.4749755858938
211 6218.174316406239 912.2053833007521
212 6579.607910156239 975.9357910155959
213 6579.849121093739 890.1090087890916
214 6555.399309473873 900.5286157015944
215 6545.318359374989 925.119995117202
216 6350.245117187489 925.1201171875
217 6335.970557487981 910.9341147489613
218 6317.259277343739 903.5250854492042
219 5955.825683593739 839.7947692871094
220 5594.392089843743 776.064453125
221 5594.392089843743 631.0104370117042
222 5619.153632769208 620.7590687999618
223 5629.404785156243 595.9974365233938
224 5975.534179687489 595.9962768554979
225 6225.628173828114 595.9961547851562
226 6475.722167968739 595.9960327148001
227 6560.787109374989 595.9960327148001
228 6575.999999999989 611.0
229 6619.607910156239 189.0635375976999
230 6258.174560546864 252.79420471194317
231 5896.741210937489 316.524871826201
232 5878.029934951595 323.9338874304085
233 5863.755371093739 338.1198730469041
234 5668.682128906243 338.1199645995948
235 5658.601168084599 313.5286048420094
236 5634.151367187493 303.1090087890916
237 5637.999999999993 24.0
238 5653.212890624993 8.995993614196777
239 5738.277832031239 8.995953559904592
240 5988.371826171864 8.995837211652542
241 6238.465820312489 8.995720863400493
242 6584.595214843739 8.99656009679893
243 6594.846372966622 33.758181890749256
244 6619.607910156239 44.00954437260225
245 6962.727539062489 625.1187133788917
246 6949.901367187489 638.1226196288917
247 6682.249023437489 638.1227416992042
248 6668.235417142434 616.1210842407309
249 6645.047851562489 604.1715698242915
250 6311.521484374989 532.3289489746385
251 5977.995117187489 460.486328125
252 5977.995117187489 323.0048828125
253 5990.999999999989 310.0
254 6467.178222656239 309.99928283694317
255 6943.356445312489 309.9985656739009
256 6958.570312499989 325.0014953614009
257 7614.727539062489 324.1186828614009
258 7601.901367187489 337.1225891114009
259 7334.249023437489 337.12271118169883
260 7320.235410850615 315.12107135832775
261 7297.047851562489 303.1715698242915
262 6963.521484374989 231.32894897463848
263 6629.995117187489 159.486328125
264 6629.995117187489 22.004888534604106
265 6642.999999999989 9.0
266 7119.178222656239 8.999290466308594
267 7595.356445312489 8.998580932602636
268 7610.570312499989 24.001502990693552
269 7574.004882812489 1142.9951171875
270 7560.999999999989 1156.0
271 7084.821777343739 1156.000610351548
272 6608.643554687489 1156.001220703096
273 6593.429687499989 1140.9982910156978
274 6589.272460937489 840.8810424804979
275 6602.098632812489 827.8771362304979
276 6869.750976562489 827.877075195298
277 6883.764582857515 849.8787326538732
278 6906.952148437489 861.8282470703998
279 7240.478515624989 933.6709594726999
280 7574.004882812489 1005.513671875
281 7769.727539062489 963.1187133788917
282 7756.901367187489 976.1226196288917
283 7489.249023437489 976.1227416992042
284 7475.235417142449 954.1210842406872
285 7452.047851562489 942.1715698242042
286 7118.521484374989 870.3289489746094
287 6784.995117187489 798.486328125
288 6784.995117187489 661.0048828125
289 6797.999999999989 648.0
290 7274.178222656239 647.9992980957031
291 7750.356445312489 647.9985961913917
292 7765.570312499989 663.0015258788917
293 8071.210449218739 596.226379394604
294 8057.201660156239 610.226379394604
295 7779.847167968739 610.226501464902
296 7502.492675781239 610.2266235351999
297 7502.492187499989 461.1719360351999
298 7556.012695312489 461.1719055175927
299 7585.29085110925 458.2978705992864
300 7613.444953777045 449.7645836274896
301 7639.392045766948 435.90028051342233
302 7662.134062978894 417.2382565957814
303 7680.796225651375 394.4963532463007
304 7694.660687075393 368.54934584672446
305 7703.194145822799 340.3952952433465
306 7706.068359374989 311.11715698239277
307 7706.068359374989 140.14059448249463
308 7699.367361469198 115.13220773667854
309 7681.056640624989 96.82810211180185
310 7621.037109374989 62.17188262939453
311 7621.008789062489 24.00000762939453
312 7635.999999999989 9.0
313 8056.204101562489 8.99980449679424
314 8071.209960937489 23.99979782110313
315 8071.210205078114 310.1130886078463
316 8409.123046874989 1143.901245117202
317 8396.119140624989 1156.727416992202
318 8096.002441406239 1152.5703125
319 8080.999511718739 1137.3564453125
320 8080.999755859364 661.17822265625
321 8080.999999999989 185.0
322 8094.004882812489 171.9951171875
323 8231.486328124989 171.99505615240196
324 8303.329101562489 505.52139282229473
325 8375.171874999989 839.047729492202
326 8387.121389416472 862.2352950721543
327 8409.123046874989 876.248901367202
328 8694.999999999989 596.0
329 8679.999999999989 611.0
330 8444.999999999989 611.000122070298
331 8444.999999999989 369.9401855469041
332 8442.721158250071 343.8929647234763
333 8435.953885709368 318.63717618490045
334 8424.90380244477 294.9402039692068
335 8409.90665950612 273.52206828881754
336 8391.418137304641 255.03354808976292
337 8369.999999999989 240.036407470805
338 8194.999999999989 139.00022888189415
339 8194.999999999989 9.00023269659141
340 8679.999999999989 9.000006675792974
341 8694.999999999989 24.0
342 8694.999999999989 310.0
343 9033.123046874989 1143.901245117202
344 9020.119140624989 1156.727416992202
345 8720.001953124989 1152.5703125
346 8704.999023437489 1137.3564453125
347 8704.999511718739 661.17822265625
348 8704.999999999989 185.0
349 8718.004882812489 171.9951171875
350 8855.486328124989 171.99505615240196
351 8927.329101562489 505.52139282229473
352 8999.171874999989 839.047729492202
353 9011.121389416472 862.2352950721543
354 9033.123046874989 876.248901367202
355 9206.999999999989 610.999877929702
356 8971.999999999989 611.0
357 8956.999999999989 596.0
358 8956.999999999989 310.0
359 8956.999999999989 24.0
360 8971.999999999989 8.999993324294337
361 9456.999999999989 8.9997673034959
362 9456.999999999989 138.99977111819317
363 9281.999999999989 240.03610229499463
364 9260.581854902728 255.0332494527247
365 9242.093327416307 273.52177869823936
366 9227.096182296413 294.93992522241024
367 9216.04610037377 318.63690924530965
368 9209.278832917695 343.89270963761373
369 9206.999999999989 369.93994140629366
370 3019.4999999999927 2391.9975585937937
371 2589.5714285714203 2391.997907366109
372 2159.6428571428514 2391.998256138424
373 1729.714285714279 2391.9986049107392
374 1299.7857142857065 2391.9989536830544
375 869.857142857134 2391.9993024553696
376 439.9285714285652 2391.999651227685
377 9.999999999992724 2392.0
378 9.99964504241143 1936.228710937503
379 9.999290084833774 1480.4574218750058
380 9.99893512725248 1024.6861328124942
381 9.998580169674824 568.9148437499971
382 9.99822521209353 113.1435546875
383 439.92680604116686 113.14322008404997
384 869.8553868702402 113.1428854806145
385 1299.7839676993135 113.14255087716447
386 1729.7125485283905 113.14221627372899
387 2159.641129357464 113.14188167027896
388 2589.569710186537 113.14154706684349
389 3019.4982910156104 113.14121246339346
390 3019.498632812487 568.9124816894764
391 3019.4989746093634 1024.6837509155594
392 3019.49931640624 1480.4550201416278
393 3019.4996582031163 1936.2262893677107
394 6283.733886718739 2391.9985351562937
395 5819.200474330344 2391.998744419674
396 5354.667061941953 2391.998953683069
397 4890.133649553562 2391.9991629464494
398 4425.60023716517 2391.9993722098443
399 3961.066824776779 2391.9995814732247
400 3496.533412388384 2391.9997907366196
401 3031.9999999999927 2392.0
402 3031.999837239575 1983.4756673177035
403 3031.9996744791606 1574.9513346353924
404 3031.9995117187427 1166.427001953096
405 3496.532924107134 1166.4267926897155
406 3961.066336495529 1166.4265834263206
407 4425.59974888392 1166.4263741629402
408 4890.133161272312 1166.4261648995598
409 5354.666573660703 1166.4259556361794
410 5819.199986049094 1166.4257463727845
411 6283.733398437489 1166.425537109404
412 6283.733561197903 1574.9498697917006
413 6283.733723958325 1983.4742024739971
414 3320.1086425781104 1662.6468505859957
415 3346.2628745937327 1659.2121465535456
416 3370.635695765057 1649.1222192858258
417 3391.5645622893317 1633.0653332201473
418 3407.6218529201615 1612.1367770894722
419 3417.71225132795 1587.7641509673413
420 3421.1474609374927 1561.6099853515916
421 3417.7125043036904 1535.4555422902922
422 3407.62221946472 1511.0826070794574
423 3391.5649078850656 1490.1537618232833
424 3370.6359074320317 1474.0966525267722
425 3346.2628746972696 1464.0066032586474
426 3320.1083984374927 1460.5718994140916
427 3293.953922177716 1464.0066032586474
428 3269.580889442954 1474.0966525267722
429 3248.65188898992 1490.1537618232833
430 3232.5945774102656 1511.0826070794574
431 3222.504292571295 1535.4555422902922
432 3219.0693359374927 1561.6099853515916
433 3222.5045665501675 1587.764229616485
434 3232.595025255898 1612.1369181332993
435 3248.6524071542044 1633.0655059738929
436 3269.5813829868566 1649.122382165282
437 3293.9543153146005 1659.2122519452678
438 3722.2648925781104 1662.646606445298
439 3748.419029345787 1659.2117970218387
440 3772.7917393608877 1649.1218122667779
441 3793.7204965770397 1633.0649163268536
442 3809.7776959405383 1612.136391905893
443 3819.8680340502724 1587.7638281780237
444 3823.3032226562427 1561.6097412109957
445 3819.868287025005 1535.4553767988255
446 3809.7780624836887 1511.082503982907
447 3793.720842171537 1490.1536904369277
448 3772.7919510271386 1474.0965712662583
449 3748.419029449142 1464.0064645102248
450 3722.2646484374927 1460.5716552734957
451 3696.1101525155464 1464.006364368688
452 3671.7371041821134 1474.0964287112001
453 3650.8080958015307 1490.1535608245467
454 3634.7507866903798 1511.0824334078643
455 3624.660516223321 1535.4553964079096
456 3621.225585937482 1561.6098632812937
457 3624.660842897709 1587.764083734044
458 3634.7513159751106 1612.13674446175
459 3650.8087003418914 1633.0653049753455
460 3671.7376682471477 1649.1221583499719
461 3696.1105849764863 1659.2120130554977
462 5032.756835937493 1525.589111328096
463 5056.81314485714 1515.6316945466824
464 5066.772460937493 1491.576171875
465 5056.81314485714 1467.5206492033176
466 5032.756835937493 1457.563232421904
467 5008.705535198995 1467.5234562754777
468 4998.749023437493 1491.576293945298
469 5008.705621569319 1515.6289737648767
470 5608.475585937482 1483.5688476562937
471 5631.117335942683 1474.1975626263156
472 5640.491210937493 1451.556884765596
473 5631.117335942665 1428.9162069049198
474 5608.475585937482 1419.544921875
475 5585.838887319205 1428.918970901752
476 5576.467773437493 1451.556884765596
477 5585.838887319187 1474.1947986294836
478 9548.734374999989 2391.572265625
479 9084.200892857134 2391.5723702567047
480 8619.667410714272 2391.572474888395
481 8155.133928571417 2391.5725795200997
482 7690.600446428562 2391.5726841518044
483 7226.0669642857065 2391.572788783509
484 6761.533482142844 2391.5728934151994
485 6296.999999999989 2391.572998046904
486 6296.999999999989 1983.0486653646076
487 6296.999999999989 1574.5243326822965
488 6296.999999999989 1166.0
489 6761.533482142844 1165.9999128069321
490 7226.0669642857065 1165.9998256138497
491 7690.600446428562 1165.9997384207818
492 8155.133928571417 1165.999651227714
493 8619.667410714272 1165.999564034646
494 9084.200892857134 1165.9994768415636
495 9548.734374999989 1165.9993896484957
496 9548.734374999989 1574.5236816406687
497 9548.734374999989 1983.047973632827
498 6935.242187499989 1905.3568115233938
499 6909.087711240198 1908.7915153679642
500 6884.714678505432 1918.8815646361036
501 6863.785678052391 1934.9386739326292
502 6847.72836647274 1955.8675191888178
503 6837.6380816337805 1980.2404543996818
504 6834.203124999989 2006.3948974609957
505 6837.6381606774485 2032.5492690859974
506 6847.728488632016 2056.9221209292737
507 6863.78580761718 2077.85088420409
508 6884.714784287669 2093.9079250500945
509 6909.087770226575 2103.997929095014
510 6935.242187499989 2107.4326171875
511 6961.396509525341 2103.997823703088
512 6985.769384307616 2093.9077621703764
513 7006.69825166959 2077.85071145017
514 7022.755479387273 2056.921979885432
515 7032.845747044081 2032.549190436941
516 7036.280761718739 2006.3948974609957
517 7032.845826087516 1980.240533048811
518 7022.755601546207 1955.8676602328778
519 7006.698381234059 1934.9388466868695
520 6985.769490089657 1918.8817275161855
521 6961.396568511653 1908.7916207601374
522 8297.757812499989 2032.4095458983938
523 8273.70659813179 2042.3696834616567
524 8263.749999999989 2066.4223632812937
525 8273.706554946755 2090.4751220259495
526 8297.757812499989 2100.435302734404
527 8321.814121419633 2090.477885952976
528 8331.773437499989 2066.4223632812937
529 8321.814078229629 2042.366919539607
530 8873.476562499989 2074.429443359404
531 8850.839863881705 2083.803492386156
532 8841.468749999989 2106.44140625
533 8850.839863881683 2129.0793201138877
534 8873.476562499989 2138.4533691406978
535 8896.118312505194 2129.0820841107197
536 8905.492187500004 2106.44140625
537 8896.118312505172 2083.800728389324
GTSP_SET_SECTION
1 1 -1
2 2 3 4 5 6 7 8 9 -1
3 10 11 12 13 14 15 -1
4 16 17 18 19 20 21 -1
5 22 23 24 25 26 27 28 29 -1
6 30 31 32 33 34 35 36 37 -1
7 38 39 40 41 42 43 44 -1
8 45 46 47 48 49 50 -1
9 51 52 53 54 55 56 -1
10 57 58 59 60 61 62 63 -1
11 64 65 66 67 68 69 70 71 -1
12 72 73 74 75 76 77 78 79 -1
13 80 81 82 83 84 85 -1
14 86 87 88 89 90 91 -1
15 92 93 94 95 96 97 -1
16 98 99 100 101 102 103 104 -1
17 105 106 107 108 109 110 -1
18 111 112 113 114 115 116 -1
19 117 118 119 120 121 122 123 124 -1
20 125 126 127 128 129 130 131 132 -1
21 133 134 135 136 137 138 -1
22 139 140 141 142 143 144 -1
23 145 146 147 148 149 150 151 -1
24 152 153 154 155 156 157 158 -1
25 159 160 161 162 163 164 -1
26 165 166 167 168 169 170 171 -1
27 172 173 174 175 176 177 -1
28 178 179 180 181 182 183 184 -1
29 185 186 187 188 189 190 -1
30 191 192 193 194 195 196 -1
31 197 198 199 200 201 202 203 204 205 206 207 208 209 210 211 212 -1
32 213 214 215 216 217 218 219 220 221 222 223 224 225 226 227 228 -1
33 229 230 231 232 233 234 235 236 237 238 239 240 241 242 243 244 -1
34 245 246 247 248 249 250 251 252 253 254 255 256 -1
35 257 258 259 260 261 262 263 264 265 266 267 268 -1
36 269 270 271 272 273 274 275 276 277 278 279 280 -1
37 281 282 283 284 285 286 287 288 289 290 291 292 -1
38 293 294 295 296 297 298 299 300 301 302 303 304 305 306 307 308 309 310 311 312 313 314 315 -1
39 316 317 318 319 320 321 322 323 324 325 326 327 -1
40 328 329 330 331 332 333 334 335 336 337 338 339 340 341 342 -1
41 343 344 345 346 347 348 349 350 351 352 353 354 -1
42 355 356 357 358 359 360 361 362 363 364 365 366 367 368 369 -1
43 370 371 372 373 374 375 376 377 378 379 380 381 382 383 384 385 386 387 388 389 390 391 392 393 -1
44 394 395 396 397 398 399 400 401 402 403 404 405 406 407 408 409 410 411 412 413 -1
45 414 415 416 417 418 419 420 421 422 423 424 425 426 427 428 429 430 431 432 433 434 435 436 437 -1
46 438 439 440 441 442 443 444 445 446 447 448 449 450 451 452 453 454 455 456 457 458 459 460 461 -1
47 462 463 464 465 466 467 468 469 -1
48 470 471 472 473 474 475 476 477 -1
49 478 479 480 481 482 483 484 485 486 487 488 489 490 491 492 493 494 495 496 497 -1
50 498 499 500 501 502 503 504 505 506 507 508 509 510 511 512 513 514 515 516 517 518 519 520 521 -1
51 522 523 524 525 526 527 528 529 -1
52 530 531 532 533 534 535 536 537 -1
GTSP_SET_ORDERING
45 44 -1
46 44 -1
47 44 -1
48 44 -1
50 49 -1
51 49 -1
52 49 -1
EOF