NAME: Lc51v1790
TYPE: PCGTSP 
COMMENT: 
DIMENSION: 1791
GTSP_SETS: 52
EDGE_WEIGHT_TYPE: EUC_2D
NODE_COORD_SECTION
1 0.0 0.0
2 1770.0 1964.9999999998836
3 1400.0 1964.9999999998836
4 1391.2132101393945 1943.7867898605182
5 1370.0 1934.9999999998836
6 1348.7867898606055 1943.7867898605182
7 1340.0 1964.9999999998836
8 970.0 1964.9999999998836
9 970.0 1815.0
10 1340.0 1815.0
11 1348.786789860631 1836.2132101393072
12 1370.0 1844.9999999998836
13 1391.213210139369 1836.2132101393072
14 1400.0 1815.0
15 1770.0 1815.0
16 1728.0001220703089 1804.9999999997672
17 1578.0001220703089 1804.9999999997672
18 1578.0001220703089 1435.0
19 1599.2133322097507 1426.213210139249
20 1608.0001220703089 1404.9999999997672
21 1599.213332209678 1383.78678986046
22 1578.0001220703089 1374.9999999998836
23 1578.0 1004.9999999998836
24 1728.0 1004.9999999998836
25 1728.0001220703089 1374.9999999998836
26 1706.7869119309398 1383.78678986046
27 1698.0001220703089 1404.9999999997672
28 1706.786911930867 1426.213210139249
29 1728.0001220703089 1435.0
30 1888.0001220703089 1787.9999999998836
31 1738.0001220703089 1787.9999999998836
32 1738.0001220703089 1417.9999999998836
33 1759.213332209678 1409.2132101393072
34 1768.0001220703089 1388.0
35 1759.213332209798 1366.7867898604018
36 1738.0001220703089 1357.9999999995925
37 1738.0 988.0
38 1888.0 988.0
39 1888.0001220703089 1357.9999999995925
40 1866.7869119308198 1366.7867898604018
41 1858.0001220703089 1388.0
42 1866.7869119309398 1409.2132101393072
43 1888.0001220703089 1417.9999999998836
44 2058.0 1493.0
45 1898.0 1493.0
46 1898.0 1373.0
47 1928.0 1373.0
48 1935.0710678118885 1370.0710678118048
49 1938.0 1362.9999999998836
50 1938.0 1322.9999999995925
51 1935.0710678118412 1315.9289321877877
52 1928.0 1312.9999999997672
53 1898.0 1312.9999999997672
54 1898.0 1192.9999999998836
55 2058.0 1192.9999999998836
56 2058.0 1312.9999999997672
57 2028.0 1312.9999999997672
58 2020.9289321881588 1315.9289321877877
59 2018.0 1322.9999999995925
60 2018.0 1362.9999999998836
61 2020.9289321881115 1370.0710678118048
62 2028.0 1373.0
63 2058.0 1373.0
64 1400.0 779.9999999998836
65 1030.0 779.9999999998836
66 1021.2132101393472 758.7867898606346
67 1000.0 750.0000000001164
68 978.7867898606528 758.7867898606346
69 970.0 779.9999999998836
70 600.0 779.9999999998836
71 600.0 630.0
72 970.0 630.0
73 978.7867898606055 651.2132101393654
74 1000.0 660.0
75 1021.2132101393945 651.2132101393654
76 1030.0 630.0
77 1400.0 630.0
78 1441.0 619.9999999998836
79 1071.0 619.9999999998836
80 1062.213210139369 598.7867898605764
81 1041.0 590.0
82 1019.786789860631 598.7867898605764
83 1011.0 619.9999999998836
84 641.0 619.9999999998836
85 641.0 470.0000000001164
86 1011.0 470.0000000001164
87 1019.7867898606528 491.2132101393654
88 1041.0 499.9999999998836
89 1062.2132101393472 491.2132101393654
90 1071.0 470.0000000001164
91 1441.0 470.0000000001164
92 1080.0 459.9999999998836
93 960.0 459.9999999998836
94 960.0 429.9999999998836
95 957.071067811914 422.92893218790414
96 950.0 419.99999999959255
97 910.0 419.99999999959255
98 902.928932188086 422.92893218790414
99 900.0 429.9999999998836
100 900.0 459.9999999998836
101 780.0 459.9999999998836
102 780.0 299.99999999970896
103 900.0 299.99999999970896
104 900.0 329.99999999970896
105 902.9289321881079 337.0710678116302
106 910.0 339.9999999998836
107 950.0 339.9999999998836
108 957.0710678118921 337.0710678116302
109 960.0 329.99999999970896
110 960.0 299.99999999970896
111 1080.0 299.99999999970896
112 1400.0 940.9999999998836
113 1030.0 940.9999999998836
114 1021.213210139369 919.7867898605764
115 1000.0 911.0
116 978.786789860631 919.7867898605764
117 970.0 940.9999999998836
118 600.0 940.9999999998836
119 600.0 790.9999999997672
120 970.0 790.9999999997672
121 978.7867898605582 812.213210139249
122 1000.0 821.0
123 1021.2132101394418 812.213210139249
124 1030.0 790.9999999997672
125 1400.0 790.9999999997672
126 1400.0 1101.0
127 1030.0 1101.0001220700797
128 1021.213210139369 1079.7869119307725
129 1000.0 1071.000122070196
130 978.786789860631 1079.7869119307725
131 970.0 1101.0001220700797
132 600.0 1101.0003662108793
133 599.9999389648401 951.0003051756648
134 969.9999389648401 951.0001831054105
135 978.7867288254711 972.2133932447177
136 999.9999389648401 981.0001831052941
137 1021.2132101394564 972.2133932448924
138 1030.0 951.0001220703125
139 1400.0 950.9999999997672
140 1400.0 1261.0000000001164
141 1030.0 1261.0000000001164
142 1021.2132101394891 1239.7867898605182
143 1000.0 1230.999999999709
144 978.7867898605109 1239.7867898605182
145 970.0 1261.0000000001164
146 600.0 1261.0000000001164
147 600.0 1110.9999999998836
148 970.0 1110.9999999998836
149 978.78678986058 1132.2132101393072
150 1000.0 1141.0
151 1021.21321013942 1132.2132101393072
152 1030.0 1110.9999999998836
153 1400.0 1110.9999999998836
154 1400.0 1420.999999999709
155 1030.0 1420.999999999709
156 1021.213210139369 1399.7867898604018
157 1000.0 1390.9999999998836
158 978.786789860631 1399.7867898604018
159 970.0 1420.999999999709
160 600.0 1420.999999999709
161 600.0 1270.9999999998836
162 970.0 1270.9999999998836
163 978.786789860631 1292.2132101391908
164 1000.0 1300.9999999997672
165 1021.213210139369 1292.2132101391908
166 1030.0 1270.9999999998836
167 1400.0 1270.9999999998836
168 1408.0 1580.9999999997672
169 1038.0 1581.0001220703125
170 1029.2132101393945 1559.786911930947
171 1008.0 1551.0001220703707
172 986.7867898606055 1559.786911930947
173 978.0 1581.0001220703125
174 608.0 1581.0003662107629
175 607.9999389648401 1431.0003662107629
176 977.9999389648401 1431.000122070196
177 986.7867288253983 1452.213332209678
178 1007.9999389648401 1461.0001220703707
179 1029.213188560283 1452.2133537889458
180 1038.0 1431.000122070196
181 1408.0 1430.9999999998836
182 1568.0 1580.999877929571
183 1418.0 1580.9999999997672
184 1417.9998779296875 1211.0000000001164
185 1439.2130091572035 1202.2131669810624
186 1447.9997558593677 1180.9999999998836
187 1439.2129659987877 1159.78678986046
188 1417.9997558593677 1150.9999999997672
189 1417.9996337890589 780.9999999998836
190 1567.9996337890589 780.9999389646691
191 1567.9997558593677 1150.9998779296875
192 1546.7865025614483 1159.7867109485087
193 1537.9997558593677 1180.9999999998836
194 1546.7866320367175 1202.2131743857171
195 1567.9998779296802 1210.9998779293965
196 1469.0 1740.9999999998836
197 1099.0 1741.0001220699633
198 1090.213210139369 1719.786911930656
199 1069.0 1711.0001220700797
200 1047.786789860631 1719.786911930656
201 1039.0 1741.0001220699633
202 669.0 1741.0003662107629
203 668.9999389648401 1591.0003662108793
204 1039.0 1591.0001220700797
205 1047.7867898605546 1612.2133322096197
206 1069.0 1621.0001220703707
207 1090.2132101394454 1612.2133322096197
208 1099.0 1591.0001220700797
209 1469.0 1591.0
210 4550.873046875 2611.0
211 4113.345458984375 2611.0
212 3675.81787109375 2611.0
213 3238.290283203125 2611.0
214 2800.7626953125 2611.0
215 2429.623372395832 2611.0
216 2058.484049479168 2611.0
217 1687.3447265625 2611.0
218 1672.33984375 2595.995117187267
219 1672.33984375 2435.854492187209
220 1688.7192890758924 2427.889323328738
221 1695.34765625 2410.9248046873836
222 1688.025327325151 2393.2383445497253
223 1670.3388671875 2385.9160156248836
224 1623.3212890625 2385.9160156248836
225 1605.6341975044925 2393.237999051751
226 1598.3115234375 2410.9248046873836
227 1598.3115234375 2611.0
228 1510.2783203125 2611.0
229 1183.65625 2611.0
230 857.0341796875 2611.0
231 842.0283203125 2595.995117187267
232 842.0283203125 2435.854492187209
233 858.4083834971425 2427.8896339098574
234 865.037109375 2410.9248046873836
235 857.7144353080075 2393.237999051751
236 840.02734375 2385.9160156248836
237 793.009765625 2385.9160156248836
238 775.3226740669925 2393.237999051751
239 768.0 2410.9248046873836
240 768.0 2611.0
241 413.867431640625 2611.0
242 59.73486328125 2611.0
243 53.039148303349066 2585.986658288806
244 34.72922738577472 2567.6769161109696
245 9.7158203125 2560.9814453125
246 9.7158203125 2162.332031249942
247 9.7158203125 1763.6826171873836
248 24.72216796875 1748.6767578123836
249 184.86181640625 1748.6767578123836
250 192.82649533257427 1765.056655303517
251 209.791015625 1771.685546875
252 227.4784526878102 1764.3632183126756
253 234.80078125 1746.6757812497672
254 234.80078125 1698.6582031247672
255 227.47845268773744 1680.9707660620334
256 209.791015625 1673.6484374998836
257 9.7158203125 1673.6484374998836
258 9.7158203125 1286.5034179686918
259 9.7158203125 899.3583984375
260 24.72216796875 884.353515625
261 204.8701171875 884.353515625
262 212.83492733643288 900.7326295736129
263 229.798828125 907.361328125
264 247.4856039719707 900.0391719469917
265 254.80810546875 882.3525390626164
266 254.80810546875 831.3334960935754
267 247.4861222307518 813.6459160710801
268 229.798828125 806.3232421875
269 9.7158203125 806.3232421875
270 9.7158203125 441.9367675780086
271 9.7158203125 77.55029296851717
272 34.72936842851777 70.85474086919567
273 53.03931118193577 52.54479811579222
274 59.73486328125 27.53124999976717
275 59.73486328125 24.530273437383585
276 520.5669642857138 24.530273437383585
277 981.3990652901775 24.530273437383585
278 1442.2311662946413 24.530273437383585
279 1903.0632672991087 24.530273437383585
280 2363.8953683035725 24.530273437383585
281 2824.7274693080362 24.530273437383585
282 3285.5595703125 24.530273437383585
283 3287.8046875 27.53124999976717
284 3403.3173828125 181.99658203090075
285 3423.425746525296 195.13438235234935
286 3447.267578125 192.21630859328434
287 3460.8397752927885 218.88176485948497
288 3474.3899908050043 245.5583979569492
289 3487.9182154574337 272.2461897651665
290 3501.4244400607895 298.94512215594295
291 3514.9086554407477 325.6551769936341
292 3528.370852437911 352.376336134912
293 3541.8110219078553 379.10858142899815
294 3555.229154721117 405.8518947175471
295 3568.6252417631913 432.6062578347628
296 3581.9992739345544 459.37165260716574
297 3595.351242150671 486.1480608540005
298 3608.681137341984 512.9354643868865
299 3621.9889504539315 539.7338450099924
300 3635.2746724469544 566.5431845201529
301 3648.5382942964934 593.3634647065192
302 3661.779806993003 620.1946673510829
303 3674.9992015419666 647.0367742282106
304 3688.19646896387 673.8897671049926
305 3701.371600294253 700.7536277410109
306 3714.524586583673 727.628337888571
307 3727.655418897746 754.5138792925281
308 3740.7640883171152 781.4102336904616
309 3753.8505859375 808.3173828125
310 3513.521484375 919.0722656248836
311 3500.4455870392776 933.3391335889464
312 3501.470703125 952.6645507810172
313 3526.361328125 1004.1943359376164
314 3540.43395019148 1016.8613200628897
315 3559.349609375 1016.0312499998836
316 3572.00861533199 1002.9122134351637
317 3572.3935546875 984.6855468748836
318 3745.107421875 905.0893554685754
319 3761.906891108214 925.184133163013
320 3786.560373639062 934.0287957460969
321 3812.302734375 929.1962890623836
322 3821.7319495573865 948.8021081247716
323 3831.1494140625 968.4135742188082
324 3843.6544311743382 994.5298263519653
325 3856.1511046346604 1020.650071964832
326 3868.6394331681986 1046.7743083917885
327 3881.119415500467 1072.902532966691
328 3893.5910503578525 1099.0347430231632
329 3906.0543364676014 1125.1709358942462
330 3918.5092725578033 1151.311108912807
331 3930.9558573573777 1177.45525941113
332 3943.394089596146 1203.6033847210929
333 3955.82396800473 1229.7554821742233
334 3968.245491314654 1255.9115491016419
335 3980.658658258242 1282.0715828340617
336 3993.0634675687215 1308.2355807017884
337 4005.459917980119 1334.403540034662
338 4017.848008227378 1360.5754581622896
339 4030.2277370462434 1386.751332413638
340 4042.5991031733174 1412.9311601173831
341 4054.962105346105 1439.1149386019097
342 4067.3167423029263 1465.3026651950786
343 4079.6630127829158 1491.4943372242851
344 4092.000915526125 1517.6899520166335
345 4104.330449273464 1543.8895068988204
346 4116.651612766644 1570.092999197077
347 4128.964404748276 1596.3004262372851
348 4141.268823961775 1622.5117853449192
349 4153.564869151469 1648.727073844988
350 4165.8525390625 1674.9462890622672
351 3943.6025390625 1774.8076171870925
352 3930.4046085352566 1788.9107885530684
353 3931.1962890625 1808.2099609375
354 3954.134765625 1857.287109375
355 3968.0814586878478 1870.1462370817317
356 3987.041015625 1869.5117187498836
357 3999.8200548690584 1856.5139760492602
358 4000.3779296875 1838.2949218751164
359 4168.3095703125 1762.83984375
360 4188.057456394032 1781.320466705598
361 4215.0810546875 1780.2080078125
362 4226.553238995843 1804.8023225752404
363 4238.02134361101 1829.3985399265075
364 4249.485368217549 1853.9966591894627
365 4260.9453125 1878.5966796873836
366 4255.769678139855 1884.238613184949
367 4256.1015625 1891.8876953123836
368 4264.548828125 1910.0244140626164
369 4270.190129535615 1915.2001738171675
370 4277.8388671875 1914.8691406245925
371 4290.055418608859 1941.108823015471
372 4302.268520668356 1967.350111068692
373 4314.478173154963 1993.5930043306435
374 4326.6843758577925 2019.8375023480621
375 4338.887128565813 2046.0836046672775
376 4351.0864310682555 2072.331310834852
377 4363.282283154291 2098.5806203972315
378 4375.474684613149 2124.831532900862
379 4387.6636352341775 2151.0840478920145
380 4399.849134806751 2177.3381649172516
381 4412.031183120333 2203.593883522728
382 4424.209779964385 2229.8512032548897
383 4436.384925128488 2256.1101236599497
384 4448.55661840225 2282.3706442841794
385 4460.724859575337 2308.632764673792
386 4472.8896484375 2334.896484375
387 4579.853515625 2565.621093749767
388 4558.733341653606 2584.076448410109
389 1668.876953125 1990.7675781247672
390 1698.6754099778664 1989.902765818988
391 1728.3693643671177 1987.2636364425998
392 1757.853260706972 1982.8595715296688
393 1787.0222901225861 1976.7062265785644
394 1815.772763022931 1968.8254753997317
395 1844.0024776948667 1959.2453323591617
396 1871.6110836081316 1947.9998527934658
397 1898.5004381397666 1935.1290119503974
398 1924.5749554499162 1920.6785628854414
399 1949.7419462688267 1904.6998738197726
400 1973.9119473871324 1887.2497455371777
401 1996.9990396782414 1868.3902094697696
402 2018.9211535222275 1848.1883071893826
403 2039.6003605455917 1826.7158520893427
404 2058.9631506397673 1804.0491741037113
405 2076.940693273671 1780.2688483704114
406 2093.4690821713375 1755.4594088043086
407 2108.4895624849196 1729.7090475974255
408 2121.948739655465 1703.109301714634
409 2133.798769219022 1675.7547274997341
410 2143.9975268833623 1647.7425645478652
411 2152.5087582707274 1619.1723900400684
412 2159.3022077943133 1590.1457647675998
413 2164.3537262103127 1560.765872105665
414 2167.6453564632793 1531.1371512183687
415 2169.1653975195622 1501.364925800648
416 2168.9084459619553 1471.5550296748406
417 2166.875415197668 1441.8134305744315
418 2163.0735322113796 1412.2458534519537
419 2157.5163118748496 1382.9574046492926
420 2150.2235089044843 1354.0521982675418
421 2141.221047637584 1325.6329860638944
422 2130.540929876952 1297.8007921914104
423 2118.2211211313697 1270.6545540798688
424 2104.3054156564613 1244.2907707346603
425 2088.8432807755635 1218.8031597037916
426 2071.8896810340957 1194.2823239321006
427 2053.5048828125 1170.8154296875
428 1831.0924479166679 903.2871093749418
429 1608.6800130208321 635.7587890624418
430 1386.267578125 368.2304687498836
431 1366.496401594086 345.94302800879814
432 1345.293783195044 325.0127052872558
433 1322.752661536335 305.5312456249958
434 1298.9718423617087 287.5840431803954
435 1274.0555654495183 271.2497669173172
436 1248.1130476927392 256.600015771226
437 1221.2580043625312 243.69900480553042
438 1193.6081506538176 232.60328373429365
439 1165.2846856977412 223.361489044677
440 1136.4117613028538 216.01413080573548
441 1107.1159377536096 210.59341509878868
442 1077.5256290516882 207.1231028464972
443 1047.7705400318046 205.6184056601487
444 1017.9810978193455 206.08591916202568
445 988.2878801219485 208.5235940744751
446 958.8210428610146 212.9207452023984
447 929.7097496520691 219.25809827022022
448 901.0816056347612 227.50787440827116
449 873.0620981341963 237.63391191710252
450 845.7740466054056 249.59182477701688
451 819.3370642720729 263.32919720810605
452 793.8670338192424 278.78581342694815
453 769.4755994383777 295.8939215937862
454 746.2696774512006 314.57853079302004
455 724.3509876574608 334.75773974502226
456 703.8156074609324 356.3430958085228
457 684.7535507280118 379.23998269985896
458 667.2483732249784 403.34803522989387
459 651.3768063633761 428.5615792402532
460 637.2084208589804 454.7700948106358
461 624.8053217786437 481.85870070697274
462 614.2218763117162 509.7086579466704
463 605.5044754593509 538.1978902737028
464 598.6913306862552 567.2015192622202
465 593.8123064262727 596.5924117031391
466 590.8887891759696 626.2417368740425
467 589.93359375 656.0195312501164
468 589.93359375 1073.300048828125
469 589.93359375 1490.5805664060754
470 590.7694404234389 1519.6671455019386
471 593.2959114865007 1548.655844457331
472 597.5044500068179 1577.4484811321017
473 603.380802039439 1605.9475374313188
474 610.9050649036544 1634.0564895909629
475 620.0517545916082 1661.680135094619
476 630.7898920803636 1688.7249151165015
477 643.0831082550976 1715.099231396569
478 656.8897670880397 1740.7137564757722
479 672.1631066560003 1765.4817362399772
480 688.8513975188253 1789.3192837488605
481 706.8981179224138 1812.1456633530906
482 726.2421452328526 1833.8835641389014
483 746.8179629533406 1854.4593617733335
484 768.5558826227134 1873.8033678632928
485 791.3822798440597 1891.8500659838319
486 815.2198436439903 1908.5383335764636
487 839.9878383180148 1923.8116489659878
488 865.6023768751875 1937.6182827941375
489 891.9767051558556 1949.9114732223097
490 919.0214956602795 1960.6495843100129
491 946.6451500929106 1969.796247031889
492 974.7541095976594 1977.3204824561835
493 1003.2531716333942 1983.1968066681293
494 1032.0458124164797 1987.4053170811385
495 1061.0345138382181 1989.9317598455236
496 1090.12109375 1990.7675781247672
497 1510.2783203125 1990.7675781247672
498 1240.177734375 2570.985351562267
499 1232.8554058127374 2553.2979144995334
500 1215.16796875 2545.9755859373836
501 1197.4811631143639 2553.298260004318
502 1190.1591796875 2570.985351562267
503 1197.481163114342 2588.6724431202747
504 1215.16796875 2595.995117187267
505 1232.855405812763 2588.672788625059
506 4859.0 660.0
507 4739.0 660.0
508 4739.0 630.0
509 4736.0710678118885 622.9289321880788
510 4729.0 619.9999999998836
511 4688.999999999989 619.9999999998836
512 4681.928932188108 622.9289321880788
513 4679.0 630.0
514 4679.0 660.0
515 4559.0 660.0
516 4559.0 499.9999999998836
517 4679.0 499.9999999998836
518 4679.0 529.9999999998836
519 4681.928932188082 537.071067811863
520 4688.999999999989 540.0000000001164
521 4729.0 540.0000000001164
522 4736.071067811914 537.071067811863
523 4739.0 529.9999999998836
524 4739.0 499.9999999998836
525 4859.0 499.9999999998836
526 4840.0 829.9999999998836
527 4720.0 829.9999999998836
528 4720.0 800.0
529 4717.071067811914 792.9289321880206
530 4710.0 789.999999999709
531 4670.0 789.999999999709
532 4662.928932188086 792.9289321880206
533 4660.0 800.0
534 4660.0 829.9999999998836
535 4540.0 829.9999999998836
536 4540.0 669.9999999998836
537 4660.0 669.9999999998836
538 4660.0 700.0
539 4662.928932188184 707.0710678117466
540 4670.0 709.9999999997672
541 4710.0 709.9999999997672
542 4717.071067811816 707.0710678117466
543 4720.0 700.0
544 4720.0 669.9999999998836
545 4840.0 669.9999999998836
546 5703.999999999989 1795.9999999998836
547 5544.0 1795.9999999998836
548 5544.0 1675.9999999998836
549 5574.0 1675.9999999998836
550 5581.0710678118885 1673.0710678116884
551 5584.0 1665.9999999997672
552 5584.0 1626.0
553 5581.071067811914 1618.9289321880206
554 5574.0 1615.999999999709
555 5544.0 1615.999999999709
556 5544.0 1495.9999999998836
557 5703.999999999989 1495.9999999998836
558 5703.999999999989 1615.999999999709
559 5674.0 1615.999999999709
560 5666.928932188086 1618.9289321880206
561 5664.0 1626.0
562 5664.0 1665.9999999997672
563 5666.9289321881115 1673.0710678116884
564 5674.0 1675.9999999998836
565 5703.999999999989 1675.9999999998836
566 5646.0 1485.9999999998836
567 5526.0 1485.9999999998836
568 5526.0 1455.9999999997672
569 5523.071067811841 1448.9289321879623
570 5516.0 1445.9999999998836
571 5476.0 1445.9999999998836
572 5468.928932188159 1448.9289321879623
573 5466.0 1455.9999999997672
574 5466.0 1485.9999999998836
575 5346.0 1485.9999999998836
576 5346.0 1325.9999999998836
577 5466.0 1325.9999999998836
578 5466.0 1355.9999999998836
579 5468.928932188086 1363.071067811863
580 5476.0 1366.0000000001164
581 5516.0 1366.0000000001164
582 5523.071067811914 1363.071067811863
583 5526.0 1355.9999999998836
584 5526.0 1325.9999999998836
585 5646.0 1325.9999999998836
586 5533.0 1655.9999999998836
587 5413.0 1655.9999999998836
588 5413.0 1626.0
589 5410.071067811914 1618.9289321880206
590 5402.999999999989 1615.999999999709
591 5363.0 1615.999999999709
592 5355.928932188086 1618.9289321880206
593 5353.0 1626.0
594 5353.0 1655.9999999998836
595 5233.0 1655.9999999998836
596 5233.0 1495.9999999998836
597 5353.0 1495.9999999998836
598 5353.0 1525.9999999997672
599 5355.928932188133 1533.0710678116302
600 5363.0 1535.9999999997672
601 5402.999999999989 1535.9999999997672
602 5410.071067811863 1533.0710678116302
603 5413.0 1525.9999999997672
604 5413.0 1495.9999999998836
605 5533.0 1495.9999999998836
606 5534.0 1825.9999999997672
607 5414.0 1825.9999999997672
608 5414.0 1795.9999999998836
609 5411.071067811816 1788.928932188137
610 5404.0 1786.0000000001164
611 5364.0 1786.0000000001164
612 5356.928932188177 1788.928932188137
613 5353.999999999989 1795.9999999998836
614 5353.999999999989 1825.9999999997672
615 5234.0 1825.9999999997672
616 5234.0 1665.9999999997672
617 5353.999999999989 1665.9999999997672
618 5353.999999999989 1696.0
619 5356.9289321881515 1703.0710678118048
620 5364.0 1705.9999999998836
621 5404.0 1705.9999999998836
622 5411.071067811841 1703.0710678118048
623 5414.0 1696.0
624 5414.0 1665.9999999997672
625 5534.0 1665.9999999997672
626 5665.0 2003.0
627 5545.0 2003.0
628 5545.0 1972.999999999709
629 5542.071067811841 1965.9289321879041
630 5535.0 1962.9999999998836
631 5495.0 1962.9999999998836
632 5487.928932188159 1965.9289321879041
633 5485.0 1972.999999999709
634 5485.0 2003.0
635 5365.0 2003.0
636 5365.0 1842.9999999998836
637 5485.0 1842.9999999998836
638 5485.0 1872.9999999998836
639 5487.928932188181 1880.0710678116302
640 5495.0 1882.999999999709
641 5535.0 1882.999999999709
642 5542.071067811819 1880.0710678116302
643 5545.0 1872.9999999998836
644 5545.0 1842.9999999998836
645 5665.0 1842.9999999998836
646 6716.857421874996 2557.9492187498836
647 6691.844221206022 2564.6448524260195
648 6673.534500863647 2582.9545727684163
649 6666.838867187496 2607.9677734373836
650 6416.645507812496 2608.468017577892
651 5978.041503906246 2608.468200683361
652 5539.437499999996 2608.4683837888297
653 5100.83349609375 2608.46856689424
654 4662.2294921875 2608.468749999709
655 4656.086153976714 2584.426964108192
656 4639.1409558990235 2566.2994067621767
657 4615.5674871811425 2558.5508813649067
658 4591.171875 2563.0898437498836
659 4512.73046875 2393.8876953125
660 4500.922988965645 2368.510979188024
661 4489.113352141114 2343.1352668198524
662 4477.301558361742 2317.760558391281
663 4465.487607712803 2292.386854085722
664 4453.671500279746 2267.0141540865297
665 4441.853236147905 2241.642458576942
666 4430.032815402668 2216.2717677403125
667 4418.210238129486 2190.902081760054
668 4406.385504413749 2165.5334008192876
669 4394.558614340847 2140.165725101484
670 4382.729567996288 2114.7990547898225
671 4370.8983654655785 2089.4333900677157
672 4359.065006834167 2064.068731118343
673 4347.2294921875 2038.7050781248836
674 4549.556640625 1946.6914062498836
675 4562.670408285103 1932.5857262344216
676 4561.8642578125 1913.342773437209
677 4540.23486328125 1867.029296874709
678 4526.234311701668 1854.1447408932727
679 4507.22021484375 1854.8457031247672
680 4494.507490881664 1867.9021204764722
681 4494.03466796875 1886.119140625
682 4346.04296875 1953.4218749997672
683 4326.297103582754 1935.0626213765936
684 4299.3583984375 1936.1884765622672
685 4286.881669974482 1909.4852169806836
686 4274.402551282492 1882.7830743307713
687 4261.921042461476 1856.0820488266181
688 4249.437143611434 1829.382140682079
689 4236.950854832485 1802.6833501111832
690 4224.46217622457 1775.985677327728
691 4211.971107887806 1749.2891225457424
692 4199.4776499222535 1722.5936859790236
693 4186.9818024280285 1695.899367841601
694 4174.483565505248 1669.2061683472712
695 4161.9829392540305 1642.5140877098893
696 4149.479923774608 1615.8231261434266
697 4136.974519167099 1589.13328386168
698 4124.466725531736 1562.444561078446
699 4111.95654296875 1535.756958007696
700 4103.70166015625 1518.2510986328707
701 4108.853185763444 1512.5842498618294
702 4108.48486328125 1504.9346923828125
703 4099.95263671875 1486.838012694905
704 4102.840224764834 1459.7965569255175
705 4097.226622110567 1433.1870480970247
706 4083.661795809119 1409.616431171191
707 4063.4746976953757 1391.3939295701566
708 4038.64306640625 1380.304809570196
709 4239.99951171875 1287.233520507696
710 4253.016854897411 1273.0697707202053
711 4252.12060546875 1253.853637695196
712 4230.30224609375 1207.6466064453707
713 4216.224898680135 1194.8144266834133
714 4197.19384765625 1195.6241455074633
715 4184.563875782031 1208.7585730502033
716 4184.20361328125 1226.9766845700797
717 4037.07666015625 1294.9825439453125
718 4017.249751508276 1276.7573835126823
719 3990.34814453125 1278.0089111325797
720 3978.230456029418 1252.3564950159052
721 3966.1106972949965 1226.7050569378189
722 3953.988868406919 1201.0545970655512
723 3941.8649694441156 1175.4051155660418
724 3929.7390004855733 1149.756612606463
725 3917.610961610222 1124.1090883538127
726 3905.4808528970498 1098.4625429750886
727 3893.3486744252186 1072.816976637463
728 3881.214426273542 1047.1723895078758
729 3869.078108521182 1021.5287817533826
730 3856.9397212471267 995.8861535410397
731 3844.7992645304803 970.2445050377864
732 3832.6567384502305 944.6038364107371
733 3820.512143085598 918.9641478267731
734 3808.3654785156177 893.3254394530086
735 3796.444799497436 868.1239329591626
736 3784.5297610826856 842.9197591502452
737 3772.6203638682236 817.7129192887223
738 3760.7166084506207 792.5034146372927
739 3748.8184954261123 767.2912464586552
740 3736.9260253906177 742.0764160155668
741 3937.7990722656177 649.0265502927941
742 3950.7967589387918 634.8745920961956
743 3949.9133300781177 615.6798706055852
744 3928.1574707031177 569.4669799800613
745 3914.0716319989733 556.6099056642852
746 3895.0178222656177 557.4269409177941
747 3882.4020918322713 570.572062872001
748 3882.0578613281177 588.7883300778922
749 3735.4162597656177 656.7170410153922
750 3715.606587277205 638.5196102844202
751 3688.7355957031177 639.7522583007812
752 3676.656175469023 614.0688115828088
753 3664.582607551758 588.3826132215327
754 3652.5148925781177 562.6936645504902
755 3640.125720299413 536.3525298658642
756 3627.770356517649 509.99552032287465
757 3615.4488215740275 483.62267931440147
758 3603.1611357540387 457.2340502591105
759 3590.9073192874675 430.82967660191935
760 3578.6873923483145 404.40960181341507
761 3566.5013750548023 377.9738693902618
762 3554.349287469322 351.52252285479335
763 3542.2311495983995 325.05560575495474
764 3530.1469813926815 298.5731616645353
765 3518.09680274687 272.07523418270284
766 3506.0806334997287 245.5618669342948
767 3494.098493434012 219.03310356935253
768 3482.150402276464 192.4889877634705
769 3470.236379697759 165.92956321733072
770 3458.3564453125 139.35487365699373
771 3448.2580728743087 116.58445878367638
772 3438.232322783013 93.78197526745498
773 3428.279296875 70.94765472406289
774 3450.292871884274 52.50867689948063
775 3458.5322265625 25.000379562261514
776 3901.75 25.00020694709383
777 4344.9677734375 25.000034331984352
778 4359.9736328125 40.00588607788086
779 4359.9736328125 180.1377258299035
780 4343.59356962781 188.1025841073715
781 4336.96484375 205.0674133299617
782 4344.286827176842 222.75450488796923
783 4361.9736328125 230.0771789549617
784 4405.990234375 230.07716369611444
785 4423.677676836418 222.7548297411413
786 4431.0 205.06738281226717
787 4431.0 24.99999999976717
788 4765.125 24.999870300176553
789 5099.25 24.999740600585938
790 5114.255859375 40.00559234590037
791 5114.255859375 180.13743591320235
792 5097.8757961903575 188.10229419049574
793 5091.2470703125 205.06712341296952
794 5098.569398874737 222.75456047576154
795 5116.2568359375 230.07688903796952
796 5160.2734375 230.07685852021677
797 5177.960243135611 222.75418445339892
798 5185.2822265625 205.0670928955078
799 5185.2822265625 24.999706268310547
800 5316.33203125 24.99965476966463
801 5607.941406249996 24.999541282420978
802 5899.550781249996 24.999427795177326
803 5914.555664062496 40.005283355596475
804 5914.555664062496 180.1371154782828
805 5898.176213558614 188.10228994168574
806 5891.547851562496 205.06681823718827
807 5898.869840387884 222.7538999292301
808 5916.556640624996 230.0765686033992
809 5960.573242187496 230.07655334449373
810 5978.2606846489325 222.75421938952059
811 5985.583007812496 205.06677246058825
812 5985.583007812496 24.999395370308775
813 6326.210449218746 24.999262809520587
814 6666.837890624996 24.999130248790607
815 6673.533531936006 50.012321242538746
816 6691.843251254857 68.32203218294308
817 6716.856445312496 75.0176620479906
818 6716.856689453121 473.6675529477652
819 6716.856933593746 872.317443847598
820 6701.852050781246 887.3223876951961
821 6561.719238281246 887.3223876951961
822 6553.7543605920255 870.9423631269019
823 6536.789550781246 864.3136596679688
824 6519.102745145614 871.6363337348448
825 6511.780761718746 889.3234252927941
826 6511.780761718746 933.3400268552941
827 6519.102745145614 951.0271184132434
828 6536.789550781246 958.3497924801777
829 6716.856933593746 958.3496704098652
830 6716.856933593746 1347.495208740118
831 6716.856933593746 1736.6407470703125
832 6701.852050781246 1751.646606445196
833 6561.719238281246 1751.646606445196
834 6553.75469060065 1735.26592539571
835 6536.789550781246 1728.636840820196
836 6519.102399629668 1735.9598600225872
837 6511.780761718746 1753.647583007696
838 6511.780761718746 1797.664184570196
839 6519.1030906435735 1815.3506447079126
840 6536.789550781246 1822.6729736328125
841 6716.856933593746 1822.6729736328125
842 6716.857177734371 2190.311096191348
843 3860.7861328125 65.0158462523832
844 3868.1088095787018 82.70264695497463
845 3885.7958984375 90.02462768537225
846 3903.4823612743057 82.70229606400244
847 3910.8046875 65.0158309933613
848 3903.4827013738613 47.32874436839484
849 3885.7958984375 40.00607299787225
850 3868.108458675386 47.32840425649192
851 4473.01611328125 675.244140625
852 4474.579069928815 703.2491495054564
853 4479.269245947133 730.902822042699
854 4487.02760339994 757.8570655956282
855 4497.756483391051 783.7725916372729
856 4511.320835352926 808.3231865736889
857 4527.5499170056355 831.199817981862
858 4546.239443587881 852.1145245781518
859 4567.1541593065085 870.8040409520036
860 4590.030798636115 887.0331114386208
861 4614.58140019327 900.5974514173577
862 4640.49693147164 911.3263187591801
863 4667.451178811436 919.0846630556043
864 4695.104853637902 923.7748255762272
865 4723.10986328125 925.3377685545711
866 4751.114885927109 923.7748241231311
867 4778.7685732660175 919.0846572548035
868 4805.72283214645 911.3263058257289
869 4831.63837353234 900.5974287471618
870 4856.188983332813 887.0330766758416
871 4879.065628649918 870.8039920520387
872 4899.9803477566165 852.1144598647952
873 4918.669874839648 831.199736196897
874 4934.898953880405 808.3230869190884
875 4948.463299960196 783.7724738082616
876 4959.192170714083 757.8569298039656
877 4966.950515565004 730.9026690301253
878 4971.640675684437 703.248980546603
879 4973.20361328125 675.2439575192984
880 4971.640659109162 647.2389092498343
881 4966.950476796654 619.5851980306907
882 4959.1921045242125 592.6309179623495
883 4948.463201647457 566.7153589797672
884 4934.898819399397 542.1647360030329
885 4918.669700918323 519.2880826716428
886 4899.980131999961 498.37336134992074
887 4879.065369627791 479.68383836955763
888 4856.1886806501425 463.45477013569325
889 4831.63802788009 449.89044181170175
890 4805.722445332176 439.1615958569455
891 4778.768148223138 431.40328278800007
892 4751.114426702319 426.7131612151861
893 4723.109375 425.1502685545711
894 4695.104385744806 426.7132642723154
895 4667.450736758627 431.403474986786
896 4640.496519953671 439.16186239838134
897 4614.581023098952 449.89076735510025
898 4590.030459015801 463.4551391428686
899 4567.1538593550395 479.6842354442342
900 4546.239184643131 498.37377156718867
901 4527.549699562329 519.2884918907075
902 4511.32065909122 542.1651311584283
903 4497.756347218998 566.7157283452689
904 4487.027505508911 592.6312513836892
905 4479.269183878911 619.5854871228803
906 4474.579040652967 647.2391475554323
907 5516.408203124989 2058.262207031192
908 5545.827824910386 2056.8272187526454
909 5574.964928337122 2052.514152412419
910 5603.538640360071 2045.3645846922882
911 5631.273518860344 2035.4474353069672
912 5657.9022078257 2022.8583026386332
913 5683.168014583309 2007.718542196555
914 5706.827384241053 1990.1740967863007
915 5728.652247484573 1970.3940896640415
916 5748.432219097838 1948.5691942385165
917 5765.976626014348 1924.9097960360814
918 5781.116345348997 1899.6439646461513
919 5793.705434692554 1873.0152551983483
920 5803.622538953281 1845.2803605629597
921 5810.772060184081 1816.7066369077074
922 5815.085079118329 1787.5695264636306
923 5816.520019531246 1758.1499023435754
924 5816.520019531246 1558.0747070313082
925 5815.085064928531 1528.6550607070094
926 5810.772027471638 1499.5179298864678
927 5803.622483628456 1470.944188315014
928 5793.705352990601 1443.2092788240989
929 5781.116233907906 1416.5805581398308
930 5765.976481947222 1391.3147196394275
931 5748.432040058902 1367.6553188992548
932 5728.652031727794 1345.8304258873686
933 5706.827130670445 1326.0504264335032
934 5683.167722794078 1308.5059941685759
935 5657.901878135639 1293.3662524847314
936 5631.273152330788 1280.7771442332305
937 5603.53823880609 1270.860024876485
938 5574.964494326567 1263.7104926556349
939 5545.827361751704 1259.3974670501775
940 5516.40771484375 1257.9625244138879
941 5486.98799490288 1259.3973779888474
942 5457.8507819009465 1263.7103287954815
943 5429.276951683958 1270.8598010076093
944 5401.541949221042 1280.776875402953
945 5374.913133380065 1293.3659537285566
946 5349.647199651321 1308.5056802450563
947 5325.987705663705 1326.0501115676016
948 5304.162723346726 1345.8301235252293
949 5284.382640371023 1367.655041478225
950 5266.838132060944 1391.3144783764146
951 5251.698323329507 1416.5803628405556
952 5239.1091583542 1443.209137716738
953 5229.19199370961 1470.9441079095122
954 5222.042428518733 1499.5179148620227
955 5217.729382900023 1528.6551138295326
956 5216.29443359375 1558.0748291012715
957 5216.29443359375 1758.1500244140625
958 5217.729397089646 1787.5697618901613
959 5222.042461230871 1816.7069812343107
960 5229.192049034042 1845.2808061032556
961 5239.109240055706 1873.0157911516726
962 5251.698434770144 1899.6445772644365
963 5266.838276127641 1924.9104688391672
964 5284.382819409577 1948.5699082751526
965 5304.162939103189 1970.3948238145676
966 5325.987959234084 1990.1748281038017
967 5349.647491440406 2007.7192462809617
968 5374.913463070065 2022.8589540392277
969 5401.542315750605 2035.4480079478817
970 5429.277353237994 2045.3650523144752
971 5457.851215911578 2052.5144890271476
972 5486.9884580616235 2056.82739909878
973 5491.3974609375 65.01521301246248
974 5498.720137703629 82.70201371522853
975 5516.4072265625 90.02399444580078
976 5534.09369209842 82.70166012801928
977 5541.416015625 65.01519012451172
978 5534.094028149251 47.328105965978466
979 5516.4072265625 40.005435943603516
980 5498.719785450798 47.327768550254405
981 4721.107421875 65.01551055908203
982 4728.430443776662 82.7026567775174
983 4746.1181640625 90.02429199189646
984 4763.804626899258 82.70196037064306
985 4771.126953125 65.01549530011835
986 4763.804966998887 47.32840867509367
987 4746.1181640625 40.00573730451288
988 4728.430092866463 47.327723040478304
989 8050.999999999996 1474.9999999998836
990 7930.999999999996 1474.9999999998836
991 7930.999999999996 1444.9999999998836
992 7928.071067811838 1437.9289321880788
993 7920.999999999996 1435.0
994 7880.999999999996 1435.0
995 7873.928932188155 1437.9289321880788
996 7870.999999999996 1444.9999999998836
997 7870.999999999996 1474.9999999998836
998 7750.999999999996 1474.9999999998836
999 7750.999999999996 1314.9999999997672
1000 7870.999999999996 1314.9999999997672
1001 7870.999999999996 1345.0000000001164
1002 7873.928932188177 1352.071067811863
1003 7880.999999999996 1354.9999999998836
1004 7920.999999999996 1354.9999999998836
1005 7928.071067811816 1352.071067811863
1006 7930.999999999996 1345.0000000001164
1007 7930.999999999996 1314.9999999997672
1008 8050.999999999996 1314.9999999997672
1009 7937.999999999996 1644.9999999995925
1010 7817.999999999996 1644.9999999995925
1011 7817.999999999996 1614.9999999998836
1012 7815.071067811816 1607.928932188137
1013 7807.999999999996 1605.0000000001164
1014 7767.999999999996 1605.0000000001164
1015 7760.928932188177 1607.928932188137
1016 7757.999999999996 1614.9999999998836
1017 7757.999999999996 1644.9999999995925
1018 7637.999999999996 1644.9999999995925
1019 7637.999999999996 1485.0000000001164
1020 7757.999999999996 1485.0000000001164
1021 7757.999999999996 1514.9999999998836
1022 7760.928932188155 1522.0710678116884
1023 7767.999999999996 1524.9999999997672
1024 7807.999999999996 1524.9999999997672
1025 7815.071067811838 1522.0710678116884
1026 7817.999999999996 1514.9999999998836
1027 7817.999999999996 1485.0000000001164
1028 7937.999999999996 1485.0000000001164
1029 8108.999999999996 1784.9999999995925
1030 7948.999999999996 1784.9999999995925
1031 7948.999999999996 1664.999999999709
1032 7978.999999999989 1664.999999999709
1033 7986.0710678118085 1662.0710678116302
1034 7988.999999999996 1654.9999999998836
1035 7988.999999999996 1614.9999999998836
1036 7986.0710678118085 1607.928932188137
1037 7978.999999999989 1605.0000000001164
1038 7948.999999999996 1605.0000000001164
1039 7948.999999999996 1485.0000000001164
1040 8108.999999999996 1485.0000000001164
1041 8108.999999999996 1605.0000000001164
1042 8078.999999999996 1605.0000000001164
1043 8071.928932188177 1607.928932188137
1044 8068.999999999996 1614.9999999998836
1045 8068.999999999996 1654.9999999998836
1046 8071.928932188177 1662.0710678116302
1047 8078.999999999996 1664.999999999709
1048 8108.999999999996 1664.999999999709
1049 7938.999999999996 1815.0
1050 7818.999999999996 1815.0
1051 7818.999999999996 1784.9999999995925
1052 7816.071067811794 1777.9289321879041
1053 7808.999999999996 1774.9999999998836
1054 7768.999999999989 1774.9999999998836
1055 7761.928932188199 1777.9289321879041
1056 7758.999999999996 1784.9999999995925
1057 7758.999999999996 1815.0
1058 7638.999999999996 1815.0
1059 7638.999999999996 1654.9999999998836
1060 7758.999999999996 1654.9999999998836
1061 7758.999999999996 1684.9999999998836
1062 7761.92893218817 1692.0710678116302
1063 7768.999999999989 1694.999999999709
1064 7808.999999999996 1694.999999999709
1065 7816.071067811816 1692.0710678116302
1066 7818.999999999996 1684.9999999998836
1067 7818.999999999996 1654.9999999998836
1068 7938.999999999996 1654.9999999998836
1069 8069.999999999996 1992.9999999998836
1070 7949.999999999996 1992.9999999998836
1071 7949.999999999996 1962.9999999998836
1072 7947.07106781191 1955.9289321879041
1073 7939.999999999996 1952.999999999709
1074 7899.999999999996 1952.999999999709
1075 7892.928932188082 1955.9289321879041
1076 7889.999999999996 1962.9999999998836
1077 7889.999999999996 1992.9999999998836
1078 7769.999999999996 1992.9999999998836
1079 7769.999999999996 1832.9999999997672
1080 7889.999999999996 1832.9999999997672
1081 7889.999999999996 1863.0
1082 7892.928932188155 1870.0710678118048
1083 7899.999999999996 1872.9999999998836
1084 7939.999999999996 1872.9999999998836
1085 7947.071067811838 1870.0710678118048
1086 7949.999999999996 1863.0
1087 7949.999999999996 1832.9999999997672
1088 8069.999999999996 1832.9999999997672
1089 8846.999999999996 733.999999999709
1090 8726.999999999996 733.999999999709
1091 8726.999999999996 703.9999999998836
1092 8724.071067811838 696.9289321880788
1093 8716.999999999996 694.0
1094 8676.999999999996 694.0
1095 8669.928932188155 696.9289321880788
1096 8666.999999999996 703.9999999998836
1097 8666.999999999996 733.999999999709
1098 8546.999999999996 733.999999999709
1099 8546.999999999996 573.999999999709
1100 8666.999999999996 573.999999999709
1101 8666.999999999996 603.9999999998836
1102 8669.928932188177 611.0710678116302
1103 8676.999999999996 613.999999999709
1104 8716.999999999996 613.999999999709
1105 8724.071067811816 611.0710678116302
1106 8726.999999999996 603.9999999998836
1107 8726.999999999996 573.999999999709
1108 8846.999999999996 573.999999999709
1109 8721.999999999996 912.9999999998836
1110 8601.999999999996 912.9999999998836
1111 8601.999999999996 883.0
1112 8599.071067811888 875.9289321880788
1113 8591.999999999996 872.9999999998836
1114 8551.999999999996 872.9999999998836
1115 8544.928932188104 875.9289321880788
1116 8541.999999999996 883.0
1117 8541.999999999996 912.9999999998836
1118 8421.999999999996 912.9999999998836
1119 8421.999999999996 752.9999999998836
1120 8541.999999999996 752.9999999998836
1121 8541.999999999996 782.999999999709
1122 8544.92893218806 790.0710678117466
1123 8551.999999999996 793.0
1124 8591.999999999996 793.0
1125 8599.071067811932 790.0710678117466
1126 8601.999999999996 782.999999999709
1127 8601.999999999996 752.9999999998836
1128 8721.999999999996 752.9999999998836
1129 8891.999999999996 1044.0
1130 8731.999999999996 1044.0
1131 8731.999999999996 924.0000610352727
1132 8761.999999999996 924.0
1133 8769.071067811888 921.0710678118048
1134 8771.999999999996 913.9999999998836
1135 8771.999999999996 873.9999999997672
1136 8769.071067811838 866.9289321879623
1137 8761.999999999996 863.9999999998836
1138 8731.999999999996 864.0000610349816
1139 8731.999999999996 744.000061035098
1140 8891.999999999996 744.0
1141 8891.999999999996 863.9999999998836
1142 8861.999999999996 863.9999999998836
1143 8854.928932188155 866.9289321879623
1144 8851.999999999996 873.9999999997672
1145 8851.999999999996 913.9999999998836
1146 8854.928932188104 921.0710678118048
1147 8861.999999999996 924.0
1148 8891.999999999996 924.0
1149 8721.999999999996 1082.9999999998836
1150 8601.999999999996 1082.9999999998836
1151 8601.999999999996 1052.9999999998836
1152 8599.07106781191 1045.9289321879041
1153 8591.999999999996 1042.999999999709
1154 8551.999999999996 1042.999999999709
1155 8544.928932188082 1045.9289321879041
1156 8541.999999999996 1052.9999999998836
1157 8541.999999999996 1082.9999999998836
1158 8421.999999999996 1082.9999999998836
1159 8421.999999999996 922.9999999997672
1160 8541.999999999996 922.9999999997672
1161 8541.999999999996 953.0
1162 8544.928932188155 960.0710678118048
1163 8551.999999999996 962.9999999998836
1164 8591.999999999996 962.9999999998836
1165 8599.071067811838 960.0710678118048
1166 8601.999999999996 953.0
1167 8601.999999999996 922.9999999997672
1168 8721.999999999996 922.9999999997672
1169 8854.999999999996 1263.9999999997672
1170 8734.999999999996 1263.9999999997672
1171 8734.999999999996 1234.0
1172 8732.07106781191 1226.9289321880206
1173 8724.999999999996 1223.999999999709
1174 8684.999999999996 1223.999999999709
1175 8677.928932188082 1226.9289321880206
1176 8674.999999999996 1234.0
1177 8674.999999999996 1263.9999999997672
1178 8554.999999999996 1263.9999999997672
1179 8554.999999999996 1103.9999999997672
1180 8674.999999999996 1103.9999999997672
1181 8674.999999999996 1133.999999999709
1182 8677.928932188112 1141.0710678116302
1183 8684.999999999996 1143.9999999997672
1184 8724.999999999996 1143.9999999997672
1185 8732.071067811881 1141.0710678116302
1186 8734.999999999996 1133.999999999709
1187 8734.999999999996 1103.9999999997672
1188 8854.999999999996 1103.9999999997672
1189 9351.815429687496 2563.785400390567
1190 9328.001432443063 2560.783483414445
1191 9305.532428855102 2569.2251567114727
1192 9289.586337620243 2587.1650604073657
1193 9283.837890624996 2610.468994140392
1194 8832.495898437493 2610.4693359372905
1195 8381.153906249998 2610.469677734247
1196 7929.811914062495 2610.470019531145
1197 7478.469921874999 2610.4703613281017
1198 7027.127929687496 2610.470703125
1199 6776.934570312489 2609.9709472655086
1200 6770.238936636331 2584.9577465965413
1201 6751.929216293964 2566.6480262542027
1202 6726.916015624996 2559.952392578067
1203 6726.915771484371 2192.3142089842586
1204 6726.915527343746 1824.6760253905086
1205 6906.982910156246 1824.675903320196
1206 6924.669370293897 1817.3535743953544
1207 6931.991699218746 1799.667114257696
1208 6931.991699218746 1755.6505126950797
1209 6924.670061307796 1737.962789710029
1210 6906.982910156246 1730.639770507696
1211 6890.0177315111905 1737.2688999199308
1212 6882.053222656246 1753.6496582027758
1213 6741.920410156246 1753.6496582027758
1214 6726.915527343746 1738.6437988278922
1215 6726.915039062496 1349.4983215330867
1216 6726.914550781246 960.3528442382812
1217 6906.981933593746 960.3527221676777
1218 6924.668760823577 953.0300265296246
1219 6931.990722656246 935.3428955076961
1220 6931.990722656246 891.3262939453125
1221 6924.6687176352825 873.6392418511678
1222 6906.981933593746 866.3165893552941
1223 6890.017104371207 872.9453152330243
1224 6882.052246093746 889.3253784176777
1225 6741.919433593746 889.3255004881648
1226 6726.914550781246 874.3206176756648
1227 6726.914306640621 475.6707153317984
1228 6726.914062499996 77.02081298799021
1229 6751.9272747387695 70.32517264247872
1230 6770.236996872318 52.01543584675528
1231 6776.932617187496 27.002218246168923
1232 7117.560058593746 27.001953124650754
1233 7458.187499999996 27.001688003190793
1234 7458.187499999996 207.06907653791131
1235 7465.5098393595 224.7564938685391
1236 7483.197265624996 232.0788116455078
1237 7527.213867187496 232.07878112769686
1238 7544.900678221678 224.75610166805563
1239 7552.222656249996 207.06900024408242
1240 7545.594283898066 190.10449125658488
1241 7529.214843749996 182.13932800281327
1242 7529.214843749996 42.00749206537148
1243 7544.219726562496 27.0016212463961
1244 7835.829101562496 27.001394271850586
1245 8127.438476562496 27.00116729736328
1246 8258.488281249996 27.001064300362486
1247 8258.488281249996 207.06845092750154
1248 8265.810275473941 224.75552275346126
1249 8283.497070312496 232.078186034807
1250 8327.513671874996 232.0781555172871
1251 8345.201114336352 224.75582156243036
1252 8352.523437499989 207.06837463367265
1253 8345.894706444193 190.10355506517226
1254 8329.514648437496 182.1387023924617
1255 8329.514648437496 42.00686645496171
1256 8344.520507812496 27.000997543218546
1257 8771.347005208332 27.000665028754156
1258 9198.17350260416 27.00033251423156
1259 9624.999999999996 26.99999999976717
1260 9624.999999999996 187.06054687511642
1261 9632.322679465386 204.747342644725
1262 9650.009765624996 212.06932067871094
1263 9690.024414062496 212.0692901610746
1264 9707.711516417283 204.74729594856035
1265 9715.034179687511 187.06047058088006
1266 9708.405443453685 170.0956606665277
1267 9692.025390624996 162.1308135985746
1268 9692.025390624996 42.00580596906366
1269 9707.031249999996 26.999937057495117
1270 9960.813964843746 26.999738693295512
1271 10214.596679687496 26.999540329095908
1272 10219.701623983961 49.02459559816634
1273 10233.986053616205 66.54939476837171
1274 10254.529296874996 75.99072265619179
1275 10249.915521401945 97.22499678318854
1276 10245.161132812496 118.42823028558632
1277 10239.03375254646 144.90216641360894
1278 10232.716558362928 171.33145207713824
1279 10226.209875551733 197.71472635900136
1280 10219.514039160003 224.05063071125187
1281 10212.629393974905 250.33780902519356
1282 10205.556294505903 276.5749077012879
1283 10198.29510496648 302.76057571853744
1284 10190.846199255418 328.8934647043352
1285 10183.209960937496 354.97222900378983
1286 10175.351781355395 381.1182422997663
1287 10167.33332444751 407.21554764790926
1288 10159.15489209037 433.26316254446283
1289 10150.81679218324 459.26010635629063
1290 10142.319338636476 485.2054003580706
1291 10133.662851359757 511.09806776890764
1292 10124.847656249996 536.9371337890625
1293 10115.85570130737 562.8566507036448
1294 10106.781009943723 588.7473167327698
1295 10097.623674725586 614.6088677782682
1296 10088.383789062496 640.4410400390043
1297 10061.605876172896 641.6547902784077
1298 10043.540039062496 661.4577026366023
1299 9892.237304687496 606.7537231445895
1300 9890.31564898707 588.6393088204204
1301 9876.612304687496 576.6375122070895
1302 9857.516562787587 577.4962540901033
1303 9844.609375000011 591.5955200194148
1304 9827.137695312496 639.5486450195895
1305 9827.97620986716 658.7021302127396
1306 9842.133789062496 671.6296997070895
1307 10049.437499999996 746.5827026363695
1308 10041.718108256708 767.1194495948148
1309 10033.946289062496 787.6364135742188
1310 10023.818000235868 814.1666369714076
1311 10013.681788476064 840.6938343209331
1312 10003.537654687152 867.2180032567121
1313 9993.385599773941 893.7391414128942
1314 9983.225624641938 920.2572464239202
1315 9973.057730197364 946.7723159245797
1316 9962.881917347153 973.2843475497793
1317 9952.698186998921 999.7933389348909
1318 9942.506540061 1026.2992877153447
1319 9932.306977442448 1052.8021915270365
1320 9922.099500053006 1079.3020480059786
1321 9911.88410880313 1105.7988547885325
1322 9901.660804603973 1132.2926095112925
1323 9891.429588367402 1158.7833098112606
1324 9881.190461005997 1185.2709533254965
1325 9870.943423433037 1211.755537691468
1326 9860.688476562496 1238.237060546875
1327 9852.814736156015 1258.5688055170467
1328 9844.945312499996 1278.9022216796875
1329 9818.168241024465 1279.650196650473
1330 9799.762695312511 1299.1131591795129
1331 9649.189453124996 1241.546875
1332 9647.597807058624 1223.3997266024817
1333 9634.114257812496 1211.150390625
1334 9615.020767018574 1211.6541917014401
1335 9601.855468749989 1225.4921875
1336 9583.449218749996 1273.1074218748836
1337 9583.920942588902 1292.2876778887003
1338 9597.846679687496 1305.4853515623836
1339 9804.194335937496 1384.3758544921875
1340 9795.416792964057 1407.1377678331337
1341 9786.644657382367 1429.9017656571232
1342 9777.877929687496 1452.6678466795129
1343 9770.22246249735 1452.8608447859297
1344 9764.948242187496 1458.412963867071
1345 9757.764648437496 1477.086791992071
1346 9757.958028560559 1484.7425087910378
1347 9763.510742187496 1490.016479492071
1348 9753.548223972717 1515.941393125162
1349 9743.592717281852 1541.8690000836505
1350 9733.644222843042 1567.799298471189
1351 9723.702741383884 1593.7322863913141
1352 9713.768273631507 1619.6679619472125
1353 9703.840820312496 1645.606323242071
1354 9693.732725457641 1672.117979357834
1355 9683.621320123148 1698.6283730508294
1356 9673.506604466707 1725.1375039076665
1357 9663.388578646092 1751.6453715150128
1358 9653.267242818958 1778.1519754594774
1359 9643.14259714325 1804.6573153278441
1360 9633.014641776772 1831.1613907067222
1361 9622.883376877438 1857.6642011828953
1362 9612.748802603284 1884.1657463430893
1363 9602.610919112256 1910.6660257740295
1364 9592.469726562496 1937.1650390625
1365 9565.59889724624 1937.9154865347664
1366 9547.185546874996 1957.499999999709
1367 9396.014648437496 1900.459106445196
1368 9394.343149742945 1882.3181949979044
1369 9380.804687499996 1870.1281738280086
1370 9361.72771661702 1870.709302881267
1371 9348.620117187496 1884.5822753905086
1372 9330.360351562496 1932.2629394530086
1373 9330.89787800948 1951.4554711577366
1374 9344.886718749996 1964.6066894531832
1375 9552.015624999996 2042.7626953122672
1376 9541.59644628753 2069.934193279303
1377 9531.1737877187 2097.1043566055014
1378 9520.747649464469 2124.273184845166
1379 9510.31803169582 2151.440677552717
1380 9499.884934583799 2178.6068342825165
1381 9489.448358299564 2205.771654588869
1382 9479.008303014303 2232.9351380262524
1383 9468.564768899265 2260.097284149204
1384 9458.117756125754 2287.2580925120274
1385 9447.667264865104 2314.417562669376
1386 9437.213295288795 2341.5756941756117
1387 9426.75584756819 2368.732486585388
1388 9416.294921874996 2395.887939453183
1389 9405.555163226793 2423.8734695584862
1390 9394.812675089055 2451.8579520391067
1391 9384.067457564062 2479.841386628803
1392 9373.319510753969 2507.823773061391
1393 9362.568834760987 2535.8051110707456
1394 9440.930664062496 67.01576995826326
1395 9433.608673887433 49.32869073282927
1396 9415.921874999996 42.00602340698242
1397 9398.235062616175 49.3287042149459
1398 9390.913085937496 67.01580810541054
1399 9398.235422959759 84.7022534441785
1400 9415.921874999996 92.02457427961053
1401 9433.608340535913 84.70223996182904
1402 9989.136718749996 67.01534271216951
1403 9981.814383439396 49.327917982125655
1404 9964.126953124996 42.00559616088867
1405 9946.440140741131 49.32827696891036
1406 9939.118164062496 67.01538085949142
1407 9946.440501084788 84.70182619820116
1408 9964.126953124996 92.02414703351678
1409 9981.814050081379 84.7021582138259
1410 7920.862792968746 2047.2591552732629
1411 7950.282429946066 2045.8241655124584
1412 7979.419548126691 2041.5110947248177
1413 8007.993274032513 2034.361519677972
1414 8035.728165125653 2024.444360228721
1415 8062.35686499572 2011.8552149550524
1416 8087.622680599012 1996.7154396135593
1417 8111.28205670603 1979.1709773043985
1418 8133.106923704119 1959.3909516216954
1419 8152.8868961232765 1937.5660363506759
1420 8170.431300691835 1913.9066174265463
1421 8185.571014372243 1888.6407648748136
1422 8198.160094658688 1862.0120342810987
1423 8208.077186421116 1834.2771189853083
1424 8215.22669173394 1805.7033756310702
1425 8219.539691412636 1776.5662469245144
1426 8220.974609374996 1747.146606445196
1427 8220.974609374996 1547.0714111329871
1428 8219.539643547 1517.6517729883199
1429 8215.226596462318 1488.5146512990468
1430 8208.077044660142 1459.9409195770859
1431 8198.159907773133 1432.2060204164009
1432 8185.570784161882 1405.577310305147
1433 8170.431029374075 1380.311482385674
1434 8152.886586311772 1356.6520920062903
1435 8133.106578383613 1334.8272089172387
1436 8111.2816792035555 1315.047218743537
1437 8087.622274551821 1297.5027949281503
1438 8062.3564343162325 1282.3630606940133
1439 8035.727713963741 1269.7739587451797
1440 8007.992806735481 1259.8568444204284
1441 7979.419069197396 1252.7073158629355
1442 7950.281943999482 1248.3942924811854
1443 7920.862304687496 1246.9593505859957
1444 7891.442634991665 1248.3942954456434
1445 7862.305480285966 1252.7073277221643
1446 7833.731714982143 1259.8568709330284
1447 7805.996782568127 1269.7740053856978
1448 7779.368040406214 1282.3631325451424
1449 7754.102182479222 1297.5028965781676
1450 7730.442764928939 1315.0473541914253
1451 7708.617858239722 1334.8273814858403
1452 7688.837848699772 1356.6523042660556
1453 7671.293410333372 1380.3117360886536
1454 7656.153666854039 1405.5776063317899
1455 7643.564561357012 1432.2063587349257
1456 7633.6474494666145 1459.9412992164725
1457 7626.497929500405 1488.5150703364052
1458 7622.1849209268585 1517.6522285507526
1459 7620.749999999996 1547.0718994138879
1460 7620.750488281246 1747.1470947262133
1461 7622.185454109236 1776.5667328708805
1462 7626.498501193917 1805.7038545601536
1463 7633.648052996086 1834.2775862821145
1464 7643.565189883087 1862.0124854427995
1465 7656.154313494339 1888.6411955541116
1466 7671.294068282146 1913.9070234735264
1467 7688.838511344449 1937.56641385291
1468 7708.618519272608 1959.3912969420198
1469 7730.443418452665 1979.1712871156633
1470 7754.1028231044 1996.7157109311083
1471 7779.368663339988 2011.8554451652453
1472 7805.997383692487 2024.444547114137
1473 7833.732290920747 2034.3616614388302
1474 7862.306028458839 2041.5111899963813
1475 7891.443153656754 2045.8242133780732
1476 8704.656249999996 1317.9851074219914
1477 8734.075919695857 1316.5501625623438
1478 8763.213074401578 1312.2371302857646
1479 8791.786839705423 1305.0875870748423
1480 8819.521772119453 1295.170452622173
1481 8846.150514281388 1282.58132546267
1482 8871.41637220838 1267.441561429645
1483 8895.07578975867 1249.897103816329
1484 8916.900696447894 1230.1170765218558
1485 8936.680705987837 1208.2921537416405
1486 8954.225144354237 1184.632721918926
1487 8969.364887833555 1159.3668516757898
1488 8981.953993330575 1132.7380992725957
1489 8991.871105220951 1105.003158791049
1490 8999.020625187139 1076.429387671058
1491 9003.333633760663 1047.2922294567106
1492 9004.768554687496 1017.8725585935172
1493 9004.768554687496 817.7973632811918
1494 9003.333582930627 788.3776643687161
1495 8999.020518056324 759.2404836637434
1496 8991.870936947442 730.6666964102187
1497 8981.953759804532 702.9317468779045
1498 8969.36458577211 676.3029931476922
1499 8954.22477138643 651.0371298453538
1500 8936.680260728408 627.3777136688586
1501 8916.900178558612 605.5528155614156
1502 8895.075199996227 585.7728221641737
1503 8871.415712457903 568.2284077405347
1504 8846.149787574872 553.0886961234501
1505 8819.520982638624 540.4996304031229
1506 8791.785992768597 530.5825660717092
1507 8763.212176434488 523.4331011862378
1508 8734.074978186447 519.1201548269601
1509 8704.655273437496 517.6853027342004
1510 8675.235669178703 519.1203373960452
1511 8646.09858752316 523.4334466947475
1512 8617.524901015346 530.5830535775167
1513 8589.790051243046 540.5002380233491
1514 8563.16139366481 553.0894014111254
1515 8537.895620385174 568.2291880611447
1516 8514.236285721385 585.7736550661502
1517 8492.4114584144 605.5536791370832
1518 8472.631523116008 627.3785868989653
1519 8455.08715234527 651.0379929245682
1520 8439.947468463786 676.3038277849555
1521 8427.35841338793 702.9325365693076
1522 8417.441341753478 730.667426679458
1523 8410.291851094076 759.2411422680016
1524 8405.97886031029 788.378241466824
1525 8404.543945312496 817.7978515623836
1526 8404.543945312496 1017.873046875
1527 8405.978911140493 1047.2926850196673
1528 8410.291958225174 1076.4298067089403
1529 8417.44151002735 1105.0035384309012
1530 8427.35864691436 1132.7384375915863
1531 8439.94777052561 1159.3671477028402
1532 8455.087525313418 1184.632975622313
1533 8472.631968375721 1208.2923660016968
1534 8492.41197630388 1230.1172490907484
1535 8514.236875483937 1249.89723926445
1536 8537.896280135672 1267.4416630798369
1537 8563.16212037126 1282.5813973139739
1538 8589.790840723752 1295.1704992628074
1539 8617.525747952011 1305.0876135875587
1540 8646.099485490096 1312.2371421450516
1541 8675.23661068801 1316.5501655268017
1542 7952.373046874996 67.01692962629022
1543 7945.050711564396 49.32950489624636
1544 7927.363281249996 42.00718307500938
1545 7909.676468866175 49.32986388291465
1546 7902.354492187496 67.01696777337929
1547 7909.676829209737 84.70341311220545
1548 7927.363281249996 92.0257339476957
1549 7945.050378206401 84.70374512800481
1550 10940.999999999996 829.9999999998836
1551 10820.999999999996 829.9999999998836
1552 10820.999999999996 800.0
1553 10818.07106781191 792.9289321880206
1554 10810.999999999996 789.999999999709
1555 10770.999999999996 789.999999999709
1556 10763.928932188082 792.9289321880206
1557 10760.999999999996 800.0
1558 10760.999999999996 829.9999999998836
1559 10640.999999999996 829.9999999998836
1560 10640.999999999996 669.9999999998836
1561 10760.999999999996 669.9999999998836
1562 10760.999999999996 700.0
1563 10763.928932188177 707.0710678117466
1564 10770.999999999996 709.9999999997672
1565 10810.999999999996 709.9999999997672
1566 10818.071067811816 707.0710678117466
1567 10820.999999999996 700.0
1568 10820.999999999996 669.9999999998836
1569 10940.999999999996 669.9999999998836
1570 10906.999999999996 999.9999999997672
1571 10786.999999999996 999.9999999997672
1572 10786.999999999996 969.9999999998836
1573 10784.07106781191 962.9289321879041
1574 10776.999999999996 959.9999999995925
1575 10736.999999999989 959.9999999995925
1576 10729.928932188075 962.9289321879041
1577 10726.999999999996 969.9999999998836
1578 10726.999999999996 999.9999999997672
1579 10606.999999999996 999.9999999997672
1580 10606.999999999996 839.9999999995925
1581 10726.999999999996 839.9999999995925
1582 10726.999999999996 870.0
1583 10729.928932188148 877.0710678118048
1584 10736.999999999989 879.9999999998836
1585 10776.999999999996 879.9999999998836
1586 10784.071067811838 877.0710678118048
1587 10786.999999999996 870.0
1588 10786.999999999996 839.9999999995925
1589 10906.999999999996 839.9999999995925
1590 10906.999999999996 1170.0000000001164
1591 10786.999999999996 1170.0000000001164
1592 10786.999999999996 1139.9999999997672
1593 10784.071067811838 1132.9289321879623
1594 10776.999999999996 1129.9999999998836
1595 10736.999999999989 1129.9999999998836
1596 10729.928932188148 1132.9289321879623
1597 10726.999999999996 1139.9999999997672
1598 10726.999999999996 1170.0000000001164
1599 10606.999999999996 1170.0000000001164
1600 10606.999999999996 1010.0
1601 10726.999999999996 1010.0
1602 10726.999999999996 1039.9999999998836
1603 10729.92893218817 1047.0710678116302
1604 10736.999999999989 1049.999999999709
1605 10776.999999999996 1049.999999999709
1606 10784.071067811816 1047.0710678116302
1607 10786.999999999996 1039.9999999998836
1608 10786.999999999996 1010.0
1609 10906.999999999996 1010.0
1610 11947.948242187489 2560.612060546817
1611 11922.935041518514 2567.307694223011
1612 11904.625321176147 2585.6174145654077
1613 11897.929687499996 2610.630615234375
1614 11647.835937499996 2610.630615234375
1615 11197.205078124996 2610.6308105468634
1616 10746.574218749996 2610.6310058592935
1617 10295.943359374989 2610.631201171782
1618 9845.312499999989 2610.631396484212
1619 9394.681640624989 2610.6315917967004
1620 9390.715548843229 2591.102874640841
1621 9379.437418851394 2574.674105312035
1622 9362.638671874989 2563.954833984317
1623 9372.89535523573 2537.3066944651073
1624 9383.154514382597 2510.6595079906983
1625 9393.41614922701 2484.013274791185
1626 9403.68025968038 2457.3679950966034
1627 9413.946845654053 2430.7236691369326
1628 9424.215907059497 2404.080297142151
1629 9434.487443808004 2377.4378793421783
1630 9444.761455810924 2350.79641596711
1631 9455.037942979663 2324.15590724675
1632 9465.316905225398 2297.5163534112507
1633 9475.59834245942 2270.877754690533
1634 9485.882254592962 2244.2401113144588
1635 9496.168641537315 2217.603423512948
1636 9506.457503203656 2190.967691516038
1637 9516.748839503216 2164.332915553532
1638 9527.042650347114 2137.699095855467
1639 9537.338935646465 2111.0662326515885
1640 9547.637695312496 2084.434326171875
1641 9557.018999036143 2060.2205907214084
1642 9566.40820132518 2036.0099169515306
1643 9575.805301180448 2011.802307438571
1644 9585.210297601883 1987.597764758917
1645 9594.623189588576 1963.396291488316
1646 9604.0439761388 1939.1978902023984
1647 9613.472656249996 1915.0025634763879
1648 9621.126441827404 1914.8446518408018
1649 9626.425781249996 1909.3199462890625
1650 9633.698242187496 1890.6802978513879
1651 9633.541981235609 1883.0258221487748
1652 9628.017578124996 1877.7252197265043
1653 9637.48933016777 1853.480090751429
1654 9646.969009910044 1829.2380603546044
1655 9656.456616338128 1804.999131128192
1656 9665.952148437496 1780.7633056640625
1657 9692.888429913193 1780.2060401625931
1658 9711.448242187496 1760.6763916015043
1659 9882.256835937496 1825.9975585935754
1660 9883.849560639715 1844.1496056130272
1661 9897.339843749996 1856.3989257810754
1662 9916.376358164296 1855.9221008617897
1663 9929.554687499996 1842.1762695311918
1664 9949.318359374996 1791.8208007811918
1665 9948.920684768756 1772.580971397576
1666 9934.971679687496 1759.3237304686918
1667 9708.408203124996 1672.6802978515625
1668 9719.239929489926 1645.176929328416
1669 9730.081868386933 1617.6775850249687
1670 9740.934018320917 1590.1822687333915
1671 9751.796377795417 1562.6909842451569
1672 9762.668945312496 1535.2037353513879
1673 9773.578813356256 1507.597342467634
1674 9784.511736907876 1480.0000721062534
1675 9795.467708339344 1452.4119435220491
1676 9806.446720006596 1424.8329759634798
1677 9817.448764249482 1397.2631886726595
1678 9828.47383339181 1369.7026008851826
1679 9839.521919741292 1342.1512318302994
1680 9850.593015589595 1314.6091007307405
1681 9861.68711321233 1287.0762268030085
1682 9872.804204869073 1259.552629256912
1683 9883.944282803324 1232.038327295857
1684 9895.107339242571 1204.5333401167882
1685 9906.293366398273 1177.0376869102474
1686 9917.502356465844 1149.5513868600246
1687 9928.734301624685 1122.074459143565
1688 9939.989194038182 1094.6069229317945
1689 9951.267025853722 1067.1487973890034
1690 9962.567789202662 1039.7001016728464
1691 9973.891476200373 1012.2608549346332
1692 9985.238078946237 984.8310763188056
1693 9996.607589523639 957.410784963402
1694 10007.999999999996 929.9999999997672
1695 10033.838567362309 933.421393074852
1696 10057.888378415828 923.3742998533417
1697 10073.614257812496 902.5888671873836
1698 10248.609374999996 973.3836669920711
1699 10249.854759279235 991.5652731714654
1700 10263.111328124996 1004.0706787108793
1701 10282.123286552556 1003.9709530298715
1702 10295.567382812496 990.5277099607047
1703 10317.593749999996 937.8118896482629
1704 10317.6016812552 918.5373806935968
1705 10303.895507812496 904.9857177732047
1706 10059.777343749996 806.2260742186918
1707 10070.594440220022 780.5319696506485
1708 10081.431689793058 754.846358751005
1709 10092.289085799839 729.1692573268665
1710 10103.166621558663 703.5006811799249
1711 10114.064290375452 677.8406461067498
1712 10124.98208554374 652.1891678987304
1713 10135.920000344664 626.5462623417843
1714 10146.878028046998 600.9119452166487
1715 10157.85616190713 575.2862322988803
1716 10168.854395169048 549.6691393585643
1717 10179.87272106441 524.0606821606634
1718 10190.911132812489 498.4608764646109
1719 10201.813364848644 473.1957227732637
1720 10212.74049592666 447.94132789201103
1721 10223.692515429288 422.6977163589909
1722 10234.669412715059 397.4649127019802
1723 10245.67117711838 372.24294143822044
1724 10256.69779794948 347.0318270744174
1725 10267.74926449441 321.83159410679946
1726 10278.825566015123 296.6422670209431
1727 10289.926691749399 271.463870291831
1728 10301.052630910945 246.2964283839101
1729 10312.203372689317 221.13996575085912
1730 10323.378906249996 195.99450683576288
1731 10347.128042667977 197.71918863855535
1732 10366.484374999996 183.85093688959023
1733 10474.211914062496 27.162416458304506
1734 10476.275390624996 24.161437988164835
1735 10950.15983072916 24.161253611091524
1736 11424.044270833332 24.16106923407642
1737 11897.928710937496 24.16088485700311
1738 11897.928710937496 27.16186141927028
1739 11904.624188098383 52.17526042991085
1740 11922.93392942326 70.48517351259943
1741 11947.947265624996 77.18088531476678
1742 11947.947460937492 573.8671203611884
1743 11947.947656249995 1070.55335540761
1744 11947.94785156249 1567.2395904539735
1745 11947.948046874993 2063.925825500395
1746 10797.516601562496 577.3683471679105
1747 10769.039241061324 579.3953100204235
1748 10741.140623117488 585.4563129360904
1749 10714.389229945296 595.4278525797417
1750 10689.330167085685 609.1067417202285
1751 10666.474055945477 626.2142495184671
1752 10646.286629009974 646.4017811467638
1753 10629.179239744353 669.2579810065799
1754 10615.50048056099 694.3171148049296
1755 10605.529079650823 721.0685596894473
1756 10599.468221418207 748.9672090653912
1757 10597.441406249989 777.4445800780668
1758 10597.441406249989 1177.593505859084
1759 10599.468245125277 1206.070858532621
1760 10605.529121889365 1233.9694868854713
1761 10615.500535921503 1260.7209091526456
1762 10629.179302786364 1285.7800198346958
1763 10646.286694460821 1308.6361971445149
1764 10666.474118889037 1328.8237077902886
1765 10689.330223135545 1345.9311970798299
1766 10714.389275397454 1359.6100709682214
1767 10741.140655078041 1369.5815992514836
1768 10769.039257545544 1375.6425951662823
1769 10797.516601562496 1377.6695556640043
1770 10825.993956568924 1375.6425935964216
1771 10853.892569353975 1369.5815930144163
1772 10880.643958028963 1359.6100571575225
1773 10905.703017355994 1345.9311731010675
1774 10928.559126198303 1328.8236714724335
1775 10948.746552298046 1308.636146838311
1776 10965.853942366604 1285.7799544951413
1777 10979.532704110472 1260.7208284022636
1778 10989.504109394631 1233.9693910568603
1779 10995.564973804412 1206.070748688595
1780 10997.591796874996 1177.5933837890043
1781 10997.591796874996 777.4444580076961
1782 10995.564965902046 748.9670992211322
1783 10989.5040953151 721.0684638606035
1784 10979.532685656948 694.3170340543147
1785 10965.85392135257 669.2579156668507
1786 10948.746530481065 646.4017308403854
1787 10928.55910521709 626.2142132004956
1788 10905.702998672681 609.1067177414079
1789 10880.643942878214 595.4278387689847
1790 10853.892558700438 585.4563066989649
1791 10825.993951074171 579.3953084505629
GTSP_SET_SECTION
1 1 -1
2 2 3 4 5 6 7 8 9 10 11 12 13 14 15 -1
3 16 17 18 19 20 21 22 23 24 25 26 27 28 29 -1
4 30 31 32 33 34 35 36 37 38 39 40 41 42 43 -1
5 44 45 46 47 48 49 50 51 52 53 54 55 56 57 58 59 60 61 62 63 -1
6 64 65 66 67 68 69 70 71 72 73 74 75 76 77 -1
7 78 79 80 81 82 83 84 85 86 87 88 89 90 91 -1
8 92 93 94 95 96 97 98 99 100 101 102 103 104 105 106 107 108 109 110 111 -1
9 112 113 114 115 116 117 118 119 120 121 122 123 124 125 -1
10 126 127 128 129 130 131 132 133 134 135 136 137 138 139 -1
11 140 141 142 143 144 145 146 147 148 149 150 151 152 153 -1
12 154 155 156 157 158 159 160 161 162 163 164 165 166 167 -1
13 168 169 170 171 172 173 174 175 176 177 178 179 180 181 -1
14 182 183 184 185 186 187 188 189 190 191 192 193 194 195 -1
15 196 197 198 199 200 201 202 203 204 205 206 207 208 209 -1
16 210 211 212 213 214 215 216 217 218 219 220 221 222 223 224 225 226 227 228 229 230 231 232 233 234 235 236 237 238 239 240 241 242 243 244 245 246 247 248 249 250 251 252 253 254 255 256 257 258 259 260 261 262 263 264 265 266 267 268 269 270 271 272 273 274 275 276 277 278 279 280 281 282 283 284 285 286 287 288 289 290 291 292 293 294 295 296 297 298 299 300 301 302 303 304 305 306 307 308 309 310 311 312 313 314 315 316 317 318 319 320 321 322 323 324 325 326 327 328 329 330 331 332 333 334 335 336 337 338 339 340 341 342 343 344 345 346 347 348 349 350 351 352 353 354 355 356 357 358 359 360 361 362 363 364 365 366 367 368 369 370 371 372 373 374 375 376 377 378 379 380 381 382 383 384 385 386 387 388 -1
17 389 390 391 392 393 394 395 396 397 398 399 400 401 402 403 404 405 406 407 408 409 410 411 412 413 414 415 416 417 418 419 420 421 422 423 424 425 426 427 428 429 430 431 432 433 434 435 436 437 438 439 440 441 442 443 444 445 446 447 448 449 450 451 452 453 454 455 456 457 458 459 460 461 462 463 464 465 466 467 468 469 470 471 472 473 474 475 476 477 478 479 480 481 482 483 484 485 486 487 488 489 490 491 492 493 494 495 496 497 -1
18 498 499 500 501 502 503 504 505 -1
19 506 507 508 509 510 511 512 513 514 515 516 517 518 519 520 521 522 523 524 525 -1
20 526 527 528 529 530 531 532 533 534 535 536 537 538 539 540 541 542 543 544 545 -1
21 546 547 548 549 550 551 552 553 554 555 556 557 558 559 560 561 562 563 564 565 -1
22 566 567 568 569 570 571 572 573 574 575 576 577 578 579 580 581 582 583 584 585 -1
23 586 587 588 589 590 591 592 593 594 595 596 597 598 599 600 601 602 603 604 605 -1
24 606 607 608 609 610 611 612 613 614 615 616 617 618 619 620 621 622 623 624 625 -1
25 626 627 628 629 630 631 632 633 634 635 636 637 638 639 640 641 642 643 644 645 -1
26 646 647 648 649 650 651 652 653 654 655 656 657 658 659 660 661 662 663 664 665 666 667 668 669 670 671 672 673 674 675 676 677 678 679 680 681 682 683 684 685 686 687 688 689 690 691 692 693 694 695 696 697 698 699 700 701 702 703 704 705 706 707 708 709 710 711 712 713 714 715 716 717 718 719 720 721 722 723 724 725 726 727 728 729 730 731 732 733 734 735 736 737 738 739 740 741 742 743 744 745 746 747 748 749 750 751 752 753 754 755 756 757 758 759 760 761 762 763 764 765 766 767 768 769 770 771 772 773 774 775 776 777 778 779 780 781 782 783 784 785 786 787 788 789 790 791 792 793 794 795 796 797 798 799 800 801 802 803 804 805 806 807 808 809 810 811 812 813 814 815 816 817 818 819 820 821 822 823 824 825 826 827 828 829 830 831 832 833 834 835 836 837 838 839 840 841 842 -1
27 843 844 845 846 847 848 849 850 -1
28 851 852 853 854 855 856 857 858 859 860 861 862 863 864 865 866 867 868 869 870 871 872 873 874 875 876 877 878 879 880 881 882 883 884 885 886 887 888 889 890 891 892 893 894 895 896 897 898 899 900 901 902 903 904 905 906 -1
29 907 908 909 910 911 912 913 914 915 916 917 918 919 920 921 922 923 924 925 926 927 928 929 930 931 932 933 934 935 936 937 938 939 940 941 942 943 944 945 946 947 948 949 950 951 952 953 954 955 956 957 958 959 960 961 962 963 964 965 966 967 968 969 970 971 972 -1
30 973 974 975 976 977 978 979 980 -1
31 981 982 983 984 985 986 987 988 -1
32 989 990 991 992 993 994 995 996 997 998 999 1000 1001 1002 1003 1004 1005 1006 1007 1008 -1
33 1009 1010 1011 1012 1013 1014 1015 1016 1017 1018 1019 1020 1021 1022 1023 1024 1025 1026 1027 1028 -1
34 1029 1030 1031 1032 1033 1034 1035 1036 1037 1038 1039 1040 1041 1042 1043 1044 1045 1046 1047 1048 -1
35 1049 1050 1051 1052 1053 1054 1055 1056 1057 1058 1059 1060 1061 1062 1063 1064 1065 1066 1067 1068 -1
36 1069 1070 1071 1072 1073 1074 1075 1076 1077 1078 1079 1080 1081 1082 1083 1084 1085 1086 1087 1088 -1
37 1089 1090 1091 1092 1093 1094 1095 1096 1097 1098 1099 1100 1101 1102 1103 1104 1105 1106 1107 1108 -1
38 1109 1110 1111 1112 1113 1114 1115 1116 1117 1118 1119 1120 1121 1122 1123 1124 1125 1126 1127 1128 -1
39 1129 1130 1131 1132 1133 1134 1135 1136 1137 1138 1139 1140 1141 1142 1143 1144 1145 1146 1147 1148 -1
40 1149 1150 1151 1152 1153 1154 1155 1156 1157 1158 1159 1160 1161 1162 1163 1164 1165 1166 1167 1168 -1
41 1169 1170 1171 1172 1173 1174 1175 1176 1177 1178 1179 1180 1181 1182 1183 1184 1185 1186 1187 1188 -1
42 1189 1190 1191 1192 1193 1194 1195 1196 1197 1198 1199 1200 1201 1202 1203 1204 1205 1206 1207 1208 1209 1210 1211 1212 1213 1214 1215 1216 1217 1218 1219 1220 1221 1222 1223 1224 1225 1226 1227 1228 1229 1230 1231 1232 1233 1234 1235 1236 1237 1238 1239 1240 1241 1242 1243 1244 1245 1246 1247 1248 1249 1250 1251 1252 1253 1254 1255 1256 1257 1258 1259 1260 1261 1262 1263 1264 1265 1266 1267 1268 1269 1270 1271 1272 1273 1274 1275 1276 1277 1278 1279 1280 1281 1282 1283 1284 1285 1286 1287 1288 1289 1290 1291 1292 1293 1294 1295 1296 1297 1298 1299 1300 1301 1302 1303 1304 1305 1306 1307 1308 1309 1310 1311 1312 1313 1314 1315 1316 1317 1318 1319 1320 1321 1322 1323 1324 1325 1326 1327 1328 1329 1330 1331 1332 1333 1334 1335 1336 1337 1338 1339 1340 1341 1342 1343 1344 1345 1346 1347 1348 1349 1350 1351 1352 1353 1354 1355 1356 1357 1358 1359 1360 1361 1362 1363 1364 1365 1366 1367 1368 1369 1370 1371 1372 1373 1374 1375 1376 1377 1378 1379 1380 1381 1382 1383 1384 1385 1386 1387 1388 1389 1390 1391 1392 1393 -1
43 1394 1395 1396 1397 1398 1399 1400 1401 -1
44 1402 1403 1404 1405 1406 1407 1408 1409 -1
45 1410 1411 1412 1413 1414 1415 1416 1417 1418 1419 1420 1421 1422 1423 1424 1425 1426 1427 1428 1429 1430 1431 1432 1433 1434 1435 1436 1437 1438 1439 1440 1441 1442 1443 1444 1445 1446 1447 1448 1449 1450 1451 1452 1453 1454 1455 1456 1457 1458 1459 1460 1461 1462 1463 1464 1465 1466 1467 1468 1469 1470 1471 1472 1473 1474 1475 -1
46 1476 1477 1478 1479 1480 1481 1482 1483 1484 1485 1486 1487 1488 1489 1490 1491 1492 1493 1494 1495 1496 1497 1498 1499 1500 1501 1502 1503 1504 1505 1506 1507 1508 1509 1510 1511 1512 1513 1514 1515 1516 1517 1518 1519 1520 1521 1522 1523 1524 1525 1526 1527 1528 1529 1530 1531 1532 1533 1534 1535 1536 1537 1538 1539 1540 1541 -1
47 1542 1543 1544 1545 1546 1547 1548 1549 -1
48 1550 1551 1552 1553 1554 1555 1556 1557 1558 1559 1560 1561 1562 1563 1564 1565 1566 1567 1568 1569 -1
49 1570 1571 1572 1573 1574 1575 1576 1577 1578 1579 1580 1581 1582 1583 1584 1585 1586 1587 1588 1589 -1
50 1590 1591 1592 1593 1594 1595 1596 1597 1598 1599 1600 1601 1602 1603 1604 1605 1606 1607 1608 1609 -1
51 1610 1611 1612 1613 1614 1615 1616 1617 1618 1619 1620 1621 1622 1623 1624 1625 1626 1627 1628 1629 1630 1631 1632 1633 1634 1635 1636 1637 1638 1639 1640 1641 1642 1643 1644 1645 1646 1647 1648 1649 1650 1651 1652 1653 1654 1655 1656 1657 1658 1659 1660 1661 1662 1663 1664 1665 1666 1667 1668 1669 1670 1671 1672 1673 1674 1675 1676 1677 1678 1679 1680 1681 1682 1683 1684 1685 1686 1687 1688 1689 1690 1691 1692 1693 1694 1695 1696 1697 1698 1699 1700 1701 1702 1703 1704 1705 1706 1707 1708 1709 1710 1711 1712 1713 1714 1715 1716 1717 1718 1719 1720 1721 1722 1723 1724 1725 1726 1727 1728 1729 1730 1731 1732 1733 1734 1735 1736 1737 1738 1739 1740 1741 1742 1743 1744 1745 -1
52 1746 1747 1748 1749 1750 1751 1752 1753 1754 1755 1756 1757 1758 1759 1760 1761 1762 1763 1764 1765 1766 1767 1768 1769 1770 1771 1772 1773 1774 1775 1776 1777 1778 1779 1780 1781 1782 1783 1784 1785 1786 1787 1788 1789 1790 1791 -1
GTSP_SET_ORDERING
2 17 16 -1
3 17 16 -1
4 17 16 -1
5 17 16 -1
6 17 16 -1
7 17 16 -1
8 17 16 -1
9 17 16 -1
10 17 16 -1
11 17 16 -1
12 17 16 -1
13 17 16 -1
14 17 16 -1
15 17 16 -1
17 16 -1
18 16 -1
19 28 26 -1
20 28 26 -1
21 29 26 -1
22 29 26 -1
23 29 26 -1
24 29 26 -1
25 29 26 -1
27 26 -1
28 26 -1
29 26 -1
30 26 -1
31 26 -1
32 45 42 -1
33 45 42 -1
34 45 42 -1
35 45 42 -1
36 45 42 -1
37 46 42 -1
38 46 42 -1
39 46 42 -1
40 46 42 -1
41 46 42 -1
43 42 -1
44 42 -1
45 42 -1
46 42 -1
47 42 -1
48 52 51 -1
49 52 51 -1
50 52 51 -1
52 51 -1
EOF