NAME: Lc58v899
TYPE: PCGTSP 
COMMENT: 
DIMENSION: 900
GTSP_SETS: 59
EDGE_WEIGHT_TYPE: EUC_2D
NODE_COORD_SECTION
1 0.0 0.0
2 2791.0 1739.9999999997672
3 2756.3591308593786 1759.9999999997672
4 2337.6037699381523 1760.000162760145
5 1918.8484090169295 1760.0003255206393
6 1500.0930480957031 1760.0004882810172
7 1081.3376871744767 1760.000651041395
8 662.582326253254 1760.0008138018893
9 243.8269653320276 1760.0009765622672
10 10.000005722049536 1625.001098632114
11 10.0 1610.0010986325797
12 471.0 1610.000915527111
13 932.0 1610.0007324216422
14 1393.0 1610.0005493161734
15 1854.0 1610.000366210821
16 2315.0 1610.0001831053523
17 2776.0 1609.9999999998836
18 2791.0 1624.9999999997672
19 2835.0 1464.9999999996508
20 2601.1730957031177 1600.0001220698468
21 2109.938488769527 1600.0003173823934
22 1618.703881835936 1600.00051269494
23 1127.4692749023416 1600.0007080074865
24 636.2346679687507 1600.000903320033
25 145.0000610351599 1600.0010986325797
26 10.000005722049536 1465.0010986325797
27 10.0 1450.0010986322304
28 480.8333333333321 1450.000915526878
29 951.6666666666679 1450.0007324214093
30 1422.5 1450.0005493159406
31 1893.3333333333321 1450.0003662105883
32 2364.166666666668 1450.000183105236
33 2835.0 1449.9999999997672
34 2938.0 1304.9999999998836
35 2704.1730957031177 1440.0001220700797
36 2255.6442561149524 1440.0002848304575
37 1807.1154165267872 1440.0004475909518
38 1358.5865769386255 1440.0006103513297
39 910.0577373504602 1440.0007731117075
40 461.52889776229495 1440.0009358722018
41 13.000058174129663 1440.0010986325797
42 13.000003814697266 1300.0010986325797
43 20.00000381468999 1300.0010986325797
44 27.07106916056364 1297.072165095713
45 30.0 1290.0010986325797
46 514.6666666666679 1290.000915527111
47 999.3333333333321 1290.0007324216422
48 1484.0 1290.0005493161734
49 1968.6666666666679 1290.0003662105883
50 2453.333333333332 1290.0001831051195
51 2938.0 1289.9999999996508
52 2935.0 1279.999999999418
53 2486.47114308675 1279.999999999418
54 2037.9422861735038 1279.999999999418
55 1589.413429260254 1279.999999999418
56 1140.884572347004 1279.999999999418
57 692.3557154337577 1279.999999999418
58 243.8268585205078 1279.999999999418
59 9.999999046318408 1144.9999999996508
60 10.0 1129.9999999997672
61 494.66666666666424 1129.9999999997672
62 979.3333333333285 1129.9999999997672
63 1463.9999999999964 1129.9999999997672
64 1948.6666666666606 1129.9999999997672
65 2433.333333333325 1129.9999999997672
66 2917.999999999989 1129.9999999997672
67 2920.9289321881733 1137.071067811572
68 2927.999999999989 1139.9999999995343
69 2935.0 1139.9999999995343
70 2935.0 1119.9999999995343
71 2486.47114308675 1119.9999999995343
72 2037.9422861735038 1119.9999999995343
73 1589.413429260254 1119.9999999995343
74 1140.884572347004 1119.9999999995343
75 692.3557154337577 1119.9999999995343
76 243.8268585205078 1119.9999999995343
77 9.999999046318408 984.9999999995343
78 10.0 969.9999999997672
79 494.66666666666424 969.9999999997672
80 979.3333333333285 969.9999999997672
81 1463.9999999999964 969.9999999997672
82 1948.6666666666606 969.9999999997672
83 2433.333333333325 969.9999999997672
84 2917.999999999989 969.9999999997672
85 2920.928932188126 977.071067811572
86 2927.999999999989 979.9999999996508
87 2935.0 979.9999999996508
88 3088.0 824.9999999994179
89 2854.1728515625 959.9999999997672
90 2419.1151860555 959.9999999997672
91 1984.0575205485038 959.9999999997672
92 1548.999855041504 959.9999999997672
93 1113.942189534504 959.9999999997672
94 678.8845240275077 959.9999999997672
95 243.8268585205078 959.9999999997672
96 9.999999046318408 824.9999999994179
97 10.0 809.9999999998836
98 449.71428571428623 809.9999999998836
99 889.4285714285725 809.9999999998836
100 1329.1428571428587 809.9999999998836
101 1768.8571428571413 809.9999999998836
102 2208.5714285714275 809.9999999998836
103 2648.2857142857138 809.9999999998836
104 3088.0 809.9999999998836
105 3088.0 664.9999999998836
106 2854.1730957031177 800.0000610346906
107 2419.1154479980396 800.0002339676721
108 1984.0578002929615 800.0004069006536
109 1549.0001525878833 800.0005798336351
110 1113.9425048828052 800.0007527666166
111 678.8848571777271 800.0009256995982
112 243.82720947264897 800.0010986325797
113 10.000005722049536 665.0012207028922
114 10.0 650.0012207028922
115 449.71428571428623 650.0010463166982
116 889.4285714285725 650.0008719305042
117 1329.1428571428587 650.0006975443102
118 1768.8571428571413 650.0005231579999
119 2208.5714285714275 650.0003487718059
120 2648.2857142857138 650.0001743856119
121 3088.0 649.9999999994179
122 3088.0 504.99999999976717
123 2854.1730957031177 640.0000610346906
124 2419.1154479980396 640.0002339676721
125 1984.0578002929615 640.0004069006536
126 1549.0001525878833 640.0005798336351
127 1113.9425048828052 640.0007527666166
128 678.8848571777271 640.0009256995982
129 243.82720947264897 640.0010986325797
130 10.000005722049536 505.00119018531404
131 10.0 490.00119018543046
132 449.71428571428623 490.00102015887387
133 889.4285714285725 490.0008501323173
134 1329.1428571428587 490.0006801057607
135 1768.8571428571413 490.0005100792041
136 2208.5714285714275 490.0003400526475
137 2648.2857142857138 490.0001700260909
138 3088.0 489.99999999953434
139 3088.0 344.99999999965075
140 2854.1730957031177 480.0000915522687
141 2419.1154479980396 480.0002593989484
142 1984.0578002929615 480.0004272457445
143 1549.0001525878833 480.0005950924242
144 1113.9425048828052 480.0007629391039
145 678.8848571777271 480.0009307859
146 243.82720947264897 480.00109863257967
147 10.000005722049536 345.00119018519763
148 10.0 330.00119018543046
149 449.71428571428623 330.00102015887387
150 889.4285714285725 330.0008501324337
151 1329.1428571428587 330.0006801058771
152 1768.8571428571413 330.0005100793205
153 2208.5714285714275 330.00034005276393
154 2648.2857142857138 330.00017002632376
155 3088.0 329.99999999976717
156 3088.0 184.99999999976717
157 2854.1728515625 319.99999999976717
158 2419.1151860555 319.99999999976717
159 1984.0575205485038 319.99999999976717
160 1548.999855041504 319.99999999976717
161 1113.942189534504 319.99999999976717
162 678.8845240275077 319.99999999976717
163 243.8268585205078 319.99999999976717
164 9.999999046318408 184.99999999976717
165 10.0 169.9999999991851
166 449.71428571428623 169.9999999991851
167 889.4285714285725 169.9999999991851
168 1329.1428571428587 169.9999999991851
169 1768.8571428571413 169.9999999991851
170 2208.5714285714275 169.9999999991851
171 2648.2857142857138 169.9999999991851
172 3088.0 169.9999999991851
173 3088.0 24.99999999976717
174 2854.1728515625 159.99999999953434
175 2419.1151860555 159.99999999953434
176 1984.0575205485038 159.99999999953434
177 1548.999855041504 159.99999999953434
178 1113.942189534504 159.99999999953434
179 678.8845240275077 159.99999999953434
180 243.8268585205078 159.99999999953434
181 9.999999046318408 24.99999999976717
182 10.0 9.99999999976717
183 449.71428571428623 9.99999999976717
184 889.4285714285725 9.99999999976717
185 1329.1428571428587 9.99999999976717
186 1768.8571428571413 9.99999999976717
187 2208.5714285714275 9.99999999976717
188 2648.2857142857138 9.99999999976717
189 3088.0 9.99999999976717
190 4177.0 563.9999999997672
191 4029.7756347656177 649.0000610345742
192 3761.4999999999927 649.000152587425
193 3493.2243652343677 649.0002441402758
194 3346.0 564.000305175432
195 3346.0 549.0003051756648
196 3761.5 549.0001525876578
197 4177.0 548.9999999997672
198 4918.87451171875 651.3633422846906
199 4507.437255859375 644.1816711421125
200 4096.0 636.9999999994179
201 4096.26171875 622.0022583003156
202 4244.947265625 539.5846557613695
203 4509.182617187496 544.1968994135968
204 4773.417968749989 548.8091430659406
205 4919.13623046875 636.3656005857047
206 5145.57080078125 530.0001220700797
207 4713.678100585934 530.0002899167594
208 4281.785400390621 530.000457763439
209 3849.892700195305 530.0006256100023
210 3417.999999999989 530.000793456682
211 3388.5948666693803 531.44539863721
212 3359.4729230518387 535.7652539883275
213 3330.914629238887 542.9187569632195
214 3303.19501706912 552.8370154532604
215 3276.5810414226253 565.4245112568606
216 3251.329009300869 580.5600199711043
217 3227.682111451464 598.0977784487186
218 3205.868080309516 617.8688885758165
219 3186.096996810931 639.6829438523855
220 3168.5592671992126 663.329863110208
221 3153.4237893101817 688.5819137078943
222 3140.836325994351 715.1959047199925
223 3130.9181013417037 742.915528996964
224 3123.764633228053 771.4738315421855
225 3119.4448134261547 800.5957804329228
226 3118.0002441406177 830.0009155269945
227 3098.0002441406286 830.0009155269945
228 3098.0 365.0009155268781
229 3122.748737341528 354.7496528683696
230 3133.0 330.0009155268781
231 3599.5999999999985 330.00073242140934
232 4066.2000000000007 330.000549316057
233 4532.799999999999 330.00036621058825
234 4999.4000000000015 330.0001831052359
235 5466.0 329.99999999976717
236 5466.0 344.99999999965075
237 5480.0 990.9980468747672
238 5060.666666666668 990.9983723955229
239 4641.333333333332 990.998697916395
240 4222.0 990.9990234371508
241 3802.666666666668 990.9993489579065
242 3383.333333333332 990.9996744787786
243 2964.0 990.9999999995343
244 2964.0 975.9999999997672
245 3197.82666015625 840.9998168939492
246 3607.4958984375007 840.9994995112065
247 4017.1651367187515 840.9991821284639
248 4426.8343749999985 840.9988647457212
249 4836.503613281249 840.9985473629786
250 5246.1728515625 840.9982299802359
251 5480.0 975.9980468746508
252 5723.999999999996 159.99999999953434
253 5254.666666666664 160.0001831050031
254 4785.333333333332 160.00036621047184
255 4315.999999999996 160.0005493159406
256 3846.6666666666642 160.00073242152575
257 3377.333333333332 160.0009155269945
258 2908.0 160.00109863246325
259 2908.0 145.00109863257967
260 3141.8269042968786 10.001005172380246
261 3611.4960937500036 10.000822257716209
262 4081.1652832031286 10.000639343052171
263 4550.83447265625 10.000456428271718
264 5020.503662109375 10.00027351360768
265 5490.1728515625 10.000090598943643
266 5723.999999999996 144.99999999976717
267 5724.999999999996 319.99780273414217
268 5255.666666666664 319.99816894507967
269 4786.333333333332 319.99853515601717
270 4316.999999999996 319.99890136695467
271 3847.6666666666642 319.99926757789217
272 3378.333333333332 319.99963378882967
273 2909.0 319.99999999976717
274 2909.0 304.99999999965075
275 3142.82666015625 169.9998168940656
276 3612.4958984375007 169.9994506831281
277 4082.1651367187515 169.999084472307
278 4551.8343749999985 169.9987182613695
279 5021.503613281249 169.99835205054842
280 5491.1728515625 169.99798583961092
281 5724.999999999996 304.997802734375
282 5723.999999999996 1030.9999999997672
283 5574.0 1030.9999999997672
284 5574.0 980.9999999997672
285 5571.117792060486 951.736451697303
286 5562.581929876695 923.5974851449719
287 5548.720441845384 897.664465046837
288 5530.066017177982 874.9339828217635
289 5507.335534952941 856.2795581544051
290 5481.402514854763 842.4180701230653
291 5453.263548302413 833.8822079392849
292 5423.999999999989 830.9999999996508
293 5021.1653808593655 830.9999999996508
294 4618.330761718742 830.9999999996508
295 4215.496142578115 830.9999999996508
296 3812.6615234374913 830.9999999996508
297 3409.8269042968677 830.9999999996508
298 3176.0 695.9999999997672
299 3176.0 680.9999999997672
300 3594.833333333332 680.9999999997672
301 4013.666666666668 680.9999999997672
302 4432.5 680.9999999997672
303 4851.333333333332 680.9999999997672
304 5270.166666666668 680.9999999997672
305 5689.0 680.9999999997672
306 5699.2512626584685 705.7487373412587
307 5723.999999999996 715.9999999997672
308 5561.0 1140.9999999993015
309 5554.0 1140.9999999993015
310 5546.928932188039 1143.928932187613
311 5544.0 1150.9999999997672
312 5111.333333333332 1151.0001627602614
313 4678.666666666668 1151.0003255206393
314 4246.0 1151.0004882810172
315 3813.333333333332 1151.0006510415114
316 3380.666666666668 1151.0008138018893
317 2948.0 1151.0009765623836
318 2948.0 1136.000976561918
319 3181.8269042968677 1001.0009155272273
320 3657.661523437495 1001.0007324217586
321 4133.496142578122 1001.0005493162898
322 4609.330761718746 1001.0003662107047
323 5085.165380859373 1001.0001831052359
324 5561.0 1000.9999999997672
325 5563.999999999989 1310.997924804571
326 5131.333333333325 1310.9982706704177
327 4698.666666666661 1310.9986165362643
328 4265.999999999996 1310.998962402111
329 3833.3333333333285 1310.999308268074
330 3400.6666666666642 1310.9996541339206
331 2968.0 1310.9999999997672
332 2965.0710678118667 1303.928932187846
333 2958.0 1300.9999999997672
334 2951.0 1300.9999999997672
335 2951.0 1160.9999999997672
336 3426.8345703125015 1160.9996337888297
337 3902.6691406249993 1160.9992675778922
338 4378.503710937501 1160.9989013669547
339 4854.3382812499985 1160.9985351560172
340 5330.1728515625 1160.9981689450797
341 5563.999999999989 1295.9979248042218
342 5549.0 1470.9979248041054
343 5116.0 1470.998270669952
344 4683.0 1470.998616535915
345 4250.0 1470.9989624017617
346 3817.0 1470.9993082676083
347 3384.0 1470.9996541335713
348 2951.0 1470.999999999418
349 2948.0710678118157 1463.928932187613
350 2941.0 1460.9999999996508
351 2934.0 1460.9999999996508
352 2934.0 1320.9999999996508
353 3410.2345703124993 1320.9996337887133
354 3886.4691406249985 1320.9992675776593
355 4362.7037109375015 1320.9989013667218
356 4838.938281250001 1320.998535155668
357 5315.1728515625 1320.9981689447304
358 5549.0 1455.9979248044547
359 5594.0 1630.9999999997672
360 5133.666666666668 1631.000183105236
361 4673.333333333332 1631.0003662107047
362 4213.0 1631.0005493161734
363 3752.666666666668 1631.0007324216422
364 3292.333333333332 1631.000915527111
365 2832.0 1631.0010986325797
366 2832.0 1481.0010986325797
367 3253.362141927082 1481.0009358720854
368 3674.724283854168 1481.0007731117075
369 4096.08642578125 1481.0006103512133
370 4517.448567708332 1481.000447590719
371 4938.810709635418 1481.0002848303411
372 5360.1728515625 1481.0001220698468
373 5594.0 1615.9999999995343
374 5510.0 1790.9978027342586
375 5049.666666666668 1790.9981689450797
376 4589.333333333332 1790.9985351560172
377 4129.0 1790.9989013669547
378 3668.666666666668 1790.9992675777758
379 3208.333333333332 1790.9996337885968
380 2748.0 1790.9999999995343
381 2748.0 1775.9999999997672
382 2981.82666015625 1640.999877929571
383 3403.188883463543 1640.999532063608
384 3824.551106770832 1640.999186197645
385 4245.913330078125 1640.9988403317984
386 4667.275553385418 1640.9984944658354
387 5088.637776692707 1640.9981485998724
388 5510.0 1640.9978027339093
389 6940.999999999996 1283.9999999997672
390 6707.173339843746 1419.0001220697304
391 6252.500244140621 1419.0003051751992
392 5797.827148437496 1419.000488280668
393 5563.999999999989 1284.0004882807843
394 5563.999999999989 1269.0004882807843
395 6022.999999999989 1269.0003255204065
396 6481.999999999996 1269.000162760145
397 6940.999999999996 1268.9999999997672
398 7209.999999999996 1495.9999999997672
399 6976.172851562496 1630.9999999997672
400 6618.995605468746 1630.9999999997672
401 6261.818359374996 1630.9999999997672
402 5904.641113281246 1630.9999999997672
403 5869.999999999996 1610.9999999997672
404 5869.999999999996 1510.9999999995343
405 5891.213203435549 1502.2132034351816
406 5899.999999999996 1480.9999999996508
407 6336.666666666661 1480.9999999996508
408 6773.333333333332 1480.9999999996508
409 7209.999999999996 1480.9999999996508
410 7549.999999999996 574.9999999997672
411 7067.599999999995 575.0001831052359
412 6585.200000000001 575.0003662105883
413 6102.799999999999 575.000549316057
414 5620.399999999998 575.0007324214093
415 5138.0 575.0009155268781
416 5138.0 560.0009155269945
417 5371.82666015625 425.0008544920711
418 5857.913208007809 425.0006637572078
419 6343.999755859371 425.0004730223445
420 6830.086303710934 425.00028228748124
421 7316.172851562496 425.00009155261796
422 7549.999999999996 559.9999999997672
423 7980.999999999996 599.9999999996508
424 7747.173339843746 735.0000610349234
425 7261.086791992184 735.0002593991812
426 6775.000244140621 735.000457763439
427 6288.913696289059 735.0006561278133
428 5802.827148437496 735.0008544920711
429 5569.0 600.0009155271109
430 5569.0 585.0009155267617
431 6051.399999999998 585.0007324214093
432 6533.799999999999 585.0005493159406
433 7016.200000000001 585.0003662105883
434 7498.599999999995 585.0001831051195
435 7980.999999999996 584.9999999997672
436 7934.999999999996 894.9999999994179
437 7507.599999999995 895.0001708979253
438 7080.199999999993 895.0003417964326
439 6652.799999999999 895.0005126950564
440 6225.399999999998 895.0006835935637
441 5797.999999999996 895.0008544920711
442 5786.400720995374 868.9737694166834
443 5759.291015624996 860.1978759760968
444 5736.898925781246 745.0008544920711
445 6176.803222656246 745.0006835935637
446 6616.707519531246 745.0005126951728
447 7056.611816406246 745.0003417966655
448 7496.516113281246 745.0001708982745
449 7936.420410156246 744.9999999997672
450 7960.107910156246 861.4269409176195
451 7941.971220028961 874.0383725117426
452 8053.999999999996 1098.9999999997672
453 7573.399999999998 1099.0001953123137
454 7092.799999999999 1099.0003906247439
455 6612.200000000001 1099.0005859372905
456 6131.600000000002 1099.0007812497206
457 5651.0 1099.0009765622672
458 5651.0 1084.0009765622672
459 5884.826660156246 949.0008544917218
460 6368.663208007809 949.000656127464
461 6852.499755859371 949.0004577632062
462 7336.336303710934 949.0002593990648
463 7820.172851562496 949.000061034807
464 8053.999999999996 1083.9999999996508
465 7976.999999999996 1123.9999999996508
466 7743.173339843746 1259.0001220700797
467 7259.336791992184 1259.0003051755484
468 6775.500244140621 1259.0004882810172
469 6291.663696289059 1259.000671386486
470 5807.827148437496 1259.0008544919547
471 5574.0 1124.0009765622672
472 5574.0 1109.0009765623836
473 6054.600000000002 1109.000781249837
474 6535.200000000001 1109.0005859372905
475 7015.799999999999 1109.0003906248603
476 7496.399999999998 1109.0001953123137
477 7976.999999999996 1108.9999999997672
478 8116.999999999996 1790.9999999995343
479 7621.399999999998 1791.000195312081
480 7125.799999999999 1791.0003906246275
481 6630.200000000001 1791.000585937174
482 6134.600000000002 1791.0007812497206
483 5639.0 1791.0009765622672
484 5628.748737341528 1766.2522392207757
485 5604.0 1756.0009765622672
486 5604.0 1421.0009765621508
487 5753.999999999996 1421.0009765621508
488 5753.999999999996 1491.0009765621508
489 5756.882228777391 1520.2645075534238
490 5765.418105158995 1548.403453930281
491 5779.279600541235 1574.3364528808743
492 5797.934025980361 1597.066914828145
493 5820.664503108692 1615.7213217691751
494 5846.597513339784 1629.5827960470924
495 5874.736466663166 1638.1186495291768
496 5903.999999999996 1641.0008544918383
497 6398.793212890621 1641.0006713863695
498 6893.586425781246 1641.0004882810172
499 7388.379638671871 1641.0003051755484
500 7883.172851562496 1641.0001220700797
501 8116.999999999996 1775.9999999997672
502 8258.999999999996 1435.9987792966422
503 8234.251262658468 1446.2500419551507
504 8223.999999999996 1470.9987792966422
505 7848.749999999996 1470.999084472307
506 7473.499999999996 1470.9993896479718
507 7098.249999999996 1470.999694823753
508 6722.999999999996 1470.999999999418
509 6722.999999999996 1455.9999999995343
510 6956.826660156246 1320.9998779294547
511 7428.556152343746 1320.999450683361
512 7900.285644531246 1320.9990234372672
513 7930.007568899757 1318.024902301724
514 7958.550870683142 1309.2204654656816
515 7984.783664380575 1294.9348531399155
516 8007.6656877597015 1275.7345617157407
517 8026.2895534871095 1252.3809793338878
518 8039.9167316006315 1225.8001930145547
519 8048.006835937496 1197.0462646478554
520 8093.503173828121 939.0225830073468
521 8138.999511718746 680.9989013668383
522 8258.999023437496 680.9987792967586
523 8258.999511718746 1058.4987792966422
524 8049.173339843746 160.00009155250154
525 7646.338671874993 160.00024719210342
526 7243.504003906248 160.0004028318217
527 6840.669335937495 160.00055847142357
528 6437.834667968749 160.00071411114186
529 6034.999999999996 160.00086975074373
530 6005.7364423440995 162.8830795508111
531 5977.597467523661 171.41894717304967
532 5951.664441258556 185.28044380026404
533 5928.933955848068 203.93487954663578
534 5910.279531662996 226.6653744452633
535 5896.418048226009 252.59840776061174
536 5887.882194915841 280.73738692258485
537 5884.999999999996 310.0009460444562
538 5884.999999999996 360.0009460443398
539 5734.999999999996 360.0010070798453
540 5734.999999999996 45.00099182105623
541 5759.74874206202 34.74972444202285
542 5769.999999999996 10.000978469382972
543 6188.833333333332 10.000815391074866
544 6607.666666666661 10.000652312883176
545 7026.499999999996 10.00048923457507
546 7445.333333333332 10.000326156266965
547 7864.166666666661 10.000163078075275
548 8282.999999999996 9.99999999976717
549 8282.999999999996 24.99999999976717
550 8449.999999999996 344.99804687476717
551 8425.25125186882 355.2493203228805
552 8414.999999999996 379.9980773924617
553 7919.399999999998 379.9984619138995
554 7423.799999999999 379.9988464353373
555 6928.199999999993 379.99923095689155
556 6432.599999999995 379.99961547832936
557 5936.999999999996 379.99999999976717
558 5936.999999999996 364.99999999976717
559 6170.826660156246 229.99981689429842
560 6665.619995117184 229.9994316098746
561 7160.413330078121 229.99904632533435
562 7655.206665039059 229.9986610407941
563 8149.999999999996 229.99827575637028
564 8179.263562332646 227.1160650261445
565 8207.402541287145 218.580194684444
566 8233.335570635714 204.71869375940878
567 8256.066057638924 186.06425247353036
568 8274.720481582834 163.33375123806763
569 8288.581962722656 137.4007113140542
570 8297.117811595996 109.2617258472601
571 8299.999999999996 79.99816131568514
572 8299.999999999996 9.99815940822009
573 8449.999999999996 9.998043060069904
574 8283.999999999996 1383.9999999995343
575 8268.999999999996 1383.9999999995343
576 8268.999999999996 1039.4999999995343
577 8268.999999999996 694.9999999996508
578 8283.999999999996 694.9999999996508
579 8388.999999999996 876.865295409807
580 8388.999999999996 1202.134643554571
581 8585.999999999996 1595.998779296293
582 8561.251262658461 1606.2500419548014
583 8550.999999999996 1630.9987792964093
584 8175.749999999996 1630.9990844721906
585 7800.499999999996 1630.9993896480883
586 7425.249999999996 1630.999694823986
587 7049.999999999996 1630.9999999997672
588 7049.999999999996 1615.9999999995343
589 7283.826660156246 1480.9998779293383
590 7755.556396484371 1480.999450683361
591 8227.286132812496 1480.9990234375
592 8257.007979128179 1478.0248193726875
593 8285.55119206855 1469.2203299909597
594 8311.78389491601 1454.934695964097
595 8334.66583387522 1435.7344119115733
596 8353.289629177289 1412.38086214324
597 8366.916757084891 1385.8001280822791
598 8375.006835937496 1357.0462646480883
599 8420.502929687496 1099.0225830075797
600 8465.999023437496 840.9989013670711
601 8585.999023437496 840.9987792966422
602 8585.999511718746 1218.4987792964093
603 9184.661132812489 909.5946044918383
604 8915.688476562496 933.1268310545711
605 8599.165039062496 785.5297241208609
606 8444.298828124996 564.3587646482047
607 8449.639648437496 550.2986450192984
608 8820.319824218746 723.1493225095328
609 9190.999999999996 895.9999999997672
610 9698.999999999996 404.9999999994179
611 9465.172851562496 539.9999999997672
612 8982.586303710934 539.9999999997672
613 8499.999755859371 539.9999999997672
614 8017.413208007809 539.9999999997672
615 7534.826660156246 539.9999999997672
616 7300.999999999996 404.9999999994179
617 7300.999999999996 389.9999999998836
618 7780.599999999995 389.9999999998836
619 8260.199999999993 389.9999999998836
620 8739.8 389.9999999998836
621 9219.399999999998 389.9999999998836
622 9698.999999999996 389.9999999998836
623 10122.999999999989 969.9992675776593
624 9670.999999999989 969.9996337887133
625 9218.999999999989 969.9999999997672
626 9218.999999999989 954.9999999997672
627 9366.224609374996 869.9998779291054
628 9670.999999999996 869.9996337885968
629 9975.775390624996 869.9993896479718
630 10122.999999999989 954.9992675777758
631 10326.999999999996 1655.9999999995343
632 10093.172851562496 1791.0001220700797
633 9610.586425781246 1791.0003051755484
634 9127.999999999996 1791.0004882810172
635 8645.413574218746 1791.000671386486
636 8162.827148437496 1791.0008544919547
637 7928.999999999996 1656.0009765622672
638 7928.999999999996 1641.0009765621508
639 8408.599999999995 1641.0007812496042
640 8888.199999999993 1641.000585937174
641 9367.8 1641.0003906246275
642 9847.399999999998 1641.0001953121973
643 10326.999999999996 1640.9999999996508
644 10955.999999999996 1790.9999999995343
645 10546.999999999996 1791.000183105236
646 10137.999999999996 1791.000366210821
647 10139.101562499996 1776.0003662104718
648 10372.928710937496 1641.0002441403922
649 10722.172851562511 1641.0001220700797
650 10955.999999999996 1775.9999999997672
651 10967.999999999996 1595.999999999418
652 10943.251262658374 1606.2512626580428
653 10932.999999999996 1630.9999999997672
654 10460.8 1631.0001953121973
655 9988.599999999995 1631.0003906247439
656 9516.399999999998 1631.000585937174
657 9044.199999999993 1631.0007812497206
658 8571.999999999996 1631.0009765621508
659 8571.999999999996 1616.0009765622672
660 8805.827148437496 1481.000854492071
661 9305.120361328121 1481.0006408689078
662 9804.413574218746 1481.000427245861
663 10303.706787109371 1481.000213622814
664 10802.999999999996 1480.9999999996508
665 10832.26354830241 1478.1177920602495
666 10860.402514854755 1469.581929876469
667 10886.335534952934 1455.7204418451292
668 10909.066017177978 1437.0660171777708
669 10927.720441845373 1414.3355349526973
670 10941.581929876691 1388.4025148545625
671 10950.117792060479 1360.2635483022314
672 10952.999999999996 1330.9999999997672
673 10967.999999999996 1330.9999999997672
674 10914.999999999996 1335.9999999997672
675 10681.172851562496 1470.999999999418
676 10229.086425781246 1470.999999999418
677 9776.999999999996 1470.999999999418
678 9324.913574218746 1470.999999999418
679 8872.827148437496 1470.999999999418
680 8638.999999999996 1335.9999999997672
681 8638.999999999996 1320.9999999996508
682 9094.199999999993 1320.9999999996508
683 9549.399999999998 1320.9999999996508
684 10004.599999999995 1320.9999999996508
685 10459.8 1320.9999999996508
686 10914.999999999996 1320.9999999996508
687 10893.999999999996 1310.9981689449633
688 10438.8 1310.9985351559008
689 9983.599999999995 1310.9989013668383
690 9528.399999999998 1310.9992675778922
691 9073.199999999993 1310.9996337888297
692 8617.999999999996 1310.9999999997672
693 8617.999999999996 1295.9999999998836
694 8851.827148437496 1160.9998779294547
695 9303.913574218746 1160.9995117185172
696 9755.999999999996 1160.9991455075797
697 10208.086425781246 1160.9987792965258
698 10660.172851562496 1160.9984130855883
699 10893.999999999996 1295.9981689450797
700 10878.999999999996 1115.9982910152758
701 10854.251262658461 1126.2495536737842
702 10843.999999999996 1150.9982910153922
703 10399.399999999998 1150.9986328122905
704 9954.8 1150.9989746091887
705 9510.199999999993 1150.9993164059706
706 9065.599999999995 1150.9996582028689
707 8620.999999999996 1150.9999999997672
708 8618.071067811961 1143.9289321877295
709 8611.000000000011 1140.9999999993015
710 8600.999999999996 1140.9999999993015
711 8597.999999999996 1140.9999999993015
712 8597.999999999996 1000.9999999997672
713 8600.999999999996 1000.9999999997672
714 9022.541601562498 1000.9996704098303
715 9444.083203125 1000.9993408200098
716 9865.624804687493 1000.9990112300729
717 10287.166406249995 1000.9986816402525
718 10708.708007812496 1000.9983520503156
719 10736.594881700348 998.3834392335266
720 10763.509440079284 990.629598150379
721 10788.51324346758 978.0071847363142
722 10810.734475357498 960.9563091702294
723 10829.39834015162 940.0714903962798
724 10843.854078236578 916.0809268201701
725 10853.597656249996 889.8211059569148
726 10863.999999999996 850.9982299798867
727 10878.999999999996 850.9982299798867
728 10844.999999999996 884.9999999997672
729 10697.775390624996 969.9999999997672
730 10433.499999999996 969.9999999997672
731 10169.224609374996 969.9999999997672
732 10021.999999999996 884.9999999997672
733 10021.999999999996 869.9999999996508
734 10433.499999999996 869.9999999996508
735 10844.999999999996 869.9999999996508
736 10862.731445312496 839.9999999998836
737 10828.090820312496 859.9999999994179
738 10405.524902343746 859.9999999994179
739 9982.958984374996 859.9999999994179
740 9560.393066406246 859.9999999994179
741 9137.827148437496 859.9999999994179
742 8903.999999999996 724.9999999996508
743 8903.999999999996 709.9999999997672
744 9382.249999999996 709.9999999997672
745 9860.499999999996 709.9999999997672
746 10338.749999999996 709.9999999997672
747 10816.999999999996 709.9999999997672
748 10827.101928886597 732.4514726905618
749 10850.604492187496 739.7827148432843
750 10913.999999999996 480.99999999965075
751 10898.999999999996 495.99999999976717
752 10461.66666666666 496.0001729327487
753 10024.333333333332 496.0003458656138
754 9586.999999999996 496.0005187985953
755 9586.999999999996 481.0005187985953
756 9820.827148437496 346.0004272457445
757 10176.557942708332 346.00028483045753
758 10532.28873697916 346.00014241505414
759 10888.019531249996 345.99999999976717
760 10913.999999999996 360.99999999953434
761 10857.999999999989 24.99999999976717
762 10624.172851562511 159.99999999953434
763 10124.379638671879 159.99999999953434
764 9624.586425781254 159.99999999953434
765 9124.793212890629 159.99999999953434
766 8624.999999999996 159.99999999953434
767 8595.736451697561 162.88220793905202
768 8567.597485145201 171.41807012283243
769 8541.664465047015 185.27955815417226
770 8518.93398282197 203.93398282153066
771 8500.279558154569 226.66446504660416
772 8486.418070123265 252.59748514485545
773 8477.882207939492 280.73645169718657
774 8474.999999999996 309.99999999965075
775 8459.999999999996 309.99999999965075
776 8459.999999999996 24.99999999976717
777 8474.999999999996 9.99999999976717
778 8951.599999999995 9.99999999976717
779 9428.199999999993 9.99999999976717
780 9904.799999999992 9.99999999976717
781 10381.39999999999 9.99999999976717
782 10857.999999999989 9.99999999976717
783 10978.999999999996 849.9999999997672
784 10963.999999999996 849.9999999997672
785 10961.11778164154 820.7364603528986
786 10952.58191235884 792.5975038883043
787 10938.720420652066 766.6644943639403
788 10920.065995598798 743.93402227771
789 10897.335515922114 725.2796064735157
790 10871.402500757478 711.4181253189454
791 10843.263540819618 702.8822674860712
792 10813.999999999996 700.0000610349234
793 10314.206787109371 700.0002593991812
794 9814.413574218746 700.000457763439
795 9314.620361328121 700.0006561278133
796 8814.827148437496 700.0008544920711
797 8580.999999999996 565.0009155269945
798 8580.999999999996 550.0009155267617
799 9057.599999999995 550.0007324214093
800 9534.199999999993 550.0005493159406
801 10010.8 550.0003662105883
802 10487.399999999998 550.0001831051195
803 10963.999999999996 549.9999999997672
804 10978.999999999996 564.9999999997672
805 10994.999999999996 471.99999999976717
806 10979.999999999996 471.99999999976717
807 10977.117781641533 442.7364603528986
808 10968.581912358834 414.59750388830435
809 10954.720420652058 388.6644943639403
810 10936.06599559879 365.93402227782644
811 10913.335515922106 347.27960647351574
812 10887.402500757471 333.4181253189454
813 10859.263540819611 324.8822674860712
814 10829.999999999989 322.00006103503983
815 10330.706787109364 322.0002517699031
816 9831.413574218739 322.00044250465
817 9332.120361328121 322.00063323951326
818 8832.827148437496 322.00082397437654
819 8598.999999999996 187.00091552711092
820 8598.999999999996 172.0009155268781
821 9071.199999999993 172.00073242140934
822 9543.399999999998 172.0005493159406
823 10015.599999999995 172.00036621058825
824 10487.8 172.0001831051195
825 10959.999999999996 171.99999999965075
826 10970.25126805322 196.74872747727204
827 10994.999999999996 206.9999847409781
828 11924.000000000011 129.9999847409781
829 11902.786791169656 138.78678670001682
830 11893.999999999996 159.99999999953434
831 11487.333333333332 160.0001576737268
832 11080.66666666666 160.00031534780283
833 10673.999999999996 160.00047302199528
834 10673.999999999996 145.0004730221117
835 10907.827148437489 10.00038433028385
836 11398.593261718739 10.000193118816242
837 11889.359374999996 10.000001907348633
838 11924.000000000011 29.999988555558957
839 11980.999999999989 184.99999999976717
840 11747.172851562489 320.0000915521523
841 11377.586425781239 320.0002288813703
842 11007.999999999996 320.00036621058825
843 11007.999999999996 180.00038146949373
844 11017.999999999996 180.00038146949373
845 11025.07107320667 177.07144388661254
846 11027.999999999996 170.00036621070467
847 11504.499999999989 170.0001831050031
848 11980.999999999989 169.9999999991851
849 11989.999999999996 344.99999999965075
850 11756.172851562496 480.0000915522687
851 11405.586425781246 480.0002288814867
852 11054.999999999996 480.00036621070467
853 11054.999999999996 340.00036621070467
854 11064.999999999996 340.00036621070467
855 11072.071067811852 337.0714340225095
856 11074.999999999989 330.00036621070467
857 11532.499999999989 330.0001831052359
858 11989.999999999996 329.99999999976717
859 11975.201171875011 979.9867553709773
860 11490.009765625004 986.1319885251578
861 11004.818359374996 992.2772216792218
862 10989.786132812496 977.4644165036734
863 10988.999999999996 553.9999999997672
864 11003.976562499996 538.8027343746508
865 11489.168457031246 532.7492675778922
866 11974.360351562496 526.6958007810172
867 11989.392578124996 541.5153198239859
868 11990.177734374996 964.7935791013297
869 11984.999999999996 1151.9991455074633
870 11628.999999999996 1151.9994303381536
871 11272.999999999996 1151.9997151689604
872 10916.999999999996 1151.9999999996508
873 10914.071067811816 1144.928932187846
874 10906.999999999996 1141.9999999997672
875 10896.999999999996 1141.9999999997672
876 10896.999999999996 1001.9999999997672
877 11324.086425781246 1001.9996643062914
878 11751.172851562496 1001.9993286128156
879 11984.999999999996 1136.9991455075797
880 11957.999999999996 1291.9999999996508
881 11923.359374999996 1311.9999999997672
882 11433.093261718746 1311.9999999997672
883 10942.827148437496 1311.9999999997672
884 10708.999999999996 1176.9999999997672
885 10708.999999999996 1161.9999999998836
886 11115.333333333332 1161.9999999998836
887 11521.66666666666 1161.9999999998836
888 11927.999999999996 1161.9999999998836
889 11936.786796564451 1183.2132034354145
890 11957.999999999996 1191.9999999996508
891 11978.374999999996 1775.8132324217586
892 11963.369140624996 1790.8172607417218
893 11478.187499999989 1790.8176269527758
894 10993.005859374989 1790.8179931638297
895 10977.999999999996 1775.8139648432843
896 10977.999999999996 1350.999999999418
897 10993.003906249996 1336.2600097652758
898 11478.187499999996 1344.9196166988695
899 11963.371093749996 1353.5792236324633
900 11978.374999999996 1368.8582763669547
GTSP_SET_SECTION
1 1 -1
2 2 3 4 5 6 7 8 9 10 11 12 13 14 15 16 17 18 -1
3 19 20 21 22 23 24 25 26 27 28 29 30 31 32 33 -1
4 34 35 36 37 38 39 40 41 42 43 44 45 46 47 48 49 50 51 -1
5 52 53 54 55 56 57 58 59 60 61 62 63 64 65 66 67 68 69 -1
6 70 71 72 73 74 75 76 77 78 79 80 81 82 83 84 85 86 87 -1
7 88 89 90 91 92 93 94 95 96 97 98 99 100 101 102 103 104 -1
8 105 106 107 108 109 110 111 112 113 114 115 116 117 118 119 120 121 -1
9 122 123 124 125 126 127 128 129 130 131 132 133 134 135 136 137 138 -1
10 139 140 141 142 143 144 145 146 147 148 149 150 151 152 153 154 155 -1
11 156 157 158 159 160 161 162 163 164 165 166 167 168 169 170 171 172 -1
12 173 174 175 176 177 178 179 180 181 182 183 184 185 186 187 188 189 -1
13 190 191 192 193 194 195 196 197 -1
14 198 199 200 201 202 203 204 205 -1
15 206 207 208 209 210 211 212 213 214 215 216 217 218 219 220 221 222 223 224 225 226 227 228 229 230 231 232 233 234 235 236 -1
16 237 238 239 240 241 242 243 244 245 246 247 248 249 250 251 -1
17 252 253 254 255 256 257 258 259 260 261 262 263 264 265 266 -1
18 267 268 269 270 271 272 273 274 275 276 277 278 279 280 281 -1
19 282 283 284 285 286 287 288 289 290 291 292 293 294 295 296 297 298 299 300 301 302 303 304 305 306 307 -1
20 308 309 310 311 312 313 314 315 316 317 318 319 320 321 322 323 324 -1
21 325 326 327 328 329 330 331 332 333 334 335 336 337 338 339 340 341 -1
22 342 343 344 345 346 347 348 349 350 351 352 353 354 355 356 357 358 -1
23 359 360 361 362 363 364 365 366 367 368 369 370 371 372 373 -1
24 374 375 376 377 378 379 380 381 382 383 384 385 386 387 388 -1
25 389 390 391 392 393 394 395 396 397 -1
26 398 399 400 401 402 403 404 405 406 407 408 409 -1
27 410 411 412 413 414 415 416 417 418 419 420 421 422 -1
28 423 424 425 426 427 428 429 430 431 432 433 434 435 -1
29 436 437 438 439 440 441 442 443 444 445 446 447 448 449 450 451 -1
30 452 453 454 455 456 457 458 459 460 461 462 463 464 -1
31 465 466 467 468 469 470 471 472 473 474 475 476 477 -1
32 478 479 480 481 482 483 484 485 486 487 488 489 490 491 492 493 494 495 496 497 498 499 500 501 -1
33 502 503 504 505 506 507 508 509 510 511 512 513 514 515 516 517 518 519 520 521 522 523 -1
34 524 525 526 527 528 529 530 531 532 533 534 535 536 537 538 539 540 541 542 543 544 545 546 547 548 549 -1
35 550 551 552 553 554 555 556 557 558 559 560 561 562 563 564 565 566 567 568 569 570 571 572 573 -1
36 574 575 576 577 578 579 580 -1
37 581 582 583 584 585 586 587 588 589 590 591 592 593 594 595 596 597 598 599 600 601 602 -1
38 603 604 605 606 607 608 609 -1
39 610 611 612 613 614 615 616 617 618 619 620 621 622 -1
40 623 624 625 626 627 628 629 630 -1
41 631 632 633 634 635 636 637 638 639 640 641 642 643 -1
42 644 645 646 647 648 649 650 -1
43 651 652 653 654 655 656 657 658 659 660 661 662 663 664 665 666 667 668 669 670 671 672 673 -1
44 674 675 676 677 678 679 680 681 682 683 684 685 686 -1
45 687 688 689 690 691 692 693 694 695 696 697 698 699 -1
46 700 701 702 703 704 705 706 707 708 709 710 711 712 713 714 715 716 717 718 719 720 721 722 723 724 725 726 727 -1
47 728 729 730 731 732 733 734 735 -1
48 736 737 738 739 740 741 742 743 744 745 746 747 748 749 -1
49 750 751 752 753 754 755 756 757 758 759 760 -1
50 761 762 763 764 765 766 767 768 769 770 771 772 773 774 775 776 777 778 779 780 781 782 -1
51 783 784 785 786 787 788 789 790 791 792 793 794 795 796 797 798 799 800 801 802 803 804 -1
52 805 806 807 808 809 810 811 812 813 814 815 816 817 818 819 820 821 822 823 824 825 826 827 -1
53 828 829 830 831 832 833 834 835 836 837 838 -1
54 839 840 841 842 843 844 845 846 847 848 -1
55 849 850 851 852 853 854 855 856 857 858 -1
56 859 860 861 862 863 864 865 866 867 868 -1
57 869 870 871 872 873 874 875 876 877 878 879 -1
58 880 881 882 883 884 885 886 887 888 889 890 -1
59 891 892 893 894 895 896 897 898 899 900 -1
GTSP_SET_ORDERING
EOF