NAME: Lc59v1631
TYPE: PCGTSP 
COMMENT: 
DIMENSION: 1632
GTSP_SETS: 60
EDGE_WEIGHT_TYPE: EUC_2D
NODE_COORD_SECTION
1 0.0 0.0
2 1943.0 2611.000000000291
3 1573.0 2611.000000000291
4 1564.21321013942 2589.7867898608674
5 1543.0 2581.0000000001746
6 1521.78678986058 2589.7867898608674
7 1513.0 2611.000000000291
8 1143.0 2611.000000000291
9 1143.0 2461.0000000001746
10 1513.0 2461.0000000001746
11 1521.786789860631 2482.213210139482
12 1543.0 2491.0
13 1564.213210139369 2482.213210139482
14 1573.0 2461.0000000001746
15 1943.0 2461.0000000001746
16 2753.0 2611.000000000291
17 2383.0 2611.0002441407996
18 2374.213210139369 2589.7870340014924
19 2353.0 2581.000244140916
20 2331.786789860631 2589.7870340014924
21 2323.0 2611.0002441407996
22 1953.0 2611.0002441407996
23 1953.0 2461.0002441409742
24 2323.0 2461.0002441409742
25 2331.786789860653 2482.2134542802814
26 2353.0 2491.0002441407996
27 2374.213210139347 2482.2134542802814
28 2383.0 2461.0002441409742
29 2753.0 2461.0000000001746
30 3109.0 2451.000000000524
31 2739.0 2451.000244140683
32 2730.213210139347 2429.787034001434
33 2709.0 2421.000244140916
34 2687.786789860653 2429.787034001434
35 2679.0 2451.000244140683
36 2309.0 2451.000244140683
37 2309.0 2301.000244140916
38 2679.0 2301.000244140916
39 2687.786789860631 2322.2134542802232
40 2709.0 2331.0002441407996
41 2730.213210139369 2322.2134542802232
42 2739.0 2301.000244140916
43 3109.0 2301.0000000001746
44 3563.0 2611.000000000291
45 3193.0 2611.0002441407996
46 3184.213210139369 2589.787034001434
47 3162.999999999989 2581.000244140916
48 3141.7867898606273 2589.7870340014924
49 3133.0 2611.0002441407996
50 2763.0 2611.0002441407996
51 2763.0 2461.0002441409742
52 3133.0 2461.0002441409742
53 3141.786789860649 2482.2134542802814
54 3162.999999999989 2491.0002441407996
55 3184.213210139347 2482.2134542802814
56 3193.0 2461.0002441409742
57 3563.0 2461.0000000001746
58 3919.0 2451.000000000524
59 3549.0 2451.000000000524
60 3540.2132101394673 2429.7867898609256
61 3519.0 2421.0000000001164
62 3497.7867898605327 2429.7867898609256
63 3489.0 2451.000000000524
64 3119.0 2451.000000000524
65 3119.0 2301.0000000001746
66 3489.0 2301.0000000001746
67 3497.786789860631 2322.213210139482
68 3519.0 2331.0
69 3540.213210139369 2322.213210139482
70 3549.0 2301.0000000001746
71 3919.0 2301.0000000001746
72 4172.0 2291.000000000291
73 3802.0 2291.000000000291
74 3793.2132101393945 2269.7867898609256
75 3772.0 2261.000000000291
76 3750.7867898606055 2269.7867898609256
77 3742.0 2291.000000000291
78 3372.0 2291.000000000291
79 3372.0 2141.0000000001164
80 3742.0 2141.0000000001164
81 3750.7867898605546 2162.2132101396564
82 3772.0 2171.0000000004075
83 3793.2132101394454 2162.2132101396564
84 3802.0 2141.0000000001164
85 4172.0 2141.0000000001164
86 4093.0 170.00000000029104
87 3973.0 170.00000000029104
88 3973.0 140.00000000029104
89 3970.0710678118885 132.9289321883698
90 3963.0 130.00000000017462
91 3923.0 130.00000000017462
92 3915.9289321881115 132.9289321883698
93 3913.0 140.00000000029104
94 3913.0 170.00000000029104
95 3793.0 170.00000000029104
96 3793.0 10.000000000116415
97 3913.0 10.000000000116415
98 3913.0 40.00000000017462
99 3915.928932188086 47.07106781215407
100 3923.0 50.000000000407454
101 3963.0 50.000000000407454
102 3970.071067811914 47.07106781215407
103 3973.0 40.00000000017462
104 3973.0 10.000000000116415
105 4093.0 10.000000000116415
106 4217.0 340.0000000001746
107 4097.0 340.0000000001746
108 4097.0 310.00000000029104
109 4094.071067811892 302.9289321883698
110 4087.0 300.0000000001164
111 4047.0 300.0000000001164
112 4039.928932188108 302.9289321883698
113 4037.0 310.00000000029104
114 4037.0 340.0000000001746
115 3917.0 340.0000000001746
116 3917.0 180.00000000017462
117 4037.0 180.00000000017462
118 4037.0 210.00000000029104
119 4039.928932188159 217.07106781209586
120 4047.0 220.00000000017462
121 4087.0 220.00000000017462
122 4094.071067811841 217.07106781209586
123 4097.0 210.00000000029104
124 4097.0 180.00000000017462
125 4217.0 180.00000000017462
126 4403.0 170.00000000029104
127 4283.0 170.00000000029104
128 4283.0 140.00000000029104
129 4280.0710678118885 132.9289321883698
130 4272.999999999989 130.00000000017462
131 4233.0 130.00000000017462
132 4225.9289321881115 132.9289321883698
133 4223.0 140.00000000029104
134 4223.0 170.00000000029104
135 4103.0 170.00000000029104
136 4103.0 10.000000000116415
137 4223.0 10.000000000116415
138 4223.0 40.00000000017462
139 4225.928932188086 47.07106781215407
140 4233.0 50.000000000407454
141 4272.999999999989 50.000000000407454
142 4280.07106781191 47.07106781215407
143 4283.0 40.00000000017462
144 4283.0 10.000000000116415
145 4403.0 10.000000000116415
146 4373.0 2611.000000000291
147 4003.0 2611.0002441407996
148 3994.213210139369 2589.7870340014924
149 3973.0 2581.000244140916
150 3951.786789860631 2589.7870340014924
151 3943.0 2611.0002441407996
152 3573.0 2611.0002441407996
153 3573.0 2461.0002441409742
154 3943.0 2461.0002441409742
155 3951.786789860653 2482.2134542802814
156 3973.0 2491.0002441407996
157 3994.213210139347 2482.2134542802814
158 4003.0 2461.0002441409742
159 4373.0 2461.0000000001746
160 4729.0 2451.000000000524
161 4359.0 2451.000000000524
162 4350.213210139467 2429.7867898609256
163 4329.0 2421.0000000001164
164 4307.786789860533 2429.7867898609256
165 4299.0 2451.000000000524
166 3928.999999999989 2451.000000000524
167 3928.999999999989 2301.0000000001746
168 4299.0 2301.0000000001746
169 4307.786789860631 2322.213210139482
170 4329.0 2331.0
171 4350.213210139369 2322.213210139482
172 4359.0 2301.0000000001746
173 4729.0 2301.0000000001746
174 4982.0 2291.000000000291
175 4612.0 2291.000244140683
176 4603.213210139369 2269.787034001376
177 4582.0 2261.0002441407996
178 4560.786789860631 2269.787034001376
179 4552.0 2291.000244140683
180 4182.0 2291.000244140683
181 4182.0 2141.0002441407996
182 4552.0 2141.0002441407996
183 4560.786789860631 2162.213454280107
184 4582.0 2171.000244140683
185 4603.213210139369 2162.213454280107
186 4612.0 2141.0002441407996
187 4982.0 2141.0000000001164
188 5157.0 2131.0000000001164
189 4787.0 2131.0000000001164
190 4778.213210139344 2109.7867898608674
191 4757.0 2101.0000000004075
192 4735.786789860656 2109.7867898608674
193 4727.0 2131.0000000001164
194 4356.999999999989 2131.0000000001164
195 4356.999999999989 1981.000000000291
196 4727.0 1981.000000000291
197 4735.7867898606055 2002.2132101396564
198 4757.0 2011.000000000291
199 4778.2132101393945 2002.2132101396564
200 4787.0 1981.000000000291
201 5157.0 1981.000000000291
202 5183.0 2611.000000000291
203 4813.0 2611.000000000291
204 4804.21321013942 2589.7867898608674
205 4783.0 2581.0000000001746
206 4761.78678986058 2589.7867898608674
207 4753.0 2611.000000000291
208 4383.0 2611.000000000291
209 4383.0 2461.0000000001746
210 4753.0 2461.0000000001746
211 4761.786789860631 2482.213210139482
212 4783.0 2491.0
213 4804.213210139369 2482.213210139482
214 4813.0 2461.0000000001746
215 5183.0 2461.0000000001746
216 5539.0 2451.000000000524
217 5169.0 2451.000244140683
218 5160.213210139347 2429.787034001434
219 5139.0 2421.000244140916
220 5117.786789860653 2429.787034001434
221 5109.0 2451.000244140683
222 4739.0 2451.000244140683
223 4739.0 2301.000244140916
224 5109.0 2301.000244140916
225 5117.786789860631 2322.2134542802232
226 5139.0 2331.0002441407996
227 5160.213210139369 2322.2134542802232
228 5169.0 2301.000244140916
229 5539.0 2301.0000000001746
230 5848.999999999996 2611.000000000291
231 5728.999999999996 2611.000000000291
232 5728.999999999996 2581.0000000001746
233 5726.071067811838 2573.92893218837
234 5718.999999999996 2571.000000000291
235 5679.0 2571.000000000291
236 5671.928932188159 2573.92893218837
237 5669.0 2581.0000000001746
238 5669.0 2611.000000000291
239 5549.0 2611.000000000291
240 5549.0 2451.000000000524
241 5669.0 2451.000000000524
242 5669.0 2481.0000000001746
243 5671.928932188159 2488.0710678119794
244 5679.0 2491.0
245 5718.999999999996 2491.0
246 5726.071067811838 2488.0710678119794
247 5728.999999999996 2481.0000000001746
248 5728.999999999996 2451.000000000524
249 5848.999999999996 2451.000000000524
250 5791.999999999996 2291.000000000291
251 5422.0 2291.000000000291
252 5413.2132101393945 2269.7867898609256
253 5392.0 2261.000000000291
254 5370.7867898606055 2269.7867898609256
255 5362.0 2291.000000000291
256 4992.0 2291.000000000291
257 4992.0 2141.0000000001164
258 5362.0 2141.0000000001164
259 5370.786789860555 2162.2132101396564
260 5392.0 2171.0000000004075
261 5413.213210139445 2162.2132101396564
262 5422.0 2141.0000000001164
263 5791.999999999996 2141.0000000001164
264 5966.999999999996 2131.0000000001164
265 5597.0 2131.0000000001164
266 5588.213210139344 2109.7867898608674
267 5567.0 2101.0000000004075
268 5545.786789860656 2109.7867898608674
269 5537.0 2131.0000000001164
270 5167.0 2131.0000000001164
271 5167.0 1981.000000000291
272 5537.0 1981.000000000291
273 5545.7867898606055 2002.2132101396564
274 5567.0 2011.000000000291
275 5588.2132101393945 2002.2132101396564
276 5597.0 1981.000000000291
277 5966.999999999996 1981.000000000291
278 6131.999999999996 1971.0000000001746
279 5761.999999999996 1971.0001220703125
280 5753.213210139347 1949.7869119310053
281 5731.999999999996 1941.0001220704871
282 5710.7867898606455 1949.7869119310053
283 5701.999999999996 1971.0001220703125
284 5332.0 1971.0003662111121
285 5332.0 1821.0003662112285
286 5701.999999999996 1821.0001220704871
287 5710.786789860602 1842.2133322098525
288 5731.999999999996 1851.0001220704871
289 5753.213210139391 1842.2133322098525
290 5761.999999999996 1821.0001220704871
291 6131.999999999996 1821.0000000004075
292 1466.0 1137.0000000001746
293 1346.0 1137.0000000001746
294 1346.0 1107.000000000291
295 1343.0710678118885 1099.9289321883698
296 1336.0 1097.0000000001746
297 1296.0 1097.0000000001746
298 1288.9289321881115 1099.9289321883698
299 1286.0 1107.000000000291
300 1286.0 1137.0000000001746
301 1166.0 1137.0000000001746
302 1166.0 977.0000000001164
303 1286.0 977.0000000001164
304 1286.0 1007.0000000001164
305 1288.9289321880897 1014.0710678120959
306 1296.0 1017.000000000291
307 1336.0 1017.000000000291
308 1343.0710678119103 1014.0710678120959
309 1346.0 1007.0000000001164
310 1346.0 977.0000000001164
311 1466.0 977.0000000001164
312 1515.0 967.000000000291
313 1395.0 967.000000000291
314 1395.0 937.0
315 1392.0710678118194 929.9289321882534
316 1385.0 927.0000000001746
317 1345.0 927.0000000001746
318 1337.9289321881806 929.9289321882534
319 1335.0 937.0
320 1335.0 967.000000000291
321 1215.0 967.000000000291
322 1215.0 807.000000000291
323 1335.0 807.000000000291
324 1335.0 837.0000000001746
325 1337.9289321881588 844.0710678119794
326 1345.0 847.0
327 1385.0 847.0
328 1392.0710678118412 844.0710678119794
329 1395.0 837.0000000001746
330 1395.0 807.000000000291
331 1515.0 807.000000000291
332 1205.0 899.0000000001746
333 1085.0 899.0000000001746
334 1085.0 869.000000000291
335 1082.0710678118921 861.9289321883698
336 1075.0 859.0000000001164
337 1035.0 859.0000000001164
338 1027.9289321881079 861.9289321883698
339 1025.0 869.000000000291
340 1025.0 899.0000000001746
341 905.0 899.0000000001746
342 905.0 739.000000000291
343 1025.0 739.000000000291
344 1025.0 769.0000000001164
345 1027.9289321881333 776.0710678119794
346 1035.0 779.0000000001746
347 1075.0 779.0000000001746
348 1082.0710678118667 776.0710678119794
349 1085.0 769.0000000001164
350 1085.0 739.000000000291
351 1205.0 739.000000000291
352 1156.0 1069.0000000001164
353 1036.0 1069.0000000001164
354 1036.0 1039.0000000001746
355 1033.0710678118412 1031.9289321883698
356 1026.0 1029.000000000291
357 986.0 1029.000000000291
358 978.9289321881588 1031.9289321883698
359 976.0 1039.0000000001746
360 976.0 1069.0000000001164
361 856.0 1069.0000000001164
362 856.0 909.0
363 976.0 909.0
364 976.0 939.000000000291
365 978.9289321881588 946.0710678120959
366 986.0 949.0000000001164
367 1026.0 949.0000000001164
368 1033.0710678118412 946.0710678120959
369 1036.0 939.000000000291
370 1036.0 909.0
371 1156.0 909.0
372 2875.0 888.0
373 2755.0 888.0
374 2755.0 858.0000000001746
375 2752.071067811841 850.9289321883698
376 2745.0 848.000000000291
377 2705.0 848.000000000291
378 2697.928932188159 850.9289321883698
379 2695.0 858.0000000001746
380 2695.0 888.0
381 2575.0 888.0
382 2575.0 728.0
383 2695.0 728.0
384 2695.0 758.0000000001746
385 2697.9289321881333 765.0710678120377
386 2705.0 768.0000000001746
387 2745.0 768.0000000001746
388 2752.0710678118667 765.0710678120377
389 2755.0 758.0000000001746
390 2755.0 728.0
391 2875.0 728.0
392 2862.0 1058.000000000291
393 2742.0 1058.000000000291
394 2742.0 1028.0000000001164
395 2739.071067811863 1020.9289321882534
396 2732.0 1018.0000000001746
397 2692.0 1018.0000000001746
398 2684.928932188137 1020.9289321882534
399 2682.0 1028.0000000001164
400 2682.0 1058.000000000291
401 2562.0 1058.000000000291
402 2562.0 898.000000000291
403 2682.0 898.000000000291
404 2682.0 928.0000000001746
405 2684.928932188206 935.071067811863
406 2692.0 937.9999999998836
407 2732.0 937.9999999998836
408 2739.071067811794 935.071067811863
409 2742.0 928.0000000001746
410 2742.0 898.000000000291
411 2862.0 898.000000000291
412 6222.312499999996 1629.2080078126746
413 6193.258546743822 1634.8592253859388
414 6164.202501345189 1640.499676224892
415 6135.144367794008 1646.1293595548486
416 6106.084150080507 1651.7482746029273
417 6077.021852195143 1657.3564205974108
418 6047.95747812869 1662.95379676827
419 6018.891031872186 1668.540402346931
420 5989.82251741696 1674.1162365661585
421 5960.75193875466 1679.6812986603472
422 5931.679299877167 1685.2355878652888
423 5902.604604776676 1690.7791034183465
424 5873.52785744565 1696.3118445582222
425 5844.449061876821 1701.8338105251896
426 5815.368222063251 1707.3450005609775
427 5786.285341998238 1712.8454139088863
428 5757.200425675375 1718.3350498134969
429 5728.1134770885365 1723.8139075210784
430 5699.024500231844 1729.2819862791803
431 5669.93349909977 1734.7392853370402
432 5640.840477687005 1740.1858039452345
433 5611.745439988525 1745.621541355853
434 5582.648389999598 1751.0464968224987
435 5553.549331715742 1756.4606696002884
436 5524.448269132805 1761.8640589455608
437 5495.345206246857 1767.2566641165176
438 5466.2401470542645 1772.638484372641
439 5437.1330955516605 1778.00951897481
440 5408.024055735961 1783.3697671855916
441 5378.9130316043265 1788.719228268892
442 5349.800027154248 1794.0579014901305
443 5320.685046383442 1799.3857861162396
444 5291.568093289901 1804.702881415491
445 5262.449171871907 1810.0091866579605
446 5233.3282861279695 1815.30470111483
447 5204.205440056943 1820.5894240589696
448 5175.080637657888 1825.8633547647623
449 5145.953882930153 1831.1264925078722
450 5116.825179873351 1836.3788365657674
451 5087.694532487352 1841.6203862170223
452 5058.56194477234 1846.8511407420156
453 5029.42742072872 1852.0710994223482
454 5000.290964357166 1857.2802615413675
455 4971.152579658632 1862.4786263836431
456 4942.012270634314 1867.6661932354327
457 4912.870041285725 1872.8429613842745
458 4883.725895614585 1878.008930119453
459 4854.579837622903 1883.1640987315332
460 4825.431871312947 1888.3084665125934
461 4796.282000687224 1893.4420327562257
462 4767.130229748564 1898.564796757535
463 4737.9765625 1903.6767578130239
464 4708.487553364092 1908.797291552124
465 4678.996744342177 1913.9074489689083
466 4649.504139085417 1919.0072294307756
467 4620.009741245132 1924.0966323062894
468 4590.51355447288 1929.1756569654099
469 4561.0155824204885 1934.2443027793197
470 4531.515828739943 1939.3025691204239
471 4502.0142970834895 1944.3504553625244
472 4472.510991103551 1949.3879608807038
473 4443.005914452839 1954.415085051267
474 4413.499070784226 1959.4318272517994
475 4383.990463750812 1964.4381868612254
476 4354.480097005955 1969.4341632596916
477 4324.96797420318 1974.4197558287415
478 4295.454098996237 1979.394963951083
479 4265.938475039144 1984.3597870107624
480 4236.421105986083 1989.314224393107
481 4206.9019954914365 1994.2582754847244
482 4177.381147209886 1999.191939673503
483 4147.85856479625 2004.1152163486695
484 4118.334251905584 2009.0281049007317
485 4088.8082121931475 2013.930604721303
486 4059.2804493144613 2018.8227152035688
487 4029.7509669252067 2023.7044357417617
488 4000.2197686812833 2028.5757657315698
489 3970.686858238849 2033.4367045698455
490 3941.1522392542247 2038.2872516547795
491 3911.615915383936 2043.1274063859018
492 3882.077890284785 2047.9571681639063
493 3852.5381676137295 2052.776536390884
494 3822.9967510279203 2057.585510470206
495 3793.453644184792 2062.38408980635
496 3763.9088507419183 2067.172273805423
497 3734.362374357119 2071.950061874464
498 3704.814218688385 2076.717453422025
499 3675.2643873939815 2081.4744478578214
500 3645.7128841323174 2086.221044593025
501 3616.159712562021 2090.957243039855
502 3586.6048763419712 2095.683042612043
503 3557.0483791312035 2100.398442724487
504 3527.49022458895 2105.1034427933046
505 3497.9304163747183 2109.798042236129
506 3468.368958148156 2114.4822404716397
507 3438.8058535691125 2119.156036919914
508 3409.241106297708 2123.819431002368
509 3379.674719994193 2128.472422141582
510 3350.1066983190576 2133.115009761532
511 3320.537044932964 2137.747193287476
512 3290.965763496839 2142.368972145836
513 3261.392857671748 2146.9803457644884
514 3231.8183311189605 2151.5813135724748
515 3202.2421875 2156.1718750001746
516 3172.6326538990943 2160.7534353330266
517 3143.0215306347272 2165.324710228364
518 3113.4088212797433 2169.8856991347275
519 3083.7945294071797 2174.4364015017636
520 3054.1786585902446 2178.9768167803413
521 3024.5612124023864 2183.5069444226683
522 2994.9421944171954 2188.0267838821746
523 2965.3216082084655 2192.5363346133963
524 2935.699457350187 2197.0355960723246
525 2906.0757454165287 2201.5245677160565
526 2876.4504759818556 2206.00324900297
527 2846.8236526207147 2210.4716393925482
528 2817.195278907846 2214.929738345847
529 2787.565358418171 2219.3775453247945
530 2757.9338947268043 2223.8150597928325
531 2728.3008914090206 2228.2422812144505
532 2698.666352040349 2232.659209055477
533 2669.0302801964317 2237.065842782962
534 2639.3926794531217 2241.462181865354
535 2609.753553386461 2245.8482257719734
536 2580.112905572667 2250.2239739737706
537 2550.4707395881524 2254.589425942686
538 2520.8270590095017 2258.944581151998
539 2491.1818674134847 2263.2894390762667
540 2461.5351683770386 2267.6239991912153
541 2431.886965477337 2271.9482609737897
542 2402.2372622916773 2276.262223902333
543 2372.586062397557 2280.565887456294
544 2342.933369372655 2284.8592511163442
545 2313.2791867948326 2289.1423143644934
546 2283.623518242126 2293.4150766839157
547 2253.9663672927527 2297.677537559124
548 2224.307737525116 2301.929696475796
549 2194.6476325177828 2306.1715529208304
550 2164.9860558495093 2310.403106382466
551 2135.323011099208 2314.624356350163
552 2105.6585018460246 2318.83530231443
553 2075.992531669228 2323.035943767347
554 2046.325104148269 2327.226280201983
555 2016.6562228627954 2331.406311112689
556 1986.9858913926146 2335.576035995269
557 1957.314113317716 2339.7354543464608
558 1927.6408922182563 2343.8845656644553
559 1897.966231674578 2348.023369448667
560 1868.2901352671652 2352.1518651996157
561 1838.612606576742 2356.2700524192187
562 1808.9336491841495 2360.377930610557
563 1779.2532666704028 2364.4754992779926
564 1749.571462616721 2368.5627579271677
565 1719.888240604454 2372.6397060648305
566 1690.2036042151594 2376.7063431991264
567 1660.5175570305473 2380.7626688393066
568 1630.830102632499 2384.808682496019
569 1601.1412446030663 2388.8443836810184
570 1571.4509865244727 2392.869771907397
571 1541.759331979094 2396.8848466894706
572 1512.066284549528 2400.8896075427765
573 1482.3718478184783 2404.8840539840166
574 1452.6760253688444 2408.868185531348
575 1422.9788207836937 2412.8420017039753
576 1393.280237646246 2416.8055020225
577 1363.5802795399031 2420.758686008572
578 1333.8789500482271 2424.701553185354
579 1304.17625275494 2428.63410307694
580 1274.4721912439236 2432.5563352089375
581 1244.7667690992712 2436.4682491080603
582 1215.0599899051776 2440.3698443023604
583 1185.3518572460343 2444.2611203209963
584 1155.6423747063855 2448.142076694523
585 1125.9315458709498 2452.0127129545435
586 1096.2193743245916 2455.8730286342325
587 1066.50586365235 2459.7230232675793
588 1036.7910174394274 2463.562696390203
589 1007.0748392711721 2467.3920475387713
590 977.3573327331105 2471.2110762512893
591 947.6385014109001 2475.019782066869
592 917.91834889042 2478.8181645260192
593 888.1968787576479 2482.6062231704127
594 858.4740945987396 2486.3839575429447
595 828.75 2490.151367187791
596 800.4707073720092 2493.7010435230914
597 772.1904868546662 2497.2433197849314
598 743.9093403844054 2500.7781957307598
599 715.6272698977191 2504.305671118491
600 687.3442773312017 2507.825745706621
601 659.0603646214404 2511.3384192541125
602 630.7755337051349 2514.843691520393
603 602.4897865190469 2518.3415622655302
604 574.203125 2521.83203125
605 568.5410025979108 2511.8376111284015
606 557.46875 2508.779296875291
607 547.4733817608212 2514.433419868292
608 544.40625 2525.500000000291
609 514.9258011489619 2529.122112541925
610 485.4443656448566 2532.736185637419
611 455.96194568008286 2536.3422190179117
612 426.478543447065 2539.940212415415
613 396.9941611383583 2543.5301655621734
614 367.5088009465726 2547.1120781913633
615 338.02246506442316 2550.685950036568
616 308.53515568461444 2554.2517808320117
617 279.046875 2557.8095703125
618 275.29336323905954 2551.1384996278794
619 267.921875 2549.0761718751164
620 248.0546875 2551.4667968751746
621 241.37872969754972 2555.216806441138
622 239.3125 2562.589843750291
623 210.5373778007379 2566.0430356129073
624 181.761337779928 2569.4885707446374
625 152.98438197497308 2572.926448901475
626 124.2065124232613 2576.3566698400537
627 95.42773116230819 2579.779233317473
628 66.64804022970566 2583.194139091531
629 37.86744166303106 2586.601386920316
630 9.0859375 2590.0009765626164
631 9.0859375 2163.6674804688664
632 9.0859375 1737.3339843751164
633 9.0859375 1311.0004882813664
634 9.0859375 884.6669921876746
635 9.0859375 458.3334960939246
636 9.0859375 32.00000000017462
637 461.49330357142753 32.00000000017462
638 913.9006696428587 32.00000000017462
639 1366.3080357142862 32.00000000017462
640 1818.7154017857138 32.00000000017462
641 2271.1227678571413 32.00000000017462
642 2723.5301339285725 32.00000000017462
643 3175.9375 32.00000000017462
644 3164.066911727401 53.73123661795398
645 3156.750913653159 77.38781462609768
646 3154.28125 102.02636718738358
647 3157.382918946423 129.63303651002934
648 3166.552687794174 155.85638260887936
649 3181.330309682391 179.38020952267107
650 3200.9740697218513 199.02381491608685
651 3224.498012972592 213.80125161120668
652 3250.721431260161 222.97081401391188
653 3278.328124999989 226.07226562517462
654 3305.934818739821 222.97081401391188
655 3332.1582370273973 213.80125161120668
656 3355.6821802781415 199.02381491614506
657 3375.3259403176053 179.38020952267107
658 3390.10356220583 155.85638260887936
659 3399.2733310535805 129.63303651002934
660 3402.375 102.02636718738358
661 3399.905336346841 77.38781462609768
662 3392.589338272599 53.73123661795398
663 3380.71875 32.00000000017462
664 3782.2890625 32.00000000017462
665 3774.9973367406856 53.831935436988715
666 3769.7444466799825 76.24197371181799
667 3766.5749202407205 99.04014845495112
668 3765.515625 122.033203125
669 3767.078568947054 150.03822143666912
670 3771.768734366109 177.6919046047842
671 3779.5270834176554 204.64615963835968
672 3790.2559572506107 230.5616976551246
673 3803.820305291094 255.11230470781447
674 3820.0493852024993 277.9889480291167
675 3838.738912118599 298.9036660064594
676 3859.653630095945 317.5931929225917
677 3882.5302734172183 333.8222728340188
678 3907.080880469919 347.38662087451667
679 3932.996418486644 358.11549470748287
680 3959.9506735202012 365.8738437590655
681 3987.6043566883054 370.5640091781388
682 4015.609375 372.1269531251746
683 4315.71875 372.1269531251746
684 4343.72437190565 370.5648220263538
685 4371.378735450595 365.87533497373806
686 4398.333725244669 358.11752361402614
687 4424.25002967169 347.38904391101096
688 4448.80141217183 333.8249468446593
689 4471.678817934113 317.59597837837646
690 4492.594264303651 298.90643009450287
691 4511.284465930872 277.99156755552394
692 4527.514149029008 255.11466876161285
693 4541.079013019793 230.56370998593047
694 4551.808302285837 204.64774070563726
695 4559.566955656308 177.69299326167675
696 4564.257306567997 150.03877621947322
697 4565.8203125 122.033203125
698 4564.7610172592795 99.04014845495112
699 4561.5914908200175 76.24197371181799
700 4556.338600759314 53.831935436988715
701 4549.046875 32.00000000017462
702 4936.9609375 32.00000000017462
703 4944.191330499336 59.01317991910037
704 4963.964036262667 78.7876730618882
705 4990.9765625 86.02050781279104
706 5017.992391206117 78.79027906758711
707 5037.768306159149 59.0154365611379
708 5045.0 32.00000000017462
709 5443.984375 32.00000000017462
710 5842.968749999996 32.00000000017462
711 6241.953124999996 32.00000000017462
712 6241.953124999996 427.84594726585783
713 6241.953124999996 823.6918945314828
714 6241.953124999996 1219.5378417971078
715 6241.953124999996 1615.383789062791
716 6230.382812499996 1617.4462890629075
717 6223.88180184225 1621.6352005113731
718 799.390625 927.3359374998836
719 800.953568947054 955.3409558116109
720 805.6437343661091 982.9946389796678
721 813.4020834176554 1009.9488940132433
722 824.1309572506107 1035.8644320300082
723 837.6953052910903 1060.415039082698
724 853.9243852024956 1083.2916824040003
725 872.6139121185988 1104.206400381343
726 893.5286300959415 1122.8959272974753
727 916.405273417211 1139.1250072089024
728 940.9558804699154 1152.6893552494003
729 966.8714184866367 1163.4182290824247
730 993.8256735201976 1171.176578133949
731 1021.4793566883018 1175.8667435530224
732 1049.484375 1177.4296875001746
733 1349.59375 1177.4296875001746
734 1377.5993719056532 1175.8675564012956
735 1405.2537354505985 1171.1780693486799
736 1432.2087252446727 1163.4202579889097
737 1458.1250296716935 1152.6917782858945
738 1482.6764121718334 1139.127681219601
739 1505.5538179341165 1122.8987127533183
740 1526.4692643036542 1104.2091644694447
741 1545.159465930872 1083.2943019304075
742 1561.389149029008 1060.4174031364964
743 1574.954013019793 1035.8664443608723
744 1585.6833022858373 1009.9504750805208
745 1593.441955656308 982.9957276365603
746 1598.1323065679971 955.3415105943568
747 1599.6953125 927.3359374998836
748 1598.1323065679717 899.3303644054686
749 1593.4419556562643 871.676147363265
750 1585.6833022857754 844.7213999193045
751 1574.9540130197165 818.8054306390695
752 1561.3891490289207 794.2544718634454
753 1545.1594659307775 771.3775730695925
754 1526.469264303556 750.4627105306135
755 1505.5538179340183 731.77316224674
756 1482.6764121717388 715.5441937805153
757 1458.1250296716098 701.9800967142219
758 1432.2087252446036 691.2516170112649
759 1405.2537354505475 683.493805651553
760 1377.5993719056278 678.8043185989955
761 1349.59375 677.2421875001746
762 1049.484375 677.2421875001746
763 1021.4793566883309 678.8051314472104
764 993.8256735202485 683.4952968662255
765 966.8714184867058 691.2536459178082
766 940.9558804699991 701.9825197507162
767 916.4052734173056 715.546867791214
768 893.5286300960397 731.7759477025829
769 872.613912118697 750.465474618657
770 853.9243852025938 771.3801925959997
771 837.6953052911813 794.2568359172437
772 824.1309572506907 818.8074429699336
773 813.4020834177172 844.7229809865821
774 805.6437343661564 871.6772360201576
775 800.9535689470795 899.3309191882145
776 2477.5234375 897.32421875
777 2479.439223073132 926.7073708888493
778 2485.1757077738985 955.5887248608051
779 2494.6346444731244 983.4736379949609
780 2507.654032673243 1009.8845333767822
781 2524.0108930443967 1034.3690791715635
782 2543.425086327501 1056.5079355815542
783 2565.56411119903 1075.9219367589103
784 2590.0487989258872 1092.2785846702754
785 2616.4598072796034 1105.297743695206
786 2644.34480249049 1114.7564384289435
787 2673.2262062384543 1120.492672517954
788 2702.609375 1122.408203125291
789 2852.6640625 1122.408203125291
790 2882.0472312615457 1120.492672517954
791 2910.92863500951 1114.7564384289435
792 2938.8136302203966 1105.297743695206
793 2965.2246385741128 1092.2785846702754
794 2989.70932630097 1075.9219367589103
795 3011.848351172499 1056.5079355815542
796 3031.2625444556033 1034.3690791715635
797 3047.619404826757 1009.8845333767822
798 3060.6387930268756 983.4736379949609
799 3070.0977297261015 955.5887248608051
800 3075.834214426868 926.7073708888493
801 3077.75 897.32421875
802 3075.834214426839 867.941066611209
803 3070.097729726047 839.0597126392531
804 3060.6387930268065 811.1747995051555
805 3047.6194048266734 784.7639041233342
806 3031.2625444555088 760.2793583286111
807 3011.8483511724044 738.1405019186786
808 2989.7093263008755 718.7265007413225
809 2965.2246385740254 702.3698528300738
810 2938.813630220324 689.3506938051432
811 2910.928635009459 679.8919990714639
812 2882.0472312615166 674.1557649824535
813 2852.6640625 672.2402343751746
814 2702.609375 672.2402343751746
815 2673.2262062384834 674.1557649824535
816 2644.344802490541 679.8919990714639
817 2616.459807279676 689.3506938051432
818 2590.0487989259746 702.3698528300738
819 2565.5641111991245 718.7265007413225
820 2543.4250863275956 738.1405019186786
821 2524.0108930444912 760.2793583286111
822 2507.6540326733266 784.7639041233342
823 2494.6346444731935 811.1747995051555
824 2485.175707773953 839.0597126392531
825 2479.439223073161 867.941066611209
826 1059.078125 2395.0966796876164
827 1049.241360019034 2371.1437989314436
828 1028.7420482018642 2355.323537971766
829 1003.078125 2351.87890625
830 979.1215158423438 2361.713030904997
831 963.2977440326104 2382.2127229947364
832 959.8515625 2407.878906250291
833 969.6899099197581 2431.833889046102
834 990.1924773623359 2447.6540979246492
835 1015.859375 2451.095703125291
836 1039.8123555114253 2441.25939263514
837 1055.632964308501 2420.7604507910437
838 2639.546875 2175.6992187501164
839 2629.2689376188864 2151.9325247176457
840 2608.4808148305965 2136.4940761886537
841 2582.7578125 2133.5244140626746
842 2558.9923597985253 2143.803217395849
843 2543.555076838864 2164.591214771557
844 2540.5859375 2190.313476562791
845 2550.863586215968 2214.0805843760027
846 2571.6517508115285 2229.5194214333314
847 2597.375 2232.4892578129075
848 2621.1407718746377 2222.210292837117
849 2636.578096636953 2201.421881691611
850 5790.414062499996 1645.9423828126164
851 5779.200337853214 1622.6010858215159
852 5757.814284526281 1607.9996992853703
853 5731.992187499996 1606.0546875001746
854 5708.653938789463 1617.2693159371847
855 5694.054600514501 1638.65391473606
856 5692.109375 1664.4736328126164
857 5703.323099646779 1687.814929803717
858 5724.7091529737045 1702.4163163398625
859 5750.531249999996 1704.3613281251164
860 5773.86949871053 1693.146699688048
861 5788.468836985496 1671.7621008891729
862 4590.609375 1863.2333984376164
863 4579.780969335301 1839.7110343011445
864 4558.638028430058 1824.7600465850555
865 4532.8515625 1822.3906250001164
866 4509.329760536093 1833.2182604330592
867 4494.378509752925 1854.3599953835364
868 4492.0078125 1880.1455078126746
869 4502.836218164699 1903.6678719491465
870 4523.979159069942 1918.6188596652355
871 4549.765625 1920.9882812501746
872 4573.287426963885 1910.1606458172319
873 4588.23867774706 1889.0189108667546
874 6414.999999999996 1290.0000000004075
875 6254.999999999996 1290.0000000004075
876 6254.999999999996 1169.9999999998836
877 6284.999999999996 1169.9999999998836
878 6292.071067811794 1167.071067811863
879 6294.999999999996 1160.0000000001746
880 6294.999999999996 1119.9999999998836
881 6292.0710678118085 1112.928932188137
882 6284.999999999996 1110.0000000001746
883 6254.999999999996 1110.0000000001746
884 6254.999999999996 990.0000610352727
885 6414.999999999996 990.0000000001746
886 6414.999999999996 1110.0000000001746
887 6384.999999999996 1110.0000000001746
888 6377.928932188184 1112.928932188137
889 6374.999999999996 1119.9999999998836
890 6374.999999999996 1160.0000000001746
891 6377.928932188199 1167.071067811863
892 6384.999999999996 1169.9999999998836
893 6414.999999999996 1169.9999999998836
894 6554.999999999996 980.0000000004075
895 6434.999999999996 980.0000000004075
896 6434.999999999996 950.0000000001746
897 6432.071067811838 942.9289321883698
898 6424.999999999996 940.000000000291
899 6384.999999999996 940.000000000291
900 6377.928932188155 942.9289321883698
901 6374.999999999996 950.0000000001746
902 6374.999999999996 980.0000000004075
903 6254.999999999996 980.0000000004075
904 6254.999999999996 820.0000000004075
905 6374.999999999996 820.0000000004075
906 6374.999999999996 850.0000000001746
907 6377.928932188155 857.0710678119794
908 6384.999999999996 860.0
909 6424.999999999996 860.0
910 6432.071067811838 857.0710678119794
911 6434.999999999996 850.0000000001746
912 6434.999999999996 820.0000000004075
913 6554.999999999996 820.0000000004075
914 6404.999999999996 809.9999389650766
915 6254.999999999996 810.0000000001164
916 6254.999999999996 440.0000000001164
917 6276.213210139369 431.21321013954
918 6284.999999999996 410.0000000001746
919 6276.213210139369 388.78678986086743
920 6254.999999999996 380.00000000029104
921 6254.999511718746 10.000000000116415
922 6404.999511718746 9.999930382007733
923 6404.999999999996 379.9999389650766
924 6383.786789860624 388.786728825653
925 6374.999999999996 409.9999389650184
926 6383.786789860624 431.21314910432557
927 6404.999999999996 439.99993896490196
928 6564.999999999996 809.0000000001746
929 6414.999999999996 809.0000000001746
930 6414.999999999996 439.00003051769454
931 6436.213210139369 430.21324065711815
932 6444.999999999996 409.00003051781096
933 6436.213210139391 387.78682037844555
934 6414.999999999996 379.00003051781096
935 6414.999999999996 9.000029564078432
936 6564.999999999996 9.000000000291038
937 6564.999999999996 379.00000000029104
938 6543.786789860624 387.78678986086743
939 6534.999999999996 409.0000000001746
940 6543.786789860624 430.21321013954
941 6564.999999999996 439.0000000001164
942 6734.999999999996 650.0000000001164
943 6574.999999999996 650.0000610353891
944 6574.999999999996 530.0000610352727
945 6604.999999999996 530.0000000001746
946 6612.071067811816 527.0710678121541
947 6614.999999999996 520.0000000004075
948 6614.999999999996 480.00003051769454
949 6612.071067811816 472.9289627059479
950 6604.999999999996 470.00003051792737
951 6574.999999999996 470.00003051792737
952 6574.999999999996 350.00003051792737
953 6734.999999999996 350.0
954 6734.999999999996 470.0
955 6704.999999999996 470.0
956 6697.928932188104 472.9289321882534
957 6694.999999999996 480.0000000001746
958 6694.999999999996 520.0000000004075
959 6697.928932188177 527.0710678121541
960 6704.999999999996 530.0000000001746
961 6734.999999999996 530.0000000001746
962 6874.999999999996 340.0000000001746
963 6754.999999999996 340.0000000001746
964 6754.999999999996 310.00000000029104
965 6752.0710678118885 302.9289321883698
966 6744.999999999996 300.0000000001164
967 6704.999999999996 300.0000000001164
968 6697.928932188104 302.9289321883698
969 6694.999999999996 310.00000000029104
970 6694.999999999996 340.0000000001746
971 6574.999999999996 340.0000000001746
972 6574.999999999996 180.00000000017462
973 6694.999999999996 180.00000000017462
974 6694.999999999996 210.00000000029104
975 6697.928932188155 217.07106781209586
976 6704.999999999996 220.00000000017462
977 6744.999999999996 220.00000000017462
978 6752.071067811838 217.07106781209586
979 6754.999999999996 210.00000000029104
980 6754.999999999996 180.00000000017462
981 6874.999999999996 180.00000000017462
982 6874.999999999996 170.00000000029104
983 6754.999999999996 170.00000000029104
984 6754.999999999996 140.00000000029104
985 6752.0710678118885 132.9289321883698
986 6744.999999999996 130.00000000017462
987 6704.999999999996 130.00000000017462
988 6697.928932188104 132.9289321883698
989 6694.999999999996 140.00000000029104
990 6694.999999999996 170.00000000029104
991 6574.999999999996 170.00000000029104
992 6574.999999999996 10.000000000116415
993 6694.999999999996 10.000000000116415
994 6694.999999999996 40.00000000017462
995 6697.928932188082 47.07106781215407
996 6704.999999999996 50.000000000407454
997 6744.999999999996 50.000000000407454
998 6752.07106781191 47.07106781215407
999 6754.999999999996 40.00000000017462
1000 6754.999999999996 10.000000000116415
1001 6874.999999999996 10.000000000116415
1002 7349.999999999996 1928.0000000001746
1003 7229.999999999996 1928.0000000001746
1004 7229.999999999996 1898.000000000291
1005 7227.0710678118885 1890.9289321883698
1006 7219.999999999996 1888.0000000001746
1007 7179.999999999996 1888.0000000001746
1008 7172.928932188104 1890.9289321883698
1009 7169.999999999996 1898.000000000291
1010 7169.999999999996 1928.0000000001746
1011 7049.999999999996 1928.0000000001746
1012 7049.999999999996 1768.0000000001746
1013 7169.999999999996 1768.0000000001746
1014 7169.999999999996 1798.0
1015 7172.928932188082 1805.0710678119794
1016 7179.999999999996 1808.000000000291
1017 7219.999999999996 1808.000000000291
1018 7227.07106781191 1805.0710678119794
1019 7229.999999999996 1798.0
1020 7229.999999999996 1768.0000000001746
1021 7349.999999999996 1768.0000000001746
1022 7330.999999999996 2098.0000000001746
1023 7210.999999999996 2098.0000000001746
1024 7210.999999999996 2068.0000000001746
1025 7208.0710678118885 2060.9289321882534
1026 7200.999999999996 2058.0
1027 7160.999999999996 2058.0
1028 7153.928932188104 2060.9289321882534
1029 7150.999999999996 2068.0000000001746
1030 7150.999999999996 2098.0000000001746
1031 7030.999999999996 2098.0000000001746
1032 7030.999999999996 1938.0000000001164
1033 7150.999999999996 1938.0000000001164
1034 7150.999999999996 1968.000000000291
1035 7153.928932188155 1975.0710678120959
1036 7160.999999999996 1978.0000000001746
1037 7200.999999999996 1978.0000000001746
1038 7208.071067811838 1975.0710678120959
1039 7210.999999999996 1968.000000000291
1040 7210.999999999996 1938.0000000001164
1041 7330.999999999996 1938.0000000001164
1042 8154.999999999996 1304.000000000291
1043 8034.999999999996 1304.000000000291
1044 8034.999999999996 1273.9999999998836
1045 8032.0710678118085 1266.928932188137
1046 8024.999999999996 1264.0000000001746
1047 7984.999999999996 1264.0000000001746
1048 7977.928932188184 1266.928932188137
1049 7974.999999999996 1273.9999999998836
1050 7974.999999999996 1304.000000000291
1051 7854.999999999996 1304.000000000291
1052 7854.999999999996 1144.0000000001746
1053 7974.999999999996 1144.0000000001746
1054 7974.999999999996 1174.0000000001164
1055 7977.928932188082 1181.0710678120959
1056 7984.999999999996 1184.000000000291
1057 8024.999999999996 1184.000000000291
1058 8032.07106781191 1181.0710678120959
1059 8034.999999999996 1174.0000000001164
1060 8034.999999999996 1144.0000000001746
1061 8154.999999999996 1144.0000000001746
1062 8194.999999999996 1098.0000000001164
1063 8034.999999999996 1098.0000000001164
1064 8034.999999999996 978.0000610352727
1065 8064.999999999996 978.0000000001746
1066 8072.071067811838 975.0710678120959
1067 8074.999999999996 968.000000000291
1068 8074.999999999996 928.0000000001746
1069 8072.071067811838 920.9289321883698
1070 8064.999999999996 918.000000000291
1071 8034.999999999996 918.0000610355055
1072 8034.999999999996 798.000061035098
1073 8194.999999999996 798.0
1074 8194.999999999996 918.000000000291
1075 8164.999999999996 918.000000000291
1076 8157.928932188155 920.9289321883698
1077 8154.999999999996 928.0000000001746
1078 8154.999999999996 968.000000000291
1079 8157.928932188155 975.0710678120959
1080 8164.999999999996 978.0000000001746
1081 8194.999999999996 978.0000000001746
1082 8136.999999999996 788.0000000001746
1083 8016.999999999996 788.0000000001746
1084 8016.999999999996 758.0000000001746
1085 8014.071067811881 750.9289321882534
1086 8006.999999999996 748.0000000001164
1087 7966.999999999996 748.0000000001164
1088 7959.9289321881115 750.9289321882534
1089 7956.999999999996 758.0000000001746
1090 7956.999999999996 788.0000000001746
1091 7836.999999999996 788.0000000001746
1092 7836.999999999996 628.0000000001746
1093 7956.999999999996 628.0000000001746
1094 7956.999999999996 657.9999999998836
1095 7959.928932188082 665.071067811863
1096 7966.999999999996 668.0000000001746
1097 8006.999999999996 668.0000000001746
1098 8014.07106781191 665.071067811863
1099 8016.999999999996 657.9999999998836
1100 8016.999999999996 628.0000000001746
1101 8136.999999999996 628.0000000001746
1102 8023.999999999996 958.0000000001164
1103 7903.999999999996 958.0000000001164
1104 7903.999999999996 928.0000000001746
1105 7901.071067811838 920.9289321883698
1106 7893.999999999996 918.000000000291
1107 7853.999999999996 918.000000000291
1108 7846.928932188155 920.9289321883698
1109 7843.999999999996 928.0000000001746
1110 7843.999999999996 958.0000000001164
1111 7723.999999999996 958.0000000001164
1112 7723.999999999996 798.0
1113 7843.999999999996 798.0
1114 7843.999999999996 828.000000000291
1115 7846.928932188155 835.0710678120959
1116 7853.999999999996 838.0000000001164
1117 7893.999999999996 838.0000000001164
1118 7901.071067811838 835.0710678120959
1119 7903.999999999996 828.000000000291
1120 7903.999999999996 798.0
1121 8023.999999999996 798.0
1122 8024.999999999996 1128.000000000291
1123 7904.999999999996 1128.000000000291
1124 7904.999999999996 1098.0000000001164
1125 7902.071067811859 1090.9289321882534
1126 7894.999999999996 1088.0000000001746
1127 7854.999999999996 1088.0000000001746
1128 7847.928932188133 1090.9289321882534
1129 7844.999999999996 1098.0000000001164
1130 7844.999999999996 1128.000000000291
1131 7724.999999999996 1128.000000000291
1132 7724.999999999996 968.000000000291
1133 7844.999999999996 968.000000000291
1134 7844.999999999996 998.0000000001746
1135 7847.928932188155 1005.0710678119794
1136 7854.999999999996 1008.0
1137 7894.999999999996 1008.0
1138 7902.071067811838 1005.0710678119794
1139 7904.999999999996 998.0000000001746
1140 7904.999999999996 968.000000000291
1141 8024.999999999996 968.000000000291
1142 9207.856445312496 2542.98046875
1143 9182.8432446435 2549.676102426194
1144 9164.533524301125 2567.985822768591
1145 9157.837890624996 2592.9990234376164
1146 8817.210449218746 2592.999267578416
1147 8476.583007812496 2592.9995117192157
1148 8476.583007812496 2412.932128906483
1149 8469.26067925026 2395.244691843691
1150 8451.573242187496 2387.9223632814246
1151 8407.556640624996 2387.9223632814246
1152 8389.869834989335 2395.245037348417
1153 8382.547851562496 2412.932128906483
1154 8389.176218736564 2429.8966475478956
1155 8405.555664062496 2437.8618164064246
1156 8405.555664062496 2577.993652343983
1157 8390.550781249996 2592.9995117192157
1158 8098.941406249996 2592.9996337892953
1159 7807.332031249996 2592.999755859375
1160 7676.282226562496 2592.999755859375
1161 7676.282226562496 2412.932373047108
1162 7668.960243135658 2395.2452814891003
1163 7651.273437499996 2387.922607422108
1164 7607.256835937496 2387.922607422108
1165 7589.569398874733 2395.244935984316
1166 7582.247070312496 2412.932373047108
1167 7588.87579619035 2429.8972022695816
1168 7605.255859374996 2437.862060546875
1169 7605.255859374996 2577.9938964847242
1170 7590.249999999996 2592.999755859375
1171 7256.124999999996 2592.9998779297457
1172 6921.999999999996 2593.0000000001164
1173 6921.999999999996 2412.932617187791
1174 6914.677671437759 2395.245180124999
1175 6896.990234374996 2387.922851562791
1176 6852.973632812496 2387.922851562791
1177 6835.286827176835 2395.2455256297835
1178 6827.964843749996 2412.932617187791
1179 6834.593569627828 2429.897446410265
1180 6850.973632812496 2437.8623046876164
1181 6850.973632812496 2577.9941406251164
1182 6835.967773437496 2593.0000000001164
1183 6392.749999999996 2593.0002441407996
1184 5949.532226562496 2593.000488281483
1185 5941.29286926072 2565.492196498788
1186 5919.279296874996 2547.053222656192
1187 5929.232322768108 2524.21889956668
1188 5939.258072859415 2501.4164135071915
1189 5949.356445312496 2478.645996093692
1190 5961.2363641428055 2452.071286606719
1191 5973.150371205997 2425.511842120264
1192 5985.098446887492 2398.9677063603885
1193 5997.080571516617 2372.4389230278903
1194 6009.0967253666495 2345.9255357983056
1195 6021.146888654828 2319.427588321967
1196 6033.231041542404 2292.9451242236537
1197 6045.349164134681 2266.4781871025916
1198 6057.501236481043 2240.02682053257
1199 6069.687238574948 2213.591068061767
1200 6081.907150354022 2187.1709732125164
1201 6094.160951700051 2160.766579481482
1202 6106.448622439046 2134.377930339484
1203 6118.770142341225 2108.0050692313234
1204 6131.125491121104 2081.648039575841
1205 6143.514648437496 2055.306884765916
1206 6155.582363411133 2029.6179360949318
1207 6167.655931328398 2003.931737733772
1208 6179.735351562496 1978.2482910157996
1209 6206.60606750708 1979.4806852986221
1210 6226.415527343746 1961.2834472657996
1211 6373.057617187496 2029.2121582032996
1212 6373.401873520419 2047.4283891527448
1213 6386.017578124996 2060.5734863282996
1214 6405.071387858374 2061.3905215817504
1215 6419.157226562496 2048.533447265916
1216 6440.913085937496 2002.3205566409742
1217 6441.796514798272 1983.125835150131
1218 6428.798828124996 1968.9738769532996
1219 6227.925292968746 1875.9240722660907
1220 6239.817763004223 1850.7092418230022
1221 6251.715876028731 1825.4970736443065
1222 6263.619631446363 1800.2875689927605
1223 6275.529028660825 1775.0807291311794
1224 6287.444067075561 1749.876555322262
1225 6299.364746093746 1724.6750488282996
1226 6311.51139440091 1699.0363241711166
1227 6323.65597350075 1673.3966193048982
1228 6335.7984833143455 1647.7559343965258
1229 6347.938923762475 1622.1142696130555
1230 6360.077294766092 1596.471625121485
1231 6372.213596246209 1570.828001088812
1232 6384.347828123664 1545.1833976821508
1233 6396.479990319585 1519.5378150684992
1234 6408.6100827547525 1493.8912534147967
1235 6420.738105350294 1468.2437128881575
1236 6432.864058027164 1442.5951936555794
1237 6444.987940706433 1416.945695884293
1238 6457.109753309054 1391.2952197411796
1239 6469.229495756157 1365.6437653933535
1240 6481.347167968746 1339.9913330078707
1241 6508.248774945703 1341.2428606279427
1242 6528.075683593746 1323.0177001954871
1243 6675.202636718746 1391.0235595704871
1244 6675.562899219523 1409.2416710903635
1245 6688.192871093746 1422.3760986331035
1246 6707.223922117559 1423.1858174573863
1247 6721.301269531246 1410.3536376956035
1248 6743.119628906246 1364.146606445196
1249 6744.015878334885 1344.930473420245
1250 6730.998535156246 1330.7667236328125
1251 6577.637207031246 1135.9434814454871
1252 6585.285135605471 1136.3116863531177
1253 6590.951660156246 1131.1622314454871
1254 6599.483886718746 1113.0655517579871
1255 6599.852209200912 1105.4159942790866
1256 6594.700683593746 1099.7491455081035
1257 6602.955566406246 1082.2432861331035
1258 6615.4656838633855 1055.5556708101649
1259 6627.97341239313 1028.8669357812032
1260 6640.478751895254 1002.1770812601317
1261 6652.981702269524 975.486107460747
1262 6665.482263415823 948.7940145969624
1263 6677.980435233916 922.1008028826909
1264 6690.476217623687 895.4064725317294
1265 6702.969610485077 868.7110237579909
1266 6715.460613717969 842.0144567753887
1267 6727.949227222187 815.3167717978358
1268 6740.43545089773 788.6179690392455
1269 6752.91928464454 761.9180487134727
1270 6765.400728362674 735.2170110346051
1271 6777.879781952015 708.5148562163813
1272 6790.356445312496 681.8115844728891
1273 6817.295150457725 682.9374396586209
1274 6837.041015624996 664.5781860355055
1275 6985.033691406246 731.8808593751164
1276 6985.506514319164 750.097879523586
1277 6998.219238281246 763.154296875291
1278 7017.233349816179 763.8552343308693
1279 7031.233886718746 750.9706420897855
1280 7052.862304687496 704.6571655272855
1281 7053.668455160001 685.4142127303057
1282 7040.554687499996 671.3085327150766
1283 6838.227539062496 579.2949829103891
1284 6850.063053715687 553.9313233788707
1285 6861.896412352686 528.5666578911478
1286 6873.7276148879355 503.2009866303997
1287 6885.556661236045 477.8343097800389
1288 6897.38355131145 452.46662752330303
1289 6909.208285028701 427.09794004342984
1290 6921.030862302465 401.72824752371525
1291 6932.851283047177 376.3575501475134
1292 6944.669547177506 350.9858480981784
1293 6956.485654608001 325.613141558948
1294 6968.299605253389 300.23943071311805
1295 6980.111399028221 274.8647157441592
1296 6991.921035847165 249.48899683530908
1297 7003.728515624996 224.11227416998008
1298 7082.169921874996 54.910095214727335
1299 7106.565541197615 59.44905713078333
1300 7130.139014842611 51.700524513667915
1301 7147.084211174082 33.572956041956786
1302 7153.227539062496 9.53116035478888
1303 7591.831542968746 9.530989408667665
1304 8030.435546874996 9.53081846254645
1305 8469.039550781246 9.530647516425233
1306 8907.643554687496 9.530476570304018
1307 9157.836914062496 10.030379295698367
1308 9164.532553782894 35.043572305119596
1309 9182.842273314975 53.35328520432813
1310 9207.855468749996 60.048915863386355
1311 9207.855468749996 427.6870861054631
1312 9207.855468749996 795.325256347598
1313 9027.788085937496 795.3253784182016
1314 9010.101625799874 802.6477073429851
1315 9002.779296874996 820.3341674805852
1316 9002.779296874996 864.3507690430852
1317 9010.100934785874 882.0384920283104
1318 9027.788085937496 889.361511230818
1319 9044.753245169737 882.73240423674
1320 9052.717773437496 866.3516845704871
1321 9192.850585937496 866.3516845704871
1322 9207.855468749996 881.3574829106219
1323 9207.855957031246 1270.5030212405836
1324 9207.856445312496 1659.6485595704871
1325 9027.789062499996 1659.6485595704871
1326 9010.102256864386 1666.971233637305
1327 9002.780273437496 1684.658325195196
1328 9002.780273437496 1728.67492675822
1329 9010.102256864386 1746.362018316111
1330 9027.789062499996 1753.6846923829871
1331 9044.753891722608 1747.0559665050241
1332 9052.718749999996 1730.675903320196
1333 9192.851562499996 1730.675903320196
1334 9207.856445312496 1745.680786132696
1335 9207.856445312496 2144.330627441348
1336 6351.786132812496 2552.984619140916
1337 6359.108461374763 2570.67205620365
1338 6376.795898437496 2577.9943847657996
1339 6394.482704073129 2570.6717106988654
1340 6401.804687499996 2552.984619140916
1341 6394.482358575169 2535.2981590031995
1342 6376.795898437496 2527.9758300782996
1343 6359.108806879467 2535.2978135052253
1344 6964.015136718746 1942.7558593751746
1345 6965.578084540572 1970.760912360216
1346 6970.268261553432 1998.4146288948832
1347 6978.026629625241 2025.3689147034893
1348 6988.755529422913 2051.284479673661
1349 7002.319909710273 2075.835108708532
1350 7018.549027320692 2098.7117679964867
1351 7037.238596405983 2119.6264950087643
1352 7058.153359907516 2138.316023260297
1353 7081.030050881 2154.545096206479
1354 7105.580706398836 2168.109428561409
1355 7131.496292315929 2178.838277761766
1356 7158.450593271857 2186.5965932082618
1357 7186.104318963498 2191.286716230272
1358 7214.109374999996 2192.849609375291
1359 7242.114372923545 2191.286612688855
1360 7269.768030251365 2186.5963990758755
1361 7296.722254750082 2178.83800690918
1362 7322.637758343157 2168.109095461259
1363 7347.188327921856 2154.544715611788
1364 7370.064931574281 2138.3156098856707
1365 7390.979608544909 2119.6260632203775
1366 7409.669093959561 2098.711331515806
1367 7425.898132689374 2075.834680335014
1368 7439.462440640196 2051.2840710318997
1369 7450.191276192123 2025.3685360183008
1370 7457.949589420863 1998.4142887985217
1371 7462.639722047537 1970.7606177350972
1372 7464.202636718746 1942.7556152343168
1373 7462.639680071185 1914.7506063538603
1374 7457.94950405286 1887.0969338166178
1375 7450.1911466000565 1860.1426902636886
1376 7439.462266608945 1834.2271642221021
1377 7425.89791464707 1809.6765692856861
1378 7409.668832994361 1786.7999378774548
1379 7390.979306412115 1765.885231281165
1380 7370.064590693484 1747.1957149073714
1381 7347.187951363881 1730.966644420696
1382 7322.637349806722 1717.4023044419591
1383 7296.721818528353 1706.6734371001949
1384 7269.767571188557 1698.9150928037125
1385 7242.113896362094 1694.2249302831478
1386 7214.108886718746 1692.661987304804
1387 7186.10385973872 1694.2249322205898
1388 7158.450168229003 1698.9151005381136
1389 7131.495905501692 1706.6734543447383
1390 7105.580360746626 1717.4023346688482
1391 7081.029748198376 1730.966690771107
1392 7058.153100885447 1747.1957801072276
1393 7037.238380649385 1765.8853175656404
1394 7018.548853399425 1786.800046924036
1395 7002.319775229316 1809.676702158351
1396 6988.755431110225 1834.227321327373
1397 6978.026563435411 1860.1428713191417
1398 6970.268222785115 1887.0971378333052
1399 6965.578067965314 1914.7508316322928
1400 8007.406249999996 559.7368774416973
1401 7977.986555181622 561.17177665903
1402 7948.849371327782 565.4847682006657
1403 7920.275573567367 572.6342759121908
1404 7892.5406061288995 582.5513803362846
1405 7865.911827127453 595.1404830788379
1406 7840.645931299598 610.2802283536294
1407 7816.986475530659 627.82467282156
1408 7795.161531027563 647.6046924476395
1409 7775.381484769747 669.429612814216
1410 7757.837011431522 693.0890471746679
1411 7742.697235326148 718.3549245282775
1412 7730.10810008999 744.9836881679366
1413 7720.1909618225 772.7186435051262
1414 7713.04141924396 801.2924325413769
1415 7708.7283921478265 830.4296111322474
1416 7707.293457031246 859.8493041996844
1417 7707.293457031246 1059.924438476679
1418 7708.7284063375155 1089.3441537484177
1419 7713.041451956222 1118.4813527159276
1420 7720.191017147099 1147.0551596684963
1421 7730.108181791682 1174.7901298612123
1422 7742.697346766985 1201.4189047373948
1423 7757.837155498422 1226.684789201594
1424 7775.381663808501 1250.3442260997253
1425 7795.161746784204 1272.1691440527793
1426 7816.98672910118 1291.949156010407
1427 7840.646223088803 1309.4935873329523
1428 7865.912156817543 1324.633313849452
1429 7892.540972658524 1337.2223921750556
1430 7920.2759751214435 1347.1394665704574
1431 7948.8498053384355 1354.288938782527
1432 7977.987018340373 1358.6018895892194
1433 8007.406738281246 1360.0367431641207
1434 8036.826367662605 1358.6017541444162
1435 8065.9634784662885 1354.2886855804827
1436 8094.537197430673 1347.1391141969943
1437 8122.27208222738 1337.2219597796793
1438 8148.900776645085 1324.632820808678
1439 8174.166587825541 1309.4930529168923
1440 8197.82596070792 1291.9485990571557
1441 8219.650825828725 1272.1685826546745
1442 8239.430797844932 1250.3436773064313
1443 8256.975203587466 1226.684268743149
1444 8272.114920094991 1201.4184267722885
1445 8284.704004909992 1174.7897067515296
1446 8294.621102921574 1147.054801785911
1447 8301.770616193386 1118.481068281224
1448 8306.083625499854 1089.3439487058786
1449 8307.518554687496 1059.9243164061918
1450 8307.518554687496 859.8490600588266
1451 8306.083600084774 830.4294137345278
1452 8301.770562627866 801.2922829139861
1453 8294.621018784677 772.7185413425905
1454 8284.703888146822 744.9836318516755
1455 8272.11476906412 718.3549111674074
1456 8256.975017103428 693.0890726670623
1457 8239.430575215101 669.4296719268896
1458 8219.650566883993 647.6047789150034
1459 8197.825665826644 627.824779461138
1460 8174.166257950277 610.2803471962688
1461 8148.900413291845 595.1406055124244
1462 8122.271687486998 582.5514972609235
1463 8094.536773962307 572.6343779042363
1464 8065.963029482791 565.4848456833861
1465 8036.825896907936 561.1718200779869
1466 7982.397460937496 2552.983886718983
1467 7989.719789499733 2570.671323781775
1468 8007.407226562496 2577.993652343983
1469 8025.094032198158 2570.6709782769904
1470 8032.416015624996 2552.983886718983
1471 8025.093686700147 2535.2974265813245
1472 8007.407226562496 2527.9750976564246
1473 7989.720135004489 2535.2970810833503
1474 7212.107421874996 2552.9843750001746
1475 7219.430181945401 2570.671999726619
1476 7237.118164062496 2577.9938964847242
1477 7254.804969698202 2570.6712224176154
1478 7262.126953124996 2552.9841308594914
1479 7254.804624200096 2535.2976707219495
1480 7237.118164062496 2527.9753417972242
1481 7219.430354701213 2535.2970659908606
1482 9367.999999999996 1080.9998779299203
1483 9217.999999999996 1081.0000000001746
1484 9217.999999999996 711.0000000001746
1485 9239.213210139369 702.2132101395982
1486 9247.999999999996 681.000000000291
1487 9239.21321013939 659.7867898609256
1488 9217.999999999996 651.000000000291
1489 9217.999999999996 280.9999999998836
1490 9367.999999999996 280.99993896478554
1491 9367.999999999996 650.9999389650184
1492 9346.786789860602 659.786728825653
1493 9337.999999999996 680.9999389650766
1494 9346.786789860602 702.213149104442
1495 9367.999999999996 710.9999389650184
1496 9537.999999999996 781.0000000001746
1497 9377.999999999996 781.0000610352727
1498 9377.999999999996 661.0000610352727
1499 9407.999999999996 661.0000000001746
1500 9415.071067811838 658.0710678120959
1501 9417.999999999996 651.000000000291
1502 9417.999999999996 611.000000000291
1503 9415.071067811888 603.9289321883698
1504 9407.999999999996 601.0000000001164
1505 9377.999999999996 601.000061035098
1506 9377.999999999996 481.00003051781096
1507 9537.999999999996 481.0000000001746
1508 9537.999999999996 601.0000000001164
1509 9507.999999999996 601.0000000001164
1510 9500.928932188104 603.9289321883698
1511 9497.999999999996 611.000000000291
1512 9497.999999999996 651.000000000291
1513 9500.928932188155 658.0710678120959
1514 9507.999999999996 661.0000000001746
1515 9537.999999999996 661.0000000001746
1516 10017.999999999996 160.00000000011642
1517 9647.999999999996 160.00000000011642
1518 9639.21321013939 138.786789860751
1519 9617.999999999996 130.00000000017462
1520 9596.786789860602 138.786789860751
1521 9587.999999999996 160.00000000011642
1522 9217.999999999996 160.00000000011642
1523 9217.999999999996 10.000000000116415
1524 9587.999999999996 10.000000000116415
1525 9596.786789860602 31.213210139540024
1526 9617.999999999996 40.00000000017462
1527 9639.21321013939 31.213210139540024
1528 9647.999999999996 10.000000000116415
1529 10017.999999999996 10.000000000116415
1530 10827.999999999996 177.00000000029104
1531 10457.999999999996 177.00013732962543
1532 10449.213204744661 155.78693705407204
1533 10427.999999999996 147.00015258812346
1534 10406.78678446577 155.78694784356048
1535 10397.999999999996 177.00016784697073
1536 10027.999999999996 177.0003051760723
1537 10027.999999999996 27.00031089800177
1538 10397.999999999996 27.000167846679688
1539 10406.786793906653 48.21337058820063
1540 10427.999999999996 57.00015640282072
1541 10449.213214185573 48.21336249593878
1542 10457.999999999996 27.00014495837968
1543 10827.999999999996 27.000000000116415
1544 11637.999999999996 177.00000000029104
1545 11267.999999999996 177.00000000029104
1546 11259.213210139464 155.7867898606928
1547 11237.999999999996 146.99999999988358
1548 11216.786789860536 155.7867898606928
1549 11208.000000000011 177.00000000029104
1550 10837.999999999996 177.00000000029104
1551 10837.999999999996 27.000000000116415
1552 11208.000000000011 27.000000000116415
1553 11216.786789860638 48.21321013942361
1554 11237.999999999996 57.0
1555 11259.213210139369 48.21321013942361
1556 11267.999999999996 27.000000000116415
1557 11637.999999999996 27.000000000116415
1558 11947.999999999996 170.00000000029104
1559 11827.999999999996 170.00000000029104
1560 11827.999999999996 140.00000000029104
1561 11825.071067811888 132.9289321883698
1562 11817.999999999996 130.00000000017462
1563 11777.999999999996 130.00000000017462
1564 11770.928932188104 132.9289321883698
1565 11767.999999999996 140.00000000029104
1566 11767.999999999996 170.00000000029104
1567 11647.999999999996 170.00000000029104
1568 11647.999999999996 10.000000000116415
1569 11767.999999999996 10.000000000116415
1570 11767.999999999996 40.00000000017462
1571 11770.928932188082 47.07106781215407
1572 11777.999999999996 50.000000000407454
1573 11817.999999999996 50.000000000407454
1574 11825.07106781191 47.07106781215407
1575 11827.999999999996 40.00000000017462
1576 11827.999999999996 10.000000000116415
1577 11947.999999999996 10.000000000116415
1578 11990.106445312496 2516.9938964844914
1579 11976.100585937496 2530.998779297108
1580 11518.583821614582 2530.9989827476093
1581 11061.06705729166 2530.9991861981107
1582 10603.550292968746 2530.9993896486703
1583 10146.033528645832 2530.9995930991718
1584 9688.51676432291 2530.999796549673
1585 9230.999999999996 2531.0000000001746
1586 9217.188476562496 2516.996093750291
1587 9222.661458333332 2121.847656250233
1588 9228.13444010416 1726.6992187502328
1589 9233.607421874996 1331.5507812501746
1590 9236.657226562496 1111.4677734376746
1591 9256.581054687496 1111.4677734376746
1592 9262.730468749996 1134.4179687501746
1593 9272.725137339341 1153.6261116279638
1594 9289.903497255069 1166.807541885355
1595 9311.043945312496 1171.490234375291
1596 9353.617187499996 1171.490234375291
1597 9382.094367771151 1169.463156860671
1598 9409.992796210037 1163.4020901157055
1599 9436.744001299001 1153.430537291104
1600 9461.802887883696 1139.7516834435519
1601 9484.658844288697 1122.6442553417874
1602 9504.846146781452 1102.4568419979769
1603 9521.953449378434 1079.6007916545495
1604 9535.632165624611 1054.5418299581506
1605 9545.603571555268 1027.790570114681
1606 9551.66448510678 999.8921083942405
1607 9553.691406249996 971.414916992595
1608 9553.691406249996 534.7645263674785
1609 9552.33808903131 506.23567366664065
1610 9548.277948167273 477.96480243693804
1611 9541.547783281643 450.2081494590384
1612 9532.208594114014 423.21729082852835
1613 9520.34502764067 397.2368617625325
1614 9506.06461086548 372.50233931618277
1615 9489.496776234704 349.2379081052495
1616 9470.791688508874 327.6544283790281
1617 9450.118883724634 307.94752486090874
1618 9427.665732582453 290.2958136773086
1619 9403.635742187496 274.85928344738204
1620 9284.590820312496 206.1288757327129
1621 9284.590820312496 187.1210632325965
1622 9749.765624999996 187.120849609375
1623 10195.032421875 187.12064208992524
1624 10640.299218749995 187.12043457041727
1625 11085.566015624998 187.12022705096751
1626 11530.832812499993 187.12001953145955
1627 11976.099609374996 187.1198120120098
1628 11990.105468749996 201.1246948245098
1629 11990.105468749996 666.2994689943735
1630 11990.105468749996 1131.474243164179
1631 11990.105794270832 1593.3141276043025
1632 11990.10611979166 2055.154012044368
GTSP_SET_SECTION
1 1 -1
2 2 3 4 5 6 7 8 9 10 11 12 13 14 15 -1
3 16 17 18 19 20 21 22 23 24 25 26 27 28 29 -1
4 30 31 32 33 34 35 36 37 38 39 40 41 42 43 -1
5 44 45 46 47 48 49 50 51 52 53 54 55 56 57 -1
6 58 59 60 61 62 63 64 65 66 67 68 69 70 71 -1
7 72 73 74 75 76 77 78 79 80 81 82 83 84 85 -1
8 86 87 88 89 90 91 92 93 94 95 96 97 98 99 100 101 102 103 104 105 -1
9 106 107 108 109 110 111 112 113 114 115 116 117 118 119 120 121 122 123 124 125 -1
10 126 127 128 129 130 131 132 133 134 135 136 137 138 139 140 141 142 143 144 145 -1
11 146 147 148 149 150 151 152 153 154 155 156 157 158 159 -1
12 160 161 162 163 164 165 166 167 168 169 170 171 172 173 -1
13 174 175 176 177 178 179 180 181 182 183 184 185 186 187 -1
14 188 189 190 191 192 193 194 195 196 197 198 199 200 201 -1
15 202 203 204 205 206 207 208 209 210 211 212 213 214 215 -1
16 216 217 218 219 220 221 222 223 224 225 226 227 228 229 -1
17 230 231 232 233 234 235 236 237 238 239 240 241 242 243 244 245 246 247 248 249 -1
18 250 251 252 253 254 255 256 257 258 259 260 261 262 263 -1
19 264 265 266 267 268 269 270 271 272 273 274 275 276 277 -1
20 278 279 280 281 282 283 284 285 286 287 288 289 290 291 -1
21 292 293 294 295 296 297 298 299 300 301 302 303 304 305 306 307 308 309 310 311 -1
22 312 313 314 315 316 317 318 319 320 321 322 323 324 325 326 327 328 329 330 331 -1
23 332 333 334 335 336 337 338 339 340 341 342 343 344 345 346 347 348 349 350 351 -1
24 352 353 354 355 356 357 358 359 360 361 362 363 364 365 366 367 368 369 370 371 -1
25 372 373 374 375 376 377 378 379 380 381 382 383 384 385 386 387 388 389 390 391 -1
26 392 393 394 395 396 397 398 399 400 401 402 403 404 405 406 407 408 409 410 411 -1
27 412 413 414 415 416 417 418 419 420 421 422 423 424 425 426 427 428 429 430 431 432 433 434 435 436 437 438 439 440 441 442 443 444 445 446 447 448 449 450 451 452 453 454 455 456 457 458 459 460 461 462 463 464 465 466 467 468 469 470 471 472 473 474 475 476 477 478 479 480 481 482 483 484 485 486 487 488 489 490 491 492 493 494 495 496 497 498 499 500 501 502 503 504 505 506 507 508 509 510 511 512 513 514 515 516 517 518 519 520 521 522 523 524 525 526 527 528 529 530 531 532 533 534 535 536 537 538 539 540 541 542 543 544 545 546 547 548 549 550 551 552 553 554 555 556 557 558 559 560 561 562 563 564 565 566 567 568 569 570 571 572 573 574 575 576 577 578 579 580 581 582 583 584 585 586 587 588 589 590 591 592 593 594 595 596 597 598 599 600 601 602 603 604 605 606 607 608 609 610 611 612 613 614 615 616 617 618 619 620 621 622 623 624 625 626 627 628 629 630 631 632 633 634 635 636 637 638 639 640 641 642 643 644 645 646 647 648 649 650 651 652 653 654 655 656 657 658 659 660 661 662 663 664 665 666 667 668 669 670 671 672 673 674 675 676 677 678 679 680 681 682 683 684 685 686 687 688 689 690 691 692 693 694 695 696 697 698 699 700 701 702 703 704 705 706 707 708 709 710 711 712 713 714 715 716 717 -1
28 718 719 720 721 722 723 724 725 726 727 728 729 730 731 732 733 734 735 736 737 738 739 740 741 742 743 744 745 746 747 748 749 750 751 752 753 754 755 756 757 758 759 760 761 762 763 764 765 766 767 768 769 770 771 772 773 774 775 -1
29 776 777 778 779 780 781 782 783 784 785 786 787 788 789 790 791 792 793 794 795 796 797 798 799 800 801 802 803 804 805 806 807 808 809 810 811 812 813 814 815 816 817 818 819 820 821 822 823 824 825 -1
30 826 827 828 829 830 831 832 833 834 835 836 837 -1
31 838 839 840 841 842 843 844 845 846 847 848 849 -1
32 850 851 852 853 854 855 856 857 858 859 860 861 -1
33 862 863 864 865 866 867 868 869 870 871 872 873 -1
34 874 875 876 877 878 879 880 881 882 883 884 885 886 887 888 889 890 891 892 893 -1
35 894 895 896 897 898 899 900 901 902 903 904 905 906 907 908 909 910 911 912 913 -1
36 914 915 916 917 918 919 920 921 922 923 924 925 926 927 -1
37 928 929 930 931 932 933 934 935 936 937 938 939 940 941 -1
38 942 943 944 945 946 947 948 949 950 951 952 953 954 955 956 957 958 959 960 961 -1
39 962 963 964 965 966 967 968 969 970 971 972 973 974 975 976 977 978 979 980 981 -1
40 982 983 984 985 986 987 988 989 990 991 992 993 994 995 996 997 998 999 1000 1001 -1
41 1002 1003 1004 1005 1006 1007 1008 1009 1010 1011 1012 1013 1014 1015 1016 1017 1018 1019 1020 1021 -1
42 1022 1023 1024 1025 1026 1027 1028 1029 1030 1031 1032 1033 1034 1035 1036 1037 1038 1039 1040 1041 -1
43 1042 1043 1044 1045 1046 1047 1048 1049 1050 1051 1052 1053 1054 1055 1056 1057 1058 1059 1060 1061 -1
44 1062 1063 1064 1065 1066 1067 1068 1069 1070 1071 1072 1073 1074 1075 1076 1077 1078 1079 1080 1081 -1
45 1082 1083 1084 1085 1086 1087 1088 1089 1090 1091 1092 1093 1094 1095 1096 1097 1098 1099 1100 1101 -1
46 1102 1103 1104 1105 1106 1107 1108 1109 1110 1111 1112 1113 1114 1115 1116 1117 1118 1119 1120 1121 -1
47 1122 1123 1124 1125 1126 1127 1128 1129 1130 1131 1132 1133 1134 1135 1136 1137 1138 1139 1140 1141 -1
48 1142 1143 1144 1145 1146 1147 1148 1149 1150 1151 1152 1153 1154 1155 1156 1157 1158 1159 1160 1161 1162 1163 1164 1165 1166 1167 1168 1169 1170 1171 1172 1173 1174 1175 1176 1177 1178 1179 1180 1181 1182 1183 1184 1185 1186 1187 1188 1189 1190 1191 1192 1193 1194 1195 1196 1197 1198 1199 1200 1201 1202 1203 1204 1205 1206 1207 1208 1209 1210 1211 1212 1213 1214 1215 1216 1217 1218 1219 1220 1221 1222 1223 1224 1225 1226 1227 1228 1229 1230 1231 1232 1233 1234 1235 1236 1237 1238 1239 1240 1241 1242 1243 1244 1245 1246 1247 1248 1249 1250 1251 1252 1253 1254 1255 1256 1257 1258 1259 1260 1261 1262 1263 1264 1265 1266 1267 1268 1269 1270 1271 1272 1273 1274 1275 1276 1277 1278 1279 1280 1281 1282 1283 1284 1285 1286 1287 1288 1289 1290 1291 1292 1293 1294 1295 1296 1297 1298 1299 1300 1301 1302 1303 1304 1305 1306 1307 1308 1309 1310 1311 1312 1313 1314 1315 1316 1317 1318 1319 1320 1321 1322 1323 1324 1325 1326 1327 1328 1329 1330 1331 1332 1333 1334 1335 -1
49 1336 1337 1338 1339 1340 1341 1342 1343 -1
50 1344 1345 1346 1347 1348 1349 1350 1351 1352 1353 1354 1355 1356 1357 1358 1359 1360 1361 1362 1363 1364 1365 1366 1367 1368 1369 1370 1371 1372 1373 1374 1375 1376 1377 1378 1379 1380 1381 1382 1383 1384 1385 1386 1387 1388 1389 1390 1391 1392 1393 1394 1395 1396 1397 1398 1399 -1
51 1400 1401 1402 1403 1404 1405 1406 1407 1408 1409 1410 1411 1412 1413 1414 1415 1416 1417 1418 1419 1420 1421 1422 1423 1424 1425 1426 1427 1428 1429 1430 1431 1432 1433 1434 1435 1436 1437 1438 1439 1440 1441 1442 1443 1444 1445 1446 1447 1448 1449 1450 1451 1452 1453 1454 1455 1456 1457 1458 1459 1460 1461 1462 1463 1464 1465 -1
52 1466 1467 1468 1469 1470 1471 1472 1473 -1
53 1474 1475 1476 1477 1478 1479 1480 1481 -1
54 1482 1483 1484 1485 1486 1487 1488 1489 1490 1491 1492 1493 1494 1495 -1
55 1496 1497 1498 1499 1500 1501 1502 1503 1504 1505 1506 1507 1508 1509 1510 1511 1512 1513 1514 1515 -1
56 1516 1517 1518 1519 1520 1521 1522 1523 1524 1525 1526 1527 1528 1529 -1
57 1530 1531 1532 1533 1534 1535 1536 1537 1538 1539 1540 1541 1542 1543 -1
58 1544 1545 1546 1547 1548 1549 1550 1551 1552 1553 1554 1555 1556 1557 -1
59 1558 1559 1560 1561 1562 1563 1564 1565 1566 1567 1568 1569 1570 1571 1572 1573 1574 1575 1576 1577 -1
60 1578 1579 1580 1581 1582 1583 1584 1585 1586 1587 1588 1589 1590 1591 1592 1593 1594 1595 1596 1597 1598 1599 1600 1601 1602 1603 1604 1605 1606 1607 1608 1609 1610 1611 1612 1613 1614 1615 1616 1617 1618 1619 1620 1621 1622 1623 1624 1625 1626 1627 1628 1629 1630 1631 1632 -1
GTSP_SET_ORDERING
21 28 27 -1
22 28 27 -1
23 28 27 -1
24 28 27 -1
25 29 27 -1
26 29 27 -1
28 27 -1
29 27 -1
30 27 -1
31 27 -1
32 27 -1
33 27 -1
41 50 48 -1
42 50 48 -1
43 51 48 -1
44 51 48 -1
45 51 48 -1
46 51 48 -1
47 51 48 -1
49 48 -1
50 48 -1
51 48 -1
52 48 -1
53 48 -1
EOF