NAME: Lc60v1557
TYPE: PCGTSP 
COMMENT: 
DIMENSION: 1558
GTSP_SETS: 61
EDGE_WEIGHT_TYPE: EUC_2D
NODE_COORD_SECTION
1 0.0 0.0
2 1765.0 159.99999999965075
3 1395.0 159.99999999965075
4 1386.213210139369 138.78678986034356
5 1365.0 129.99999999976717
6 1343.786789860631 138.78678986034356
7 1335.0 159.99999999965075
8 965.0 159.99999999965075
9 965.0 9.999999999883585
10 1335.0 9.999999999883585
11 1343.7867898606055 31.213210139248986
12 1365.0 39.999999999883585
13 1386.2132101393945 31.213210139248986
14 1395.0 9.999999999883585
15 1765.0 9.999999999883585
16 2575.0 159.99999999965075
17 2205.0 159.99999999965075
18 2196.213210139369 138.78678986034356
19 2175.0 129.99999999976717
20 2153.786789860631 138.78678986034356
21 2145.0 159.99999999965075
22 1775.0 159.99999999965075
23 1775.0 9.999999999883585
24 2145.0 9.999999999883585
25 2153.7867898606055 31.213210139248986
26 2175.0 39.999999999883585
27 2196.2132101393945 31.213210139248986
28 2205.0 9.999999999883585
29 2575.0 9.999999999883585
30 2948.0 319.99999999976717
31 2578.0 319.99999999976717
32 2569.2132101393945 298.78678986040177
33 2548.0 289.99999999976717
34 2526.7867898606055 298.78678986040177
35 2518.0 319.99999999976717
36 2148.0 319.99999999976717
37 2148.0 169.99999999988358
38 2518.0 169.99999999988358
39 2526.7867898606055 191.213210139249
40 2548.0 199.99999999988358
41 2569.2132101393945 191.213210139249
42 2578.0 169.99999999988358
43 2948.0 169.99999999988358
44 3385.0 159.99999999965075
45 3015.0 159.99999999965075
46 3006.213210139369 138.78678986034356
47 2985.0 129.99999999976717
48 2963.786789860631 138.78678986034356
49 2955.0 159.99999999965075
50 2585.0 159.99999999965075
51 2585.0 9.999999999883585
52 2955.0 9.999999999883585
53 2963.7867898606055 31.213210139248986
54 2985.0 39.999999999883585
55 3006.2132101393945 31.213210139248986
56 3015.0 9.999999999883585
57 3385.0 9.999999999883585
58 3758.0 319.99999999976717
59 3388.0 319.99999999976717
60 3379.2132101393945 298.78678986040177
61 3358.0 289.99999999976717
62 3336.7867898606055 298.78678986040177
63 3328.0 319.99999999976717
64 2958.0 319.99999999976717
65 2958.0 169.99999999988358
66 3328.0 169.99999999988358
67 3336.7867898606055 191.213210139249
68 3358.0 199.99999999988358
69 3379.2132101393945 191.213210139249
70 3388.0 169.99999999988358
71 3758.0 169.99999999988358
72 4024.0 479.99999999976717
73 3654.0 479.99999999976717
74 3645.213210139347 458.7867898605182
75 3624.0 450.0
76 3602.786789860653 458.7867898605182
77 3594.0 479.99999999976717
78 3224.0 479.99999999976717
79 3224.0 330.0
80 3594.0 330.0
81 3602.786789860653 351.213210139249
82 3624.0 359.99999999976717
83 3645.213210139347 351.213210139249
84 3654.0 330.0
85 4024.0 330.0
86 4195.0 159.99999999965075
87 3825.0 159.99999999965075
88 3816.213210139369 138.78678986034356
89 3795.0 129.99999999976717
90 3773.786789860631 138.78678986034356
91 3765.0 159.99999999965075
92 3395.0 159.99999999965075
93 3395.0 9.999999999883585
94 3765.0 9.999999999883585
95 3773.7867898606055 31.213210139248986
96 3795.0 39.999999999883585
97 3816.2132101393945 31.213210139248986
98 3825.0 9.999999999883585
99 4195.0 9.999999999883585
100 4206.0 2610.9999999998836
101 4046.0 2610.9999999998836
102 4046.0 2490.9999999996508
103 4076.0 2490.9999999996508
104 4083.071067811841 2488.071067811572
105 4086.0 2480.999999999767
106 4086.0 2440.999999999767
107 4083.0710678118157 2433.9289321880206
108 4076.0 2431.0
109 4046.0 2431.0
110 4046.0 2311.000000000058
111 4206.0 2311.000000000058
112 4206.0 2431.0
113 4176.0 2431.0
114 4168.928932188184 2433.9289321880206
115 4166.0 2440.999999999767
116 4166.0 2480.999999999767
117 4168.928932188159 2488.071067811572
118 4176.0 2490.9999999996508
119 4206.0 2490.9999999996508
120 4376.0 2610.9999999998836
121 4216.0 2610.9999999998836
122 4216.0 2490.9999999996508
123 4246.0 2490.9999999996508
124 4253.071067811841 2488.071067811572
125 4256.0 2480.999999999767
126 4256.0 2440.999999999767
127 4253.071067811816 2433.9289321880206
128 4246.0 2431.0
129 4216.0 2431.0
130 4216.0 2311.000000000058
131 4376.0 2311.000000000058
132 4376.0 2431.0
133 4346.0 2431.0
134 4338.928932188184 2433.9289321880206
135 4336.0 2440.999999999767
136 4336.0 2480.999999999767
137 4338.928932188159 2488.071067811572
138 4346.0 2490.9999999996508
139 4376.0 2490.9999999996508
140 4568.0 319.99999999976717
141 4198.0 319.99999999976717
142 4189.2132101393945 298.78678986040177
143 4168.0 289.99999999976717
144 4146.7867898606055 298.78678986040177
145 4138.0 319.99999999976717
146 3767.999999999989 319.99999999976717
147 3767.999999999989 169.99999999988358
148 4138.0 169.99999999988358
149 4146.7867898606055 191.213210139249
150 4168.0 199.99999999988358
151 4189.2132101393945 191.213210139249
152 4198.0 169.99999999988358
153 4568.0 169.99999999988358
154 4834.0 479.99999999976717
155 4464.0 479.99999999976717
156 4455.213210139347 458.7867898605182
157 4434.0 450.0
158 4412.786789860653 458.7867898605182
159 4404.0 479.99999999976717
160 4034.0 479.99999999976717
161 4034.0 330.0
162 4404.0 330.0
163 4412.786789860653 351.213210139249
164 4434.0 359.99999999976717
165 4455.213210139347 351.213210139249
166 4464.0 330.0
167 4834.0 330.0
168 5016.0 639.9999999997672
169 4646.0 639.9999999997672
170 4637.213210139344 618.78678986046
171 4615.999999999989 610.0
172 4594.786789860653 618.7867898605182
173 4586.0 639.9999999997672
174 4216.0 639.9999999997672
175 4216.0 489.9999999998836
176 4586.0 489.9999999998836
177 4594.786789860602 511.213210139249
178 4615.999999999989 519.9999999998836
179 4637.213210139391 511.2132101393072
180 4646.0 489.9999999998836
181 5016.0 489.9999999998836
182 5005.0 159.99999999965075
183 4635.0 159.99999999965075
184 4626.213210139369 138.78678986034356
185 4605.0 129.99999999976717
186 4583.786789860631 138.78678986034356
187 4575.0 159.99999999965075
188 4205.0 159.99999999965075
189 4205.0 9.999999999883585
190 4575.0 9.999999999883585
191 4583.7867898606055 31.213210139248986
192 4605.0 39.999999999883585
193 4626.2132101393945 31.213210139248986
194 4635.0 9.999999999883585
195 5005.0 9.999999999883585
196 5378.0 319.99999999976717
197 5008.0 319.99999999976717
198 4999.2132101393945 298.78678986040177
199 4978.0 289.99999999976717
200 4956.7867898606055 298.78678986040177
201 4948.0 319.99999999976717
202 4578.0 319.99999999976717
203 4578.0 169.99999999988358
204 4948.0 169.99999999988358
205 4956.7867898606055 191.213210139249
206 4978.0 199.99999999988358
207 4999.2132101393945 191.213210139249
208 5008.0 169.99999999988358
209 5378.0 169.99999999988358
210 5644.0 479.99999999976717
211 5274.0 479.99999999976717
212 5265.213210139347 458.7867898605182
213 5244.0 450.0
214 5222.786789860653 458.7867898605182
215 5214.0 479.99999999976717
216 4844.0 479.99999999976717
217 4844.0 330.0
218 5214.0 330.0
219 5222.786789860653 351.213210139249
220 5244.0 359.99999999976717
221 5265.213210139347 351.213210139249
222 5274.0 330.0
223 5644.0 330.0
224 5814.999999999996 159.99999999965075
225 5445.0 159.99999999965075
226 5436.213210139369 138.78678986034356
227 5415.0 129.99999999976717
228 5393.786789860631 138.78678986034356
229 5385.0 159.99999999965075
230 5015.0 159.99999999965075
231 5015.0 9.999999999883585
232 5385.0 9.999999999883585
233 5393.7867898606055 31.213210139248986
234 5415.0 39.999999999883585
235 5436.2132101393945 31.213210139248986
236 5445.0 9.999999999883585
237 5814.999999999996 9.999999999883585
238 5825.999999999996 639.9999999997672
239 5456.0 639.9999999997672
240 5447.213210139347 618.7867898605182
241 5426.0 610.0
242 5404.7867898606455 618.78678986046
243 5395.999999999989 639.9999999997672
244 5026.0 639.9999999997672
245 5026.0 489.9999999998836
246 5395.999999999989 489.9999999998836
247 5404.786789860598 511.2132101393072
248 5426.0 519.9999999998836
249 5447.2132101393945 511.213210139249
250 5456.0 489.9999999998836
251 5825.999999999996 489.9999999998836
252 5936.999999999996 799.9999999998836
253 5567.0 799.9999999998836
254 5558.213210139467 778.7867898603436
255 5537.0 769.9999999995925
256 5515.786789860533 778.7867898603436
257 5507.0 799.9999999998836
258 5137.0 799.9999999998836
259 5137.0 650.0000000000582
260 5507.0 650.0000000000582
261 5515.7867898606055 671.2132101394236
262 5537.0 680.0000000000582
263 5558.2132101393945 671.2132101394236
264 5567.0 650.0000000000582
265 5936.999999999996 650.0000000000582
266 6113.999999999996 269.80761718709255
267 5975.436035156246 349.80761718715075
268 5915.436035156246 245.88458251947304
269 5941.416503906246 230.88458251947304
270 5946.075990345464 224.81260361819295
271 5945.077148437496 217.2243194578914
272 5925.077148437496 182.5833129879902
273 5919.0049202437185 177.92386196221923
274 5911.416503906246 178.9230499265832
275 5885.436035156246 193.9230499265832
276 5825.436035156246 90.00000762927812
277 5963.999999999996 9.999999999883585
278 6023.999999999996 113.9230499266996
279 5998.019042968746 128.92304992646677
280 5993.359843755225 134.9951330233598
281 5994.358886718746 142.58329772925936
282 6014.358886718746 177.2243194579496
283 6020.430909985607 181.88352717173984
284 6028.019042968746 180.88456726068398
285 6053.999999999989 165.88456726068398
286 6238.999999999996 850.8203124997672
287 6109.096191406246 925.8203125
288 5924.096191406246 605.3909301754902
289 5938.074092758372 587.1747810209636
290 5935.077148437496 564.4101562498836
291 5916.860879622731 550.4322718974436
292 5894.096191406246 553.4293823239859
293 5709.096191406246 233.00001525849802
294 5838.999999999996 157.99999999976717
295 6023.999999999996 478.4293823237531
296 6010.022098647769 496.6455314785708
297 6013.019042968746 519.4101562498836
298 6031.235311783614 533.3880406020908
299 6053.999999999989 530.3909301752574
300 1466.0 1924.9999999998836
301 1346.0 1924.9999999998836
302 1346.0 1894.9999999997672
303 1343.0710678118412 1887.9289321879623
304 1336.0 1884.9999999998836
305 1296.0 1884.9999999998836
306 1288.9289321881588 1887.9289321879623
307 1286.0 1894.9999999997672
308 1286.0 1924.9999999998836
309 1166.0 1924.9999999998836
310 1166.0 1765.0
311 1286.0 1765.0
312 1286.0 1794.9999999998836
313 1288.9289321881843 1802.0710678116302
314 1296.0 1804.9999999996508
315 1336.0 1804.9999999996508
316 1343.0710678118157 1802.0710678116302
317 1346.0 1794.9999999998836
318 1346.0 1765.0
319 1466.0 1765.0
320 1515.0 1754.9999999997672
321 1395.0 1754.9999999997672
322 1395.0 1724.9999999997672
323 1392.0710678118921 1717.928932187846
324 1385.0 1714.9999999995925
325 1345.0 1714.9999999995925
326 1337.9289321881079 1717.928932187846
327 1335.0 1724.9999999997672
328 1335.0 1754.9999999997672
329 1215.0 1754.9999999997672
330 1215.0 1594.9999999995925
331 1335.0 1594.9999999995925
332 1335.0 1624.9999999995925
333 1337.9289321880897 1632.071067811572
334 1345.0 1634.9999999997672
335 1385.0 1634.9999999997672
336 1392.0710678119103 1632.071067811572
337 1395.0 1624.9999999995925
338 1395.0 1594.9999999995925
339 1515.0 1594.9999999995925
340 1205.0 1687.0
341 1085.0 1687.0
342 1085.0 1656.9999999997672
343 1082.0710678118412 1649.9289321879623
344 1075.0 1646.9999999998836
345 1035.0 1646.9999999998836
346 1027.9289321881588 1649.9289321879623
347 1025.0 1656.9999999997672
348 1025.0 1687.0
349 905.0 1687.0
350 905.0 1526.9999999998836
351 1025.0 1526.9999999998836
352 1025.0 1556.9999999997672
353 1027.9289321881588 1564.071067811572
354 1035.0 1566.9999999995925
355 1075.0 1566.9999999995925
356 1082.0710678118412 1564.071067811572
357 1085.0 1556.9999999997672
358 1085.0 1526.9999999998836
359 1205.0 1526.9999999998836
360 1156.0 1856.9999999998836
361 1036.0 1856.9999999998836
362 1036.0 1826.9999999998836
363 1033.071067811914 1819.9289321879041
364 1026.0 1816.9999999996508
365 986.0 1816.9999999996508
366 978.928932188086 1819.9289321879041
367 976.0 1826.9999999998836
368 976.0 1856.9999999998836
369 856.0 1856.9999999998836
370 856.0 1696.9999999997672
371 976.0 1696.9999999997672
372 976.0 1726.9999999997672
373 978.9289321881115 1734.0710678116884
374 986.0 1736.9999999998836
375 1026.0 1736.9999999998836
376 1033.0710678118885 1734.0710678116884
377 1036.0 1726.9999999997672
378 1036.0 1696.9999999997672
379 1156.0 1696.9999999997672
380 2875.0 1734.9999999996508
381 2755.0 1734.9999999996508
382 2755.0 1704.9999999997672
383 2752.071067811892 1697.928932187846
384 2745.0 1694.9999999995925
385 2705.0 1694.9999999995925
386 2697.928932188108 1697.928932187846
387 2695.0 1704.9999999997672
388 2695.0 1734.9999999996508
389 2575.0 1734.9999999996508
390 2575.0 1574.9999999995925
391 2695.0 1574.9999999995925
392 2695.0 1605.0
393 2697.9289321881843 1612.0710678117466
394 2705.0 1614.9999999997672
395 2745.0 1614.9999999997672
396 2752.0710678118157 1612.0710678117466
397 2755.0 1605.0
398 2755.0 1574.9999999995925
399 2875.0 1574.9999999995925
400 2862.0 1905.0
401 2742.0 1905.0
402 2742.0 1874.9999999996508
403 2739.071067811841 1867.928932187846
404 2732.0 1864.9999999997672
405 2692.0 1864.9999999997672
406 2684.928932188159 1867.928932187846
407 2682.0 1874.9999999996508
408 2682.0 1905.0
409 2562.0 1905.0
410 2562.0 1745.0
411 2682.0 1745.0
412 2682.0 1774.9999999997672
413 2684.928932188206 1782.0710678114556
414 2692.0 1784.9999999994761
415 2732.0 1784.9999999994761
416 2739.071067811794 1782.0710678114556
417 2742.0 1774.9999999997672
418 2742.0 1745.0
419 2862.0 1745.0
420 6241.953124999996 2610.999023437267
421 5842.968749999996 2610.9993489581393
422 5443.984375 2610.9996744790114
423 5045.0 2610.9999999998836
424 5037.768306159105 2583.9845634390367
425 5017.992391206073 2564.2097209326457
426 4990.9765625 2556.9794921875
427 4963.964036262711 2564.2123269383446
428 4944.19133049938 2583.986820081016
429 4936.9609375 2610.9999999998836
430 4549.046875 2611.000488281192
431 4556.338600759329 2589.1685528443195
432 4561.591490820036 2566.75851456949
433 4564.76101725929 2543.960339826299
434 4565.8203125 2520.967285156192
435 4564.257302694739 2492.961677387182
436 4559.566940190351 2465.307426977204
437 4551.808267800316 2438.3526487568743
438 4541.078952569867 2412.436652521952
439 4527.514056332169 2387.8856717630406
440 4511.284335534689 2365.0087570017204
441 4492.594091737734 2344.093885427341
442 4471.678599843315 2325.4043358078925
443 4448.801146428072 2309.1753743070876
444 4424.2497154620905 2295.611292927002
445 4398.333363134116 2284.882837857702
446 4371.378327417326 2277.1250601044158
447 4343.723921348817 2272.4356154506677
448 4315.71826171875 2270.873535155959
449 4015.6091308593677 2270.873779296875
450 3987.6041140734233 2272.436750582303
451 3959.9504354838537 2277.126942996809
452 3932.9961880239716 2284.88531836099
453 3907.080660480744 2295.614217492577
454 3882.5300666695075 2309.1785894992645
455 3859.6534391910063 2325.407691742759
456 3838.7387394583093 2344.0972390757524
457 3820.049232959078 2365.0119752977043
458 3803.8201753797657 2387.888634461735
459 3790.2558513054973 2412.439254755911
460 3779.527002771192 2438.3548032460967
461 3771.7686800322917 2465.309065853362
462 3767.0785416086583 2492.9627535999753
463 3765.515625 2520.9677734373836
464 3766.5749202407096 2543.9608281074907
465 3769.7444466799643 2566.759002850682
466 3774.997336740671 2589.1690411255113
467 3782.2890625 2611.0009765623836
468 3310.638671875 2611.001342773321
469 2838.98828125 2611.0017089842586
470 2367.337890625 2611.002075195196
471 1895.6875 2611.0024414061336
472 1424.037109375 2611.002807617071
473 952.38671875 2611.0031738280086
474 480.736328125 2611.003540038946
475 9.0859375 2611.0039062498836
476 9.085605462390959 2184.6704126992263
477 9.085273424781917 1758.336919148569
478 9.084941387172876 1332.00342559797
479 9.084609349567472 905.6699320473126
480 9.08427731195843 479.3364384966553
481 9.08394527434939 53.002944945998024
482 37.865452397203626 56.40251265082043
483 66.64605392953672 59.809738542942796
484 95.42574783367309 63.22462238109438
485 124.2045320719335 66.64716392365517
486 152.98240460678062 70.07736292824848
487 181.75936340073895 73.51521915191552
488 210.53540641632935 76.96073235140648
489 239.3105316162073 80.41390228259843
490 241.37676427728366 87.78693469031714
491 248.0527191162073 91.53694152814569
492 267.919921875 93.92755126929842
493 275.2914125465686 91.86522078741109
494 279.044921875 85.19414520257851
495 308.5332025333446 88.75191095034825
496 338.02051189343547 92.31771801225841
497 367.50684776247726 95.8915661231149
498 396.9922079476928 99.47345501725795
499 426.4765902563777 103.06338442815468
500 455.95999249596935 106.66135408898117
501 485.4424124739053 110.26736373215681
502 514.9238479976957 113.88141308940249
503 544.404296875 117.50350189208984
504 547.4714316049431 128.57007712463383
505 557.466796875 134.2241973875789
506 568.5390543276699 131.16587767453166
507 574.201171875 121.171447753557
508 602.487840153186 124.66189468628727
509 630.7735941040228 128.15974338253727
510 659.0584317907378 131.6649936028407
511 687.3423512765585 135.17764510703273
512 715.6253506247631 138.69769765471574
513 743.9074278987791 142.2251510047936
514 772.1885811620086 145.7600049158209
515 800.46880847793 149.30225914571201
516 828.748107910149 152.8519134518574
517 858.4722044791997 156.619300000777
518 888.1949906164919 160.3970112777315
519 917.9164627357095 164.18504682683852
520 947.6366172507005 167.98340619105147
521 977.3554505754837 171.79208891215967
522 1007.072959124187 175.611094530439
523 1036.7891393111422 179.44042258529225
524 1066.5039875508337 183.28007261449238
525 1096.217500257906 187.13004415488103
526 1125.9296738471567 190.99033674184466
527 1155.6405047335538 194.86094990960555
528 1185.3499893322187 198.74188319128007
529 1215.0581240584506 202.63313611841295
530 1244.7649053277091 206.53470822161762
531 1274.470329555581 210.4465990300523
532 1304.1743931578567 214.3688080717693
533 1333.8770925504832 218.30133487348212
534 1363.578424149564 222.2441789606819
535 1393.278384371377 226.19733985769562
536 1422.9769696323565 230.16081708751153
537 1452.6741763491082 234.13461017189547
538 1482.370000938401 238.11871863139095
539 1512.0644398171899 242.11314198520267
540 1541.7574894025493 246.11787975142943
541 1571.4491461117577 250.13293144694762
542 1601.139406362261 254.15829658712028
543 1630.8282665716724 258.1939746864373
544 1660.515723157765 262.23996525781695
545 1690.201772538483 266.2962678131298
546 1719.8864111319454 270.3628818629659
547 1749.5696353564417 274.43980691669276
548 1779.2514416304439 278.5270424822811
549 1808.9318263725436 282.6245880666538
550 1838.6107860015582 286.7324431753368
551 1868.2883169364686 290.85060731269186
552 1897.9644155964088 294.9790799819166
553 1927.639078400698 299.1178606848116
554 1957.3123017688304 303.2669489219552
555 1986.984082120467 307.42634419281967
556 2016.654415875466 311.5960459954222
557 2046.3232994538048 315.7760538267903
558 2075.9907292756834 319.96636718243826
559 2105.6567017614725 324.1669855568325
560 2135.32121333171 328.37790844315896
561 2164.9842604071055 332.5991353332647
562 2194.645839408553 336.83066571783274
563 2224.3059467571256 341.07249908632366
564 2253.9645788740672 345.3246349269175
565 2283.6217321808217 349.5870727265137
566 2313.2774030989567 353.85981197090587
567 2342.9315880502654 358.14285214443225
568 2372.5842834567193 362.4361927303835
569 2402.23548574045 366.7398332107696
570 2431.885191323785 371.0537730662036
571 2461.5333966292274 375.3780117762508
572 2491.180098079454 379.71254881907953
573 2520.825292097328 384.0573836718104
574 2550.468975105923 388.41251581010874
575 2580.1111435284292 392.77794470847584
576 2609.7517937882694 397.15366984024877
577 2639.390922309034 401.5396906774258
578 2669.0285255145172 405.93600669078296
579 2698.664599828666 410.34261734993197
580 2728.2991416756304 414.75952212308766
581 2757.9321474797507 419.1867204773589
582 2787.563613665534 423.624211878574
583 2817.1935366577054 428.07199579128064
584 2846.8219128811143 432.53007167880423
585 2876.4487387608533 436.99843900324777
586 2906.07401072219 441.4770972255501
587 2935.6977251905737 445.9660458051949
588 2965.319878591632 450.46528420055984
589 2994.9404673512036 454.97481186891673
590 3024.5594878953016 459.49462826596573
591 3054.176936650121 464.0247328464757
592 3083.792810042087 468.5651250638184
593 3113.4071044977354 473.11580437014345
594 3143.019816443866 477.6767702163779
595 3172.6309423074417 482.2480220521684
596 3202.2404785156177 486.82955932599725
597 3231.8166266253793 491.4200978159206
598 3261.3911576769824 496.0210426879348
599 3290.9640680089433 500.63239337253617
600 3320.535353959942 505.2541492987657
601 3350.105011868931 509.8863098945003
602 3379.673038074976 514.5288745861617
603 3409.239428917437 519.1818427989492
604 3438.804180735784 523.8452139569563
605 3468.367289869784 528.5189874826465
606 3497.9287526593216 533.2031627975521
607 3527.488565444557 537.8977393216337
608 3557.046724565789 542.6027164736879
609 3586.60322636359 547.3180936712306
610 3616.1580671786687 552.0438703304972
611 3645.711243351998 556.7800458663842
612 3675.262751224702 561.5266196925077
613 3704.8125871381817 566.2835912212613
614 3734.360747433955 571.0509598636418
615 3763.907228453845 575.8287250295398
616 3793.4520265397914 580.6168861273327
617 3822.995138034017 585.4154425642337
618 3852.5365592788985 590.2243937461753
619 3882.076286617066 595.0437390777515
620 3911.614316391311 599.8734779623919
621 3941.1506449446933 604.7136098020128
622 3970.6852686204147 609.5641339974827
623 4000.2181837619682 614.4250499482732
624 4029.7493867129924 619.2963570525171
625 4059.278873817344 624.178054707183
626 4088.8066414191453 629.0701423078426
627 4118.332685862664 633.9726192488451
628 4147.857003492438 638.8854849232594
629 4177.37959065317 643.8087387228152
630 4206.900443689825 648.7423800380202
631 4236.419558947524 653.686408257985
632 4265.936932771681 658.6408227707143
633 4295.452561507838 663.6056229627575
634 4324.966441501838 668.5808082194417
635 4354.478569099661 673.5663779248134
636 4383.988940647581 678.5623314616969
637 4413.497552492005 683.5686682115193
638 4443.004400979655 688.5853875544271
639 4472.509482457372 693.612488869403
640 4502.012793272301 698.6499715339742
641 4531.51432977174 703.6978349245619
642 4561.014088303265 708.7560784161906
643 4590.512065214611 713.8247013825458
644 4620.008256853795 718.9037031962071
645 4649.502659568996 723.9930832282989
646 4678.995269708677 729.0928408487816
647 4708.486083621454 734.2029754262185
648 4737.97509765625 739.3234863278922
649 4767.128764687426 744.4354246832081
650 4796.280535417387 749.5581659826566
651 4825.430405843057 754.6917095228564
652 4854.578371961659 759.8360545989126
653 4883.724429770682 764.9912005044171
654 4912.868575267825 770.15714653139
655 4942.0108044511035 775.3338919705711
656 4971.151113318792 780.521436111012
657 5000.28949786938 785.7197782404255
658 5029.425954101676 790.9289176450111
659 5058.560478014751 796.1488536093966
660 5087.69306560788 801.3795854168129
661 5116.823712880669 806.6211123489775
662 5145.952415832984 811.8734336862108
663 5175.079170464913 817.1365487072035
664 5204.203972776853 822.4104566892493
665 5233.326818769474 827.6951569081284
666 5262.447704443668 832.990648638166
667 5291.566625800635 838.2969311522902
668 5320.683578841854 843.614003721741
669 5349.79855956903 848.9418656164198
670 5378.911563984166 854.2805161047727
671 5408.0225880895705 859.6299544536159
672 5437.131627887742 864.9901799284853
673 5466.238679381517 870.3611917932285
674 5495.343738574007 875.7429893103545
675 5524.4468014685335 881.1355717408587
676 5553.547864068758 886.5389383442234
677 5582.646922378608 891.9530883784755
678 5611.743972402244 897.3780211001285
679 5640.839010144136 902.8137357643573
680 5669.932031609045 908.2602316245902
681 5699.023032801957 913.7175079330336
682 5728.112009728178 919.1855639402638
683 5757.198958393306 924.6643988954602
684 5786.283874803146 930.1540120462305
685 5815.366754963852 935.6544026387273
686 5844.4475948818545 941.1655699177645
687 5873.526390563802 946.6875131264678
688 5902.603138016679 952.2202315066243
689 5931.677833247759 957.7637242985074
690 5960.750472264543 963.3179907408194
691 5989.821051074865 968.8830300708651
692 6018.889565686837 974.4588415246108
693 6047.956012108811 980.0454243362183
694 6077.020386349457 985.6427777386853
695 6106.082684417761 991.2509009633213
696 6135.14290232291 996.8697932400974
697 6164.201036074457 1002.4994537973544
698 6193.257081682215 1008.1398818620946
699 6222.311035156246 1013.7910766597488
700 6223.880362206215 1021.3638449272839
701 6230.381347656246 1025.5527343746508
702 6241.951660156246 1027.6152343747672
703 6241.952026367184 1423.4611816403922
704 6241.952392578121 1819.3071289060172
705 6241.952758789059 2215.153076171642
706 799.3899536132776 1715.6673583982629
707 800.9529244143778 1743.6723708500504
708 805.6431153796293 1771.3260452687973
709 813.4014883662821 1798.2802888817969
710 824.1303842523048 1824.195813055907
711 837.6947522281444 1848.7464041193598
712 853.9238497592705 1871.6230296020512
713 872.6133918211017 1892.5377282053814
714 893.5281223525744 1911.227234537655
715 916.404775560095 1927.4562929876265
716 940.9553897961305 1941.0206190226017
717 966.8709322987961 1951.7494706360158
718 993.8251891657346 1959.5077975754975
719 1021.4788715969189 1964.1979412987712
720 1049.48388671875 1965.760864257696
721 1349.59326171875 1965.7607421871508
722 1377.5988820988969 1964.198583749414
723 1405.2532410654421 1959.5090697009582
724 1432.208223285881 1951.751232028124
725 1458.1245172393683 1941.0227270261385
726 1482.6758864979383 1927.4586059934227
727 1505.5532764173076 1911.2296151948976
728 1526.4687045420396 1892.540046494105
729 1545.1588857522256 1871.6251657105167
730 1561.3885465181302 1848.748251074052
731 1574.9533865426056 1824.1972790572327
732 1585.682650509967 1798.2812993038096
733 1593.441277567843 1771.3265442865668
734 1598.1316014842523 1743.6723226663307
735 1599.6945800781177 1715.6667480467004
736 1598.1315477762946 1687.6611851460766
737 1593.4411727675033 1660.0069810238783
738 1585.682497839327 1633.0522488472634
739 1574.9531897656925 1607.1362967787427
740 1561.388309870319 1582.5853567401064
741 1545.15861386478 1559.7084777806886
742 1526.468402362956 1538.7936357451254
743 1505.5529491298184 1520.10410821205
744 1482.6755394378597 1503.875160336669
745 1458.1241558126057 1490.3110833152896
746 1432.2078528872953 1479.5826227528742
747 1405.2528670002685 1471.8248293045908
748 1377.5985095078395 1467.1353586482
749 1349.5928955078089 1465.5732421872672
750 1049.4835205078089 1465.573364257696
751 1021.4784990062581 1467.136329192901
752 993.8248151012376 1471.8265163077158
753 966.870561901058 1479.5848874712829
754 940.9550283702811 1490.3137835238595
755 916.4044285009077 1503.8781535698217
756 893.5277950658783 1520.1072549427045
757 872.6130896426621 1538.796802442579
758 853.9235778722868 1559.7115397939342
759 837.6945155806025 1582.5882009538473
760 824.1301874754718 1607.1388239957741
761 813.4013356955802 1633.0543758551357
762 805.6430105791478 1660.008642309229
763 800.9528707062891 1687.662334226654
764 2477.5227050781177 1745.6777343746508
765 2479.438507905612 1775.0608955647913
766 2485.1750122012563 1803.9422559978557
767 2494.633970432511 1831.827172551013
768 2507.6533816213014 1858.2380679219496
769 2524.010265890258 1882.7226099640247
770 2543.4244833777775 1904.8614586546319
771 2565.563532116459 1924.2754480165895
772 2590.04824270292 1940.6320799894165
773 2616.4592722279413 1953.6512190326466
774 2644.3442862472584 1963.109889929823
775 2673.2257057892493 1968.84609662398
776 2702.60888671875 1970.7615966793965
777 2852.66357421875 1970.7614746092004
778 2882.0467308123334 1968.8459134501754
779 2910.9281187662746 1963.1096519663115
780 2938.8130951687344 1953.6509333960712
781 2965.224082351153 1940.6317543894402
782 2989.708747218421 1924.2750905396533
783 3011.847748222808 1904.8610775468405
784 3031.2619173015046 1882.722213417408
785 3047.6187537748665 1858.2376638699789
786 3060.638118986313 1831.8267684772145
787 3070.0970341534994 1803.9418587621767
788 3075.8334992593736 1775.0605112512712
789 3077.7492675781177 1745.677368163655
790 3075.8334673887475 1716.2942271538777
791 3070.0969709564815 1687.4128858649055
792 3060.6380255436634 1659.5279864094337
793 3047.618631685349 1633.1171051380807
794 3031.2617686545163 1608.6325733321137
795 3011.847575562584 1586.4937302604085
796 2989.70855350047 1567.079741280817
797 2965.223870891641 1550.7231039885082
798 2938.8128695876876 1537.7039536287775
799 2910.927882925571 1528.2452653042856
800 2882.0464887495837 1522.509035147028
801 2852.6633300781177 1520.5935058588511
802 2702.6086425781286 1520.593627929571
803 2673.2254637265287 1522.5091598558938
804 2644.3440504066057 1528.2453978765989
805 2616.4590466469635 1537.7040990194655
806 2590.0480312434956 1550.723266709596
807 2565.5633383986096 1567.0799252399593
808 2543.424310717659 1586.4939386150218
809 2524.0101172433788 1608.632808363298
810 2507.653259531893 1633.1173681467772
811 2494.6338769899558 1659.528277639125
812 2485.174949004315 1687.41320445179
813 2479.4384760350295 1716.2945711067878
814 1059.0762939453089 247.90641784644686
815 1055.6311057675484 222.24264994933037
816 1039.8104745705095 201.743724787666
817 1015.8574829101599 191.90744018537225
818 990.1905987015562 195.34907575935358
819 969.6880550437854 211.16930028254865
820 959.8497314453089 235.12428283679765
821 963.2959297021735 260.7904471916845
822 979.1196995309947 281.2901199578191
823 1003.0762939453089 291.12423706025584
824 1028.7402289170204 287.67959726566914
825 1049.2395427144547 271.8593180209282
826 2639.5451660156177 467.302642822091
827 2636.5763763719115 441.5799924166058
828 2621.139052915958 420.7915942015243
829 2597.3732910156177 410.5126342770527
830 2571.6500263983544 413.4824815473403
831 2550.861859189783 428.92134288768284
832 2540.5842285156286 452.68847656226717
833 2543.5533791348244 478.41072581755
834 2558.9906607881785 499.19871026300825
835 2582.7561035156177 509.47750854486367
836 2608.4791212746786 506.50783552776556
837 2629.2672466758668 491.069362715818
838 5790.412597656246 997.0570068357629
839 5788.467349029797 971.2373135255766
840 5773.868013296535 949.8527407919755
841 5750.529785156239 938.6381225584773
842 5724.707673252084 940.5831455391017
843 5703.321617382706 955.1845561537775
844 5692.10791015625 978.5258789060754
845 5694.053135670787 1004.3455969825736
846 5708.652473945749 1025.7301957813906
847 5731.990722656246 1036.9448242184008
848 5757.812849438265 1034.9997900423477
849 5779.198907850088 1020.3983553491416
850 4590.60791015625 779.7669677732629
851 4588.2372129033465 753.9814553440665
852 4573.285962120179 732.839720393531
853 4549.76416015625 722.0120849605883
854 4523.977679123 724.3815176094067
855 4502.834735644043 739.3325294882525
856 4492.00634765625 762.8549194335938
857 4494.377044909255 788.6404318626155
858 4509.328295692427 809.7821668129181
859 4532.85009765625 820.6098022457445
860 4558.636578689398 818.2403695970424
861 4579.779522168348 803.2893577184295
862 6414.999999999996 1800.9999999998836
863 6254.999999999996 1800.9999999998836
864 6254.999999999996 1681.0
865 6284.999999999996 1681.0
866 6292.0710678118885 1678.0710678118048
867 6294.999999999996 1670.9999999998836
868 6294.999999999996 1630.9999999998836
869 6292.0710678118885 1623.9289321879623
870 6284.999999999996 1620.9999999997672
871 6254.999999999996 1620.9999999997672
872 6254.999999999996 1500.9999999997672
873 6414.999999999996 1500.9999999997672
874 6414.999999999996 1620.9999999997672
875 6384.999999999996 1620.9999999997672
876 6377.928932188104 1623.9289321879623
877 6374.999999999996 1630.9999999998836
878 6374.999999999996 1670.9999999998836
879 6377.928932188104 1678.0710678118048
880 6384.999999999996 1681.0
881 6414.999999999996 1681.0
882 6404.999999999996 2609.9999999996508
883 6254.999999999996 2609.9999999996508
884 6254.999999999996 2239.999999999476
885 6276.213210139318 2231.213210139016
886 6284.999999999996 2209.999999999767
887 6276.213210139369 2188.78678986046
888 6254.999999999996 2179.9999999998836
889 6254.999999999996 1809.9999999997672
890 6404.999999999996 1809.9999999997672
891 6404.999999999996 2179.9999999998836
892 6383.786789860624 2188.78678986046
893 6374.999999999996 2209.999999999767
894 6383.786789860675 2231.213210139016
895 6404.999999999996 2239.999999999476
896 6574.999999999996 2440.999999999767
897 6414.999999999996 2440.999999999767
898 6414.999999999996 2320.9999999998836
899 6444.999999999996 2320.9999999998836
900 6452.071067811816 2318.071067811805
901 6454.999999999996 2311.000000000058
902 6454.999999999996 2270.999999999767
903 6452.0710678118885 2263.928932187846
904 6444.999999999996 2260.9999999995925
905 6414.999999999996 2260.9999999995925
906 6414.999999999996 2140.9999999995925
907 6574.999999999996 2140.9999999995925
908 6574.999999999996 2260.9999999995925
909 6544.999999999996 2260.9999999995925
910 6537.928932188104 2263.928932187846
911 6534.999999999996 2270.999999999767
912 6534.999999999996 2311.000000000058
913 6537.928932188177 2318.071067811805
914 6544.999999999996 2320.9999999998836
915 6574.999999999996 2320.9999999998836
916 6714.999999999996 2610.9999999998836
917 6594.999999999996 2610.9999999998836
918 6594.999999999996 2580.999999999767
919 6592.071067811816 2573.9289321880206
920 6584.999999999996 2571.0
921 6544.999999999996 2571.0
922 6537.928932188177 2573.9289321880206
923 6534.999999999996 2580.999999999767
924 6534.999999999996 2610.9999999998836
925 6414.999999999996 2610.9999999998836
926 6414.999999999996 2451.0
927 6534.999999999996 2451.0
928 6534.999999999996 2480.999999999767
929 6537.928932188155 2488.071067811572
930 6544.999999999996 2490.9999999996508
931 6584.999999999996 2490.9999999996508
932 6592.071067811838 2488.071067811572
933 6594.999999999996 2480.999999999767
934 6594.999999999996 2451.0
935 6714.999999999996 2451.0
936 8415.999999999996 2253.9999999998836
937 8296.000000000011 2253.9999999998836
938 8296.000000000011 2223.9999999996508
939 8293.071067811823 2216.928932187904
940 8285.999999999996 2213.9999999998836
941 8245.999999999996 2213.9999999998836
942 8238.928932188177 2216.928932187904
943 8235.999999999996 2223.9999999996508
944 8235.999999999996 2253.9999999998836
945 8115.999999999996 2253.9999999998836
946 8115.999999999996 2093.9999999998836
947 8235.999999999996 2093.9999999998836
948 8235.999999999996 2123.999999999767
949 8238.928932188155 2131.071067811572
950 8245.999999999996 2133.9999999996508
951 8285.999999999996 2133.9999999996508
952 8293.071067811845 2131.071067811572
953 8296.000000000011 2123.999999999767
954 8296.000000000011 2093.9999999998836
955 8415.999999999996 2093.9999999998836
956 8462.999999999996 2083.9999999996508
957 8092.999999999996 2083.9999999996508
958 8084.213210139369 2062.7867898603436
959 8062.999999999996 2053.999999999767
960 8041.786789860624 2062.7867898603436
961 8032.999999999996 2083.9999999996508
962 7662.999999999996 2083.9999999996508
963 7662.999999999996 1933.9999999998836
964 8032.999999999996 1933.9999999998836
965 8041.786789860602 1955.213210139249
966 8062.999999999996 1963.9999999998836
967 8084.213210139391 1955.213210139249
968 8092.999999999996 1933.9999999998836
969 8462.999999999996 1933.9999999998836
970 8329.999999999996 1923.9999999996508
971 7959.999999999996 1923.9999999996508
972 7951.213210139369 1902.7867898603436
973 7929.999999999996 1893.9999999997672
974 7908.786789860624 1902.7867898603436
975 7899.999999999996 1923.9999999996508
976 7529.999999999996 1923.9999999996508
977 7529.999999999996 1773.9999999997672
978 7899.999999999996 1773.9999999997672
979 7908.786789860624 1795.2132101390744
980 7929.999999999996 1803.9999999996508
981 7951.213210139369 1795.2132101390744
982 7959.999999999996 1773.9999999997672
983 8329.999999999996 1773.9999999997672
984 8196.999999999996 1763.9999999995925
985 7826.999999999996 1763.9999999995925
986 7818.213210139391 1742.7867898602271
987 7796.999999999996 1733.9999999996508
988 7775.786789860602 1742.7867898602271
989 7766.999999999996 1763.9999999995925
990 7396.999999999996 1763.9999999995925
991 7396.999999999996 1613.9999999997672
992 7766.999999999996 1613.9999999997672
993 7775.786789860631 1635.2132101390744
994 7796.999999999996 1643.9999999995925
995 7818.213210139362 1635.2132101390744
996 7826.999999999996 1613.9999999997672
997 8196.999999999996 1613.9999999997672
998 8174.999999999996 1603.9999999998836
999 7804.999999999996 1603.9999999998836
1000 7796.213210139442 1582.7867898604018
1001 7774.999999999996 1573.9999999996508
1002 7753.786789860551 1582.7867898604018
1003 7744.999999999996 1603.9999999998836
1004 7374.999999999996 1603.9999999998836
1005 7374.999999999996 1453.9999999995925
1006 7744.999999999996 1453.9999999995925
1007 7753.786789860551 1475.2132101391326
1008 7774.999999999996 1483.9999999998836
1009 7796.213210139442 1475.2132101391326
1010 7804.999999999996 1453.9999999995925
1011 8174.999999999996 1453.9999999995925
1012 8514.999999999996 1689.0
1013 8364.999999999996 1689.0
1014 8364.999999999996 1318.9999999997672
1015 8386.213210139369 1310.2132101391908
1016 8394.999999999996 1288.9999999998836
1017 8386.213210139464 1267.7867898603436
1018 8364.999999999996 1258.9999999995925
1019 8364.999999999996 888.9999999995925
1020 8514.999999999996 888.9999999995925
1021 8514.999999999996 1258.9999999995925
1022 8493.78678986053 1267.7867898603436
1023 8484.999999999996 1288.9999999998836
1024 8493.786789860624 1310.2132101391908
1025 8514.999999999996 1318.9999999997672
1026 8354.999999999996 1518.9999999998836
1027 8204.999999999996 1518.9999999998836
1028 8204.999999999996 1148.9999999998836
1029 8226.213210139442 1140.2132101391326
1030 8234.999999999996 1118.9999999996508
1031 8226.213210139369 1097.7867898603436
1032 8204.999999999996 1088.9999999997672
1033 8204.999999999996 718.9999999996508
1034 8354.999999999996 718.9999999996508
1035 8354.999999999996 1088.9999999997672
1036 8333.786789860624 1097.7867898603436
1037 8324.999999999996 1118.9999999996508
1038 8333.786789860551 1140.2132101391326
1039 8354.999999999996 1148.9999999998836
1040 8174.999999999996 1443.9999999998836
1041 7804.999999999996 1443.9999999998836
1042 7796.213210139464 1422.7867898602854
1043 7774.999999999996 1413.9999999994761
1044 7753.786789860529 1422.7867898602854
1045 7744.999999999996 1443.9999999998836
1046 7374.999999999996 1443.9999999998836
1047 7374.999999999996 1293.9999999996508
1048 7744.999999999996 1293.9999999996508
1049 7753.786789860551 1315.2132101391326
1050 7774.999999999996 1323.9999999998836
1051 7796.213210139442 1315.2132101391326
1052 7804.999999999996 1293.9999999996508
1053 8174.999999999996 1293.9999999996508
1054 8174.999999999996 1283.9999999997672
1055 7804.999999999996 1283.9999999997672
1056 7796.213210139369 1262.78678986046
1057 7774.999999999996 1253.9999999998836
1058 7753.786789860624 1262.78678986046
1059 7744.999999999996 1283.9999999997672
1060 7374.999999999996 1283.9999999997672
1061 7374.999999999996 1133.9999999995925
1062 7744.999999999996 1133.9999999995925
1063 7753.786789860507 1155.2132101391908
1064 7774.999999999996 1164.0
1065 7796.213210139485 1155.2132101391908
1066 7804.999999999996 1133.9999999995925
1067 8174.999999999996 1133.9999999995925
1068 8174.999999999996 1123.9999999997672
1069 7804.999999999996 1123.9999999997672
1070 7796.213210139369 1102.78678986046
1071 7774.999999999996 1093.9999999998836
1072 7753.786789860624 1102.78678986046
1073 7744.999999999996 1123.9999999997672
1074 7374.999999999996 1123.9999999997672
1075 7374.999999999996 974.0
1076 7744.999999999996 974.0
1077 7753.786789860653 995.213210139249
1078 7774.999999999996 1003.9999999997672
1079 7796.21321013934 995.213210139249
1080 7804.999999999996 974.0
1081 8174.999999999996 974.0
1082 8171.999999999996 963.9999999996508
1083 7801.999999999996 963.9999999996508
1084 7793.213210139369 942.7867898603436
1085 7771.999999999996 933.9999999997672
1086 7750.786789860624 942.7867898603436
1087 7741.999999999996 963.9999999996508
1088 7371.999999999996 963.9999999996508
1089 7371.999999999996 814.0
1090 7741.999999999996 814.0
1091 7750.786789860653 835.213210139249
1092 7771.999999999996 843.9999999997672
1093 7793.21321013934 835.213210139249
1094 7801.999999999996 814.0
1095 8171.999999999996 814.0
1096 8194.999999999996 803.9999999996508
1097 7824.999999999996 803.9999999996508
1098 7816.213210139369 782.7867898603436
1099 7794.999999999996 773.9999999997672
1100 7773.786789860624 782.7867898603436
1101 7764.999999999996 803.9999999996508
1102 7394.999999999996 803.9999999996508
1103 7394.999999999996 653.9999999997672
1104 7764.999999999996 653.9999999997672
1105 7773.786789860624 675.2132101390744
1106 7794.999999999996 683.9999999996508
1107 7816.213210139369 675.2132101390744
1108 7824.999999999996 653.9999999997672
1109 8194.999999999996 653.9999999997672
1110 7361.999999999996 1537.9999999997672
1111 7211.999999999996 1537.9999999997672
1112 7211.999999999996 1167.9999999996508
1113 7233.21321013934 1159.2132101391326
1114 7241.999999999996 1137.9999999998836
1115 7233.213210139391 1116.7867898605182
1116 7211.999999999996 1107.9999999998836
1117 7211.999999999996 737.9999999996508
1118 7361.999999999996 737.9999999996508
1119 7361.999999999996 1107.9999999998836
1120 7340.786789860602 1116.7867898605182
1121 7331.999999999996 1137.9999999998836
1122 7340.786789860653 1159.2132101391326
1123 7361.999999999996 1167.9999999996508
1124 8105.999999999996 2253.9999999998836
1125 7985.999999999996 2253.9999999998836
1126 7985.999999999996 2223.9999999996508
1127 7983.071067811816 2216.928932187904
1128 7975.999999999996 2213.9999999998836
1129 7935.999999999996 2213.9999999998836
1130 7928.928932188177 2216.928932187904
1131 7925.999999999996 2223.9999999996508
1132 7925.999999999996 2253.9999999998836
1133 7806.000000000011 2253.9999999998836
1134 7806.000000000011 2093.9999999998836
1135 7925.999999999996 2093.9999999998836
1136 7925.999999999996 2123.999999999767
1137 7928.928932188155 2131.071067811572
1138 7935.999999999996 2133.9999999996508
1139 7975.999999999996 2133.9999999996508
1140 7983.071067811838 2131.071067811572
1141 7985.999999999996 2123.999999999767
1142 7985.999999999996 2093.9999999998836
1143 8105.999999999996 2093.9999999998836
1144 9208.000976562496 2543.0981445310754
1145 9182.987634851346 2549.7938595089363
1146 9164.677892673524 2568.1037804264342
1147 9157.982421874996 2593.1171874995925
1148 9157.982421874996 2596.1181640620925
1149 8709.68818359375 2596.118359374639
1150 8261.393945312495 2596.1185546871857
1151 7813.099707031248 2596.118749999674
1152 7364.805468749993 2596.1189453122206
1153 6916.511230468746 2596.119140624767
1154 6914.711425781246 2593.118164062267
1155 6819.152832031246 2433.8227539057843
1156 6800.98534340259 2418.8849608029122
1157 6777.465332031246 2418.8188476560754
1158 6767.880555227148 2391.5636669013184
1159 6758.330439739457 2364.296321622911
1160 6748.815001006729 2337.016855900816
1161 6739.334254411475 2309.725313834555
1162 6729.888215280083 2282.4217395430896
1163 6720.476898882884 2255.1061771650566
1164 6711.100320434034 2227.7786708581843
1165 6701.758495091552 2200.439264799701
1166 6692.451437957283 2173.0880031860434
1167 6683.179164076853 2145.724930232798
1168 6673.941688439652 2118.3500901745865
1169 6664.739025978841 2090.9635272651794
1170 6655.571191571264 2063.5652857771493
1171 6646.438200037508 2036.1554100021021
1172 6637.340066141809 2008.7339442503871
1173 6628.276804592042 1981.3009328509797
1174 6619.248430039723 1953.8564201516565
1175 6610.254957079978 1926.4004505187622
1176 6601.296400251496 1898.93306833721
1177 6592.372774036525 1871.45431801019
1178 6583.48409286085 1843.9642439594027
1179 6574.630371093746 1816.4628906248836
1180 6824.541503906246 1738.1669921870925
1181 6839.259227323531 1725.8377807881334
1182 6840.894042968746 1706.7080078121508
1183 6823.568847656246 1652.3437500000582
1184 6811.276446093365 1637.742527917202
1185 6792.263183593746 1636.07080078125
1186 6778.0495379244785 1647.4674381272052
1187 6775.344238281246 1665.4838867185754
1188 6563.336425781246 1731.9047851560754
1189 6544.449707031246 1722.0878906247672
1190 6535.479632929997 1693.7994613185874
1191 6526.547458851932 1665.4990420950344
1192 6517.653200823381 1637.1866837313282
1193 6508.796874802651 1608.8624370263424
1194 6499.978496679982 1580.5263528000796
1195 6491.19808227754 1552.178481893905
1196 6482.455647349376 1523.8188751702546
1197 6473.751207581376 1495.4475835127523
1198 6465.0847785912665 1467.0646578257438
1199 6456.456375928585 1438.6701490347623
1200 6447.866015074633 1410.2641080858884
1201 6439.313711442457 1381.8465859459247
1202 6430.799480376812 1353.4176336023374
1203 6422.323337154146 1324.97730206314
1204 6413.885296982571 1296.5256423566025
1205 6405.485375001848 1268.0627055315417
1206 6397.123586283316 1239.5885426567402
1207 6388.79994582992 1211.103204821411
1208 6380.514468576144 1182.6067431345582
1209 6372.267169388 1154.0992087253835
1210 6364.05806306301 1125.5806527427048
1211 6355.887164330157 1097.0511263553053
1212 6347.754487849885 1068.510680751584
1213 6339.660048214038 1039.9593671394978
1214 6331.603859945873 1011.3972367466195
1215 6323.585937499996 982.8243408198468
1216 6319.010385460901 966.4869392378023
1217 6314.445312499996 950.1466064450797
1218 6547.213867187496 886.7197875972488
1219 6562.372499589332 874.9718415996176
1220 6564.748046874996 855.941467285098
1221 6550.379882812496 803.8477172847488
1222 6538.652003335705 788.7628884486621
1223 6519.695312499996 786.367248535098
1224 6505.066244877726 797.2220342620858
1225 6501.686523437496 815.1221313473652
1226 6326.568359374996 862.8389892575797
1227 6310.130078297025 841.6215788005502
1228 6283.498046874996 838.2853393553523
1229 6276.993910513553 814.5290064411238
1230 6270.5118964728135 790.7666278287652
1231 6264.052010372343 766.9982241190155
1232 6257.614257812496 743.2238159177941
1233 6263.6770313733905 738.553457115544
1234 6264.662109374996 730.9640502926777
1235 6259.456054687496 711.6447143553523
1236 6254.7908909755315 705.5777122292784
1237 6247.202148437496 704.5861206051777
1238 6239.6948399158755 676.4616608957876
1239 6232.1843409863395 648.3380530010327
1240 6224.670651745637 620.2152972829645
1241 6217.153772290392 592.0933941034018
1242 6209.633702717347 563.97234382428
1243 6202.110443123271 535.8521468074177
1244 6194.583993604992 507.7328034147504
1245 6187.054354259399 479.6143140080967
1246 6179.521525183318 451.49667894939194
1247 6171.985506473753 423.3798986003385
1248 6164.446298227649 395.2639733228716
1249 6156.903900542009 367.1489034788101
1250 6149.358313513952 339.0346894299146
1251 6141.809537240511 310.92133153800387
1252 6134.257571818893 282.8088301648386
1253 6126.702417346245 254.69718567217933
1254 6119.144073919804 226.58639842184493
1255 6111.582541636835 198.476468775596
1256 6104.017820594632 170.36739709507674
1257 6096.449910890577 142.25918374210596
1258 6088.878812622021 114.15182907832786
1259 6081.304525886433 86.04533346556127
1260 6073.727050781246 57.93969726539217
1261 6092.894594037625 47.93003057810711
1262 6106.043115793076 30.763070529152174
1263 6110.713378906246 9.649643897544593
1264 6586.454589843746 9.649458408064675
1265 7062.195800781246 9.649272918584757
1266 7481.352929687495 9.649109649530146
1267 7900.510058593743 9.648946380475536
1268 8319.6671875 9.648783111479133
1269 8738.824316406248 9.648619842424523
1270 9157.981445312496 9.648456573369913
1271 9164.677085351042 34.66164917964488
1272 9182.986804840471 52.971361686999444
1273 9207.999999999996 59.66699218726717
1274 9207.999999999996 458.31640624976717
1275 9207.999999999996 856.9658203122672
1276 9192.995117187496 871.9716796873836
1277 9032.854492187496 871.971740722598
1278 9024.889992613684 855.5920089207939
1279 9007.925781249996 848.9629516598652
1280 8990.238344187168 856.2852802222478
1281 8982.916015624996 873.9727172851562
1282 8982.916015624996 921.9902954099816
1283 8990.238344187263 939.6777324727154
1284 9007.925781249996 947.0000610348652
1285 9207.999999999996 946.9999999998836
1286 9207.999999999996 1334.1450195310754
1287 9207.999999999996 1721.2900390622672
1288 9192.995117187496 1736.2949218747672
1289 9012.846679687496 1736.2950439448468
1290 9004.881869538494 1719.9159299964667
1291 8987.917968749996 1713.2872314452543
1292 8970.230877192018 1720.6092148720054
1293 8962.908203124996 1738.2960205075797
1294 8962.908203124996 1789.315063476446
1295 8970.23035892817 1807.0028162552044
1296 8987.917968749996 1814.3253173825797
1297 9207.999999999996 1814.3251953122672
1298 9208.000488281246 2178.7116699217004
1299 7507.432617187496 629.8815307611949
1300 7477.638322470619 630.7461602269905
1301 7447.948489930441 633.3846115767374
1302 7418.468631006643 637.7875083075487
1303 7389.303510936723 643.9392034476041
1304 7360.55677644227 651.8178351622191
1305 7332.3305873902755 661.3954044462298
1306 7304.725253738365 672.6378746265545
1307 7277.838879054241 685.5052923214389
1308 7251.767011876193 699.9519294262864
1309 7226.602306153607 715.9264456219389
1310 7202.434191974269 733.3720708272303
1311 7179.3485577485735 752.2268069480779
1312 7157.427444980127 772.4236482055858
1313 7136.748756707446 793.8908192607341
1314 7117.385980652896 816.5520302886143
1315 7099.407928062723 840.3267480967334
1316 7082.87848916632 865.1304823228274
1317 7067.856406123759 890.8750856961706
1318 7054.395064268447 917.4690672943252
1319 7042.542302386853 944.8179176827543
1320 7032.34024270951 972.8244447814068
1321 7023.82514121741 1001.3891192652518
1322 7017.027258795879 1030.4104282704066
1323 7011.970753693702 1059.7852361496189
1324 7008.673595669814 1089.4091509947903
1325 7007.147502132491 1119.1768956239102
1326 7007.397896498191 1148.9826817140565
1327 7009.423888917841 1178.7205857509398
1328 7013.218279439181 1208.2849254587782
1329 7018.767583593875 1237.570635373122
1330 7026.052080318488 1266.4736402213457
1331 7035.04588203903 1294.8912247844855
1332 7045.717026669943 1322.7223989252816
1333 7058.027591200658 1349.868256486312
1334 7071.933826466015 1376.2323267815518
1335 7087.386312621649 1401.7209174330346
1336 7104.3301347717315 1426.2434473338653
1337 7122.705078124996 1449.7127685543965
1338 7345.585123697911 1717.973714192398
1339 7568.465169270832 1986.2346598303993
1340 7791.345214843746 2254.4956054684008
1341 7811.112068593586 2276.7918029783177
1342 7832.311124616095 2297.7309757013572
1343 7854.84943693985 2317.2213171084877
1344 7878.628187705621 2335.1773729835404
1345 7903.543120427294 2351.520416091953
1346 7929.48499709809 2366.1787913555163
1347 7956.340077137978 2379.0882300195517
1348 7983.990616082276 2390.192131435673
1349 8012.31538182517 2399.441811223631
1350 8041.190186154436 2406.7967147250893
1351 8070.488429247136 2412.2245948131895
1352 8100.0816547388495 2415.7016532777343
1353 8129.84011293275 2417.2126451676013
1354 8159.6333296793055 2416.750945630658
1355 8189.330678432201 2414.318578960432
1356 8218.801952972517 2409.9262097206665
1357 8247.917938289978 2403.5930959870457
1358 8276.550977118266 2395.347004911455
1359 8304.575529640588 2385.224090978503
1360 8331.868723911331 2373.268737488601
1361 8358.310894580634 2359.533361961716
1362 8383.78610755986 2344.078186316241
1363 8408.182668327525 2326.9709728295566
1364 8431.393611647149 2308.286727038445
1365 8453.317170549828 2288.1073688818724
1366 8473.857222525305 2266.521373528056
1367 8492.923710965279 2243.62338346045
1368 8510.43304001114 2219.513793523365
1369 8526.308441074889 2194.2983107471955
1370 8540.480309426366 2168.0874908822007
1371 8552.886509370965 2140.9962536733365
1372 8563.472646679762 2113.1433790021692
1373 8572.192307077767 2084.6509861031664
1374 8579.007259744434 2055.643998139538
1375 8583.8876249344 2026.2495944853872
1376 8586.812004983392 1996.5966531152953
1377 8587.767578124996 1966.8151855467004
1378 8587.767578124996 1548.4416503904504
1379 8587.767578124996 1130.0681152342004
1380 8586.931721191864 1100.98154321732
1381 8584.405240691613 1071.9928518914385
1382 8580.196693584589 1043.2002233252279
1383 8574.320333838175 1014.701175540511
1384 8566.796064149949 986.5922322276747
1385 8557.649368538983 958.9685958286282
1386 8546.91122603384 931.9238250948256
1387 8534.61800574938 905.549518212094
1388 8520.811343707897 879.9350025661406
1389 8505.538001821642 855.1670321985148
1390 8488.849709514518 831.3294939788175
1391 8470.80298851916 808.5031234871713
1392 8451.458961443004 786.7652315704618
1393 8430.883144751522 766.1894424972706
1394 8409.14522686991 746.8454445992829
1395 8386.318832154717 728.798754243122
1396 8362.481271534798 712.1104939324432
1397 8337.713280666245 696.8371852915152
1398 8312.09874648802 683.0305576316896
1399 8285.7244231045 670.7373727486702
1400 8258.679637957215 659.999266544939
1401 8231.05598928087 650.8526080123847
1402 8202.947035868452 643.3283760540071
1403 8174.447980196088 637.4520545610576
1404 8145.655345980867 633.2435461014975
1405 8116.666651263786 630.7171045119758
1406 8087.580078124996 629.8812866208609
1407 7797.506347656246 629.8814086909988
1408 9367.999999999996 2274.9999999995925
1409 9217.999999999996 2274.9999999995925
1410 9217.999999999996 1905.0
1411 9239.213210139464 1896.2132101391908
1412 9247.999999999996 1874.9999999996508
1413 9239.213210139369 1853.7867898603436
1414 9217.999999999996 1844.9999999997672
1415 9217.999999999996 1474.9999999997672
1416 9367.999999999996 1474.9999999997672
1417 9367.999999999996 1844.9999999997672
1418 9346.786789860624 1853.7867898603436
1419 9337.999999999996 1874.9999999996508
1420 9346.78678986053 1896.2132101391908
1421 9367.999999999996 1905.0
1422 9537.999999999996 1825.9999999996508
1423 9377.999999999996 1825.9999999996508
1424 9377.999999999996 1705.9999999997672
1425 9407.999999999996 1705.9999999997672
1426 9415.071067811838 1703.0710678116884
1427 9417.999999999996 1695.9999999998836
1428 9417.999999999996 1655.9999999997672
1429 9415.071067811816 1648.9289321880206
1430 9407.999999999996 1646.0
1431 9377.999999999996 1646.0
1432 9377.999999999996 1525.9999999997672
1433 9537.999999999996 1525.9999999997672
1434 9537.999999999996 1646.0
1435 9507.999999999996 1646.0
1436 9500.928932188177 1648.9289321880206
1437 9497.999999999996 1655.9999999997672
1438 9497.999999999996 1695.9999999998836
1439 9500.928932188155 1703.0710678116884
1440 9507.999999999996 1705.9999999997672
1441 9537.999999999996 1705.9999999997672
1442 10017.999999999996 2610.9999999998836
1443 9647.999999999996 2610.9999999998836
1444 9639.213210139413 2589.78678986046
1445 9617.999999999996 2580.999999999767
1446 9596.78678986058 2589.78678986046
1447 9587.999999999996 2610.9999999998836
1448 9217.999999999996 2610.9999999998836
1449 9217.999999999996 2460.999999999767
1450 9587.999999999996 2460.999999999767
1451 9596.786789860624 2482.2132101390744
1452 9617.999999999996 2490.9999999996508
1453 9639.213210139369 2482.2132101390744
1454 9647.999999999996 2460.999999999767
1455 10017.999999999996 2460.999999999767
1456 10827.999999999996 2610.9999999998836
1457 10457.999999999996 2610.9999999998836
1458 10449.213210139413 2589.78678986046
1459 10427.999999999996 2580.999999999767
1460 10406.78678986058 2589.78678986046
1461 10397.999999999996 2610.9999999998836
1462 10027.999999999996 2610.9999999998836
1463 10027.999999999996 2460.999999999767
1464 10397.999999999996 2460.999999999767
1465 10406.786789860624 2482.2132101390744
1466 10427.999999999996 2490.9999999996508
1467 10449.213210139369 2482.2132101390744
1468 10457.999999999996 2460.999999999767
1469 10827.999999999996 2460.999999999767
1470 11637.999999999996 2610.9999999998836
1471 11267.999999999996 2610.9999999998836
1472 11259.213210139413 2589.78678986046
1473 11237.999999999996 2580.999999999767
1474 11216.786789860587 2589.78678986046
1475 11208.000000000011 2610.9999999998836
1476 10837.999999999996 2610.9999999998836
1477 10837.999999999996 2460.999999999767
1478 11208.000000000011 2460.999999999767
1479 11216.786789860638 2482.2132101390744
1480 11237.999999999996 2490.9999999996508
1481 11259.213210139369 2482.2132101390744
1482 11267.999999999996 2460.999999999767
1483 11637.999999999996 2460.999999999767
1484 11947.999999999996 2522.999999999767
1485 11827.999999999996 2522.999999999767
1486 11827.999999999996 2492.9999999998836
1487 11825.071067811888 2485.9289321879623
1488 11817.999999999996 2482.999999999767
1489 11777.999999999996 2482.999999999767
1490 11770.928932188104 2485.9289321879623
1491 11767.999999999996 2492.9999999998836
1492 11767.999999999996 2522.999999999767
1493 11647.999999999996 2522.999999999767
1494 11647.999999999996 2362.999999999767
1495 11767.999999999996 2362.999999999767
1496 11767.999999999996 2392.9999999996508
1497 11770.928932188082 2400.07106781163
1498 11777.999999999996 2402.9999999998836
1499 11817.999999999996 2402.9999999998836
1500 11825.07106781191 2400.07106781163
1501 11827.999999999996 2392.9999999996508
1502 11827.999999999996 2362.999999999767
1503 11947.999999999996 2362.999999999767
1504 11990.106445312496 2339.873535156192
1505 11976.100585937496 2353.87841796875
1506 11530.833789062493 2353.878515624965
1507 11085.566992187498 2353.87861328118
1508 10640.300195312495 2353.878710937337
1509 10195.0333984375 2353.878808593552
1510 9749.766601562496 2353.878906249767
1511 9284.591796874996 2353.878906249767
1512 9284.591796874996 2334.8710937498836
1513 9403.636718749996 2266.1406249998836
1514 9427.666720449244 2250.7040867276955
1515 9450.119881263421 2233.0523654249846
1516 9470.792693802203 2213.345449957764
1517 9489.497787113007 2191.7619567342335
1518 9506.065624944069 2168.4975107898936
1519 9520.346042360117 2143.7629727121675
1520 9532.209606783497 2117.7825274760253
1521 9541.54879112457 2090.791652511689
1522 9548.278948368661 2063.0349834218505
1523 9552.339078786226 2034.7640966920299
1524 9553.692382812496 2006.2352294921875
1525 9553.692382812496 1569.584838867071
1526 9551.665430060155 1541.107671917649
1527 9545.604491800255 1513.2092382279807
1528 9535.633068373809 1486.4580085407943
1529 9521.954341885717 1461.3990776659339
1530 9504.847036076968 1438.54305738915
1531 9484.659736927217 1418.3556720219203
1532 9461.803789713686 1401.2482685982832
1533 9436.744917259104 1387.5694350869162
1534 9409.993730158782 1377.5978974095779
1535 9382.095322354846 1371.5368399992003
1536 9353.618164062511 1369.5097656246508
1537 9311.044921874996 1369.5097656246508
1538 9289.904473817562 1374.1924581145868
1539 9272.726113901834 1387.373888371978
1540 9262.731445312489 1406.5820312497672
1541 9256.582031249996 1429.5322265622672
1542 9236.658203124996 1429.5322265622672
1543 9233.608398437496 1209.4492187497672
1544 9228.135091145832 814.3007818856277
1545 9222.66178385416 419.15234502142994
1546 9217.188476562496 24.003908157290425
1547 9230.999999999996 9.999999999883585
1548 9688.51676432291 9.999910990241915
1549 10146.033528645832 9.999821980658453
1550 10603.550292968746 9.999732971016783
1551 11061.06705729166 9.999643961375114
1552 11518.583821614582 9.999554951791652
1553 11976.100585937496 9.999465942149982
1554 11990.106445312496 24.004344939952716
1555 11990.106445312496 485.84420522028813
1556 11990.106445312496 947.6840655005653
1557 11990.106445312496 1409.5239257809008
1558 11990.106445312496 1874.6987304685754
GTSP_SET_SECTION
1 1 -1
2 2 3 4 5 6 7 8 9 10 11 12 13 14 15 -1
3 16 17 18 19 20 21 22 23 24 25 26 27 28 29 -1
4 30 31 32 33 34 35 36 37 38 39 40 41 42 43 -1
5 44 45 46 47 48 49 50 51 52 53 54 55 56 57 -1
6 58 59 60 61 62 63 64 65 66 67 68 69 70 71 -1
7 72 73 74 75 76 77 78 79 80 81 82 83 84 85 -1
8 86 87 88 89 90 91 92 93 94 95 96 97 98 99 -1
9 100 101 102 103 104 105 106 107 108 109 110 111 112 113 114 115 116 117 118 119 -1
10 120 121 122 123 124 125 126 127 128 129 130 131 132 133 134 135 136 137 138 139 -1
11 140 141 142 143 144 145 146 147 148 149 150 151 152 153 -1
12 154 155 156 157 158 159 160 161 162 163 164 165 166 167 -1
13 168 169 170 171 172 173 174 175 176 177 178 179 180 181 -1
14 182 183 184 185 186 187 188 189 190 191 192 193 194 195 -1
15 196 197 198 199 200 201 202 203 204 205 206 207 208 209 -1
16 210 211 212 213 214 215 216 217 218 219 220 221 222 223 -1
17 224 225 226 227 228 229 230 231 232 233 234 235 236 237 -1
18 238 239 240 241 242 243 244 245 246 247 248 249 250 251 -1
19 252 253 254 255 256 257 258 259 260 261 262 263 264 265 -1
20 266 267 268 269 270 271 272 273 274 275 276 277 278 279 280 281 282 283 284 285 -1
21 286 287 288 289 290 291 292 293 294 295 296 297 298 299 -1
22 300 301 302 303 304 305 306 307 308 309 310 311 312 313 314 315 316 317 318 319 -1
23 320 321 322 323 324 325 326 327 328 329 330 331 332 333 334 335 336 337 338 339 -1
24 340 341 342 343 344 345 346 347 348 349 350 351 352 353 354 355 356 357 358 359 -1
25 360 361 362 363 364 365 366 367 368 369 370 371 372 373 374 375 376 377 378 379 -1
26 380 381 382 383 384 385 386 387 388 389 390 391 392 393 394 395 396 397 398 399 -1
27 400 401 402 403 404 405 406 407 408 409 410 411 412 413 414 415 416 417 418 419 -1
28 420 421 422 423 424 425 426 427 428 429 430 431 432 433 434 435 436 437 438 439 440 441 442 443 444 445 446 447 448 449 450 451 452 453 454 455 456 457 458 459 460 461 462 463 464 465 466 467 468 469 470 471 472 473 474 475 476 477 478 479 480 481 482 483 484 485 486 487 488 489 490 491 492 493 494 495 496 497 498 499 500 501 502 503 504 505 506 507 508 509 510 511 512 513 514 515 516 517 518 519 520 521 522 523 524 525 526 527 528 529 530 531 532 533 534 535 536 537 538 539 540 541 542 543 544 545 546 547 548 549 550 551 552 553 554 555 556 557 558 559 560 561 562 563 564 565 566 567 568 569 570 571 572 573 574 575 576 577 578 579 580 581 582 583 584 585 586 587 588 589 590 591 592 593 594 595 596 597 598 599 600 601 602 603 604 605 606 607 608 609 610 611 612 613 614 615 616 617 618 619 620 621 622 623 624 625 626 627 628 629 630 631 632 633 634 635 636 637 638 639 640 641 642 643 644 645 646 647 648 649 650 651 652 653 654 655 656 657 658 659 660 661 662 663 664 665 666 667 668 669 670 671 672 673 674 675 676 677 678 679 680 681 682 683 684 685 686 687 688 689 690 691 692 693 694 695 696 697 698 699 700 701 702 703 704 705 -1
29 706 707 708 709 710 711 712 713 714 715 716 717 718 719 720 721 722 723 724 725 726 727 728 729 730 731 732 733 734 735 736 737 738 739 740 741 742 743 744 745 746 747 748 749 750 751 752 753 754 755 756 757 758 759 760 761 762 763 -1
30 764 765 766 767 768 769 770 771 772 773 774 775 776 777 778 779 780 781 782 783 784 785 786 787 788 789 790 791 792 793 794 795 796 797 798 799 800 801 802 803 804 805 806 807 808 809 810 811 812 813 -1
31 814 815 816 817 818 819 820 821 822 823 824 825 -1
32 826 827 828 829 830 831 832 833 834 835 836 837 -1
33 838 839 840 841 842 843 844 845 846 847 848 849 -1
34 850 851 852 853 854 855 856 857 858 859 860 861 -1
35 862 863 864 865 866 867 868 869 870 871 872 873 874 875 876 877 878 879 880 881 -1
36 882 883 884 885 886 887 888 889 890 891 892 893 894 895 -1
37 896 897 898 899 900 901 902 903 904 905 906 907 908 909 910 911 912 913 914 915 -1
38 916 917 918 919 920 921 922 923 924 925 926 927 928 929 930 931 932 933 934 935 -1
39 936 937 938 939 940 941 942 943 944 945 946 947 948 949 950 951 952 953 954 955 -1
40 956 957 958 959 960 961 962 963 964 965 966 967 968 969 -1
41 970 971 972 973 974 975 976 977 978 979 980 981 982 983 -1
42 984 985 986 987 988 989 990 991 992 993 994 995 996 997 -1
43 998 999 1000 1001 1002 1003 1004 1005 1006 1007 1008 1009 1010 1011 -1
44 1012 1013 1014 1015 1016 1017 1018 1019 1020 1021 1022 1023 1024 1025 -1
45 1026 1027 1028 1029 1030 1031 1032 1033 1034 1035 1036 1037 1038 1039 -1
46 1040 1041 1042 1043 1044 1045 1046 1047 1048 1049 1050 1051 1052 1053 -1
47 1054 1055 1056 1057 1058 1059 1060 1061 1062 1063 1064 1065 1066 1067 -1
48 1068 1069 1070 1071 1072 1073 1074 1075 1076 1077 1078 1079 1080 1081 -1
49 1082 1083 1084 1085 1086 1087 1088 1089 1090 1091 1092 1093 1094 1095 -1
50 1096 1097 1098 1099 1100 1101 1102 1103 1104 1105 1106 1107 1108 1109 -1
51 1110 1111 1112 1113 1114 1115 1116 1117 1118 1119 1120 1121 1122 1123 -1
52 1124 1125 1126 1127 1128 1129 1130 1131 1132 1133 1134 1135 1136 1137 1138 1139 1140 1141 1142 1143 -1
53 1144 1145 1146 1147 1148 1149 1150 1151 1152 1153 1154 1155 1156 1157 1158 1159 1160 1161 1162 1163 1164 1165 1166 1167 1168 1169 1170 1171 1172 1173 1174 1175 1176 1177 1178 1179 1180 1181 1182 1183 1184 1185 1186 1187 1188 1189 1190 1191 1192 1193 1194 1195 1196 1197 1198 1199 1200 1201 1202 1203 1204 1205 1206 1207 1208 1209 1210 1211 1212 1213 1214 1215 1216 1217 1218 1219 1220 1221 1222 1223 1224 1225 1226 1227 1228 1229 1230 1231 1232 1233 1234 1235 1236 1237 1238 1239 1240 1241 1242 1243 1244 1245 1246 1247 1248 1249 1250 1251 1252 1253 1254 1255 1256 1257 1258 1259 1260 1261 1262 1263 1264 1265 1266 1267 1268 1269 1270 1271 1272 1273 1274 1275 1276 1277 1278 1279 1280 1281 1282 1283 1284 1285 1286 1287 1288 1289 1290 1291 1292 1293 1294 1295 1296 1297 1298 -1
54 1299 1300 1301 1302 1303 1304 1305 1306 1307 1308 1309 1310 1311 1312 1313 1314 1315 1316 1317 1318 1319 1320 1321 1322 1323 1324 1325 1326 1327 1328 1329 1330 1331 1332 1333 1334 1335 1336 1337 1338 1339 1340 1341 1342 1343 1344 1345 1346 1347 1348 1349 1350 1351 1352 1353 1354 1355 1356 1357 1358 1359 1360 1361 1362 1363 1364 1365 1366 1367 1368 1369 1370 1371 1372 1373 1374 1375 1376 1377 1378 1379 1380 1381 1382 1383 1384 1385 1386 1387 1388 1389 1390 1391 1392 1393 1394 1395 1396 1397 1398 1399 1400 1401 1402 1403 1404 1405 1406 1407 -1
55 1408 1409 1410 1411 1412 1413 1414 1415 1416 1417 1418 1419 1420 1421 -1
56 1422 1423 1424 1425 1426 1427 1428 1429 1430 1431 1432 1433 1434 1435 1436 1437 1438 1439 1440 1441 -1
57 1442 1443 1444 1445 1446 1447 1448 1449 1450 1451 1452 1453 1454 1455 -1
58 1456 1457 1458 1459 1460 1461 1462 1463 1464 1465 1466 1467 1468 1469 -1
59 1470 1471 1472 1473 1474 1475 1476 1477 1478 1479 1480 1481 1482 1483 -1
60 1484 1485 1486 1487 1488 1489 1490 1491 1492 1493 1494 1495 1496 1497 1498 1499 1500 1501 1502 1503 -1
61 1504 1505 1506 1507 1508 1509 1510 1511 1512 1513 1514 1515 1516 1517 1518 1519 1520 1521 1522 1523 1524 1525 1526 1527 1528 1529 1530 1531 1532 1533 1534 1535 1536 1537 1538 1539 1540 1541 1542 1543 1544 1545 1546 1547 1548 1549 1550 1551 1552 1553 1554 1555 1556 1557 1558 -1
GTSP_SET_ORDERING
22 29 28 -1
23 29 28 -1
24 29 28 -1
25 29 28 -1
26 30 28 -1
27 30 28 -1
29 28 -1
30 28 -1
31 28 -1
32 28 -1
33 28 -1
34 28 -1
39 54 53 -1
40 54 53 -1
41 54 53 -1
42 54 53 -1
43 54 53 -1
44 54 53 -1
45 54 53 -1
46 54 53 -1
47 54 53 -1
48 54 53 -1
49 54 53 -1
50 54 53 -1
51 54 53 -1
52 54 53 -1
54 53 -1
EOF