NAME: Lc62v1232
TYPE: PCGTSP 
COMMENT: 
DIMENSION: 1233
GTSP_SETS: 63
EDGE_WEIGHT_TYPE: EUC_2D
NODE_COORD_SECTION
1 0.0 0.0
2 2215.000000000011 182.99998474144377
3 2207.6776695296794 200.67765427113045
4 2190.000000000011 207.99998474156018
5 2115.0 208.00000000034925
6 2115.0 53.000003814930096
7 2130.0 38.00000000046566
8 2180.000000000011 37.99998855649028
9 2207.677734375011 65.67771911656018
10 2213.097030675097 73.7883402633015
11 2215.000000000011 83.35545349156018
12 2295.000000000011 691.0000000002328
13 2280.0 691.0000000002328
14 2145.0 457.17321777390316
15 2144.9997558593786 226.00007629406173
16 2284.9997558593786 226.00000000046566
17 2284.9997558593786 233.00000000034925
18 2287.9286880475593 240.07106781215407
19 2294.9997558593786 243.00000000023283
20 2440.4777832031286 733.7557373049203
21 2320.000000000011 764.9134521489032
22 2305.0 738.9326782230055
23 2304.9998779296875 456.96637725865
24 2304.9997558593786 175.00007629429456
25 2302.117536849757 145.73653718840797
26 2293.581667123388 117.5975813542027
27 2279.7201751869034 91.66457249072846
28 2261.0657501095266 68.93410103814676
29 2238.3352705921097 50.27968578785658
30 2212.402255735815 36.41820506309159
31 2184.2632962113457 27.882347502047196
32 2154.9997558593786 25.00014114403166
33 2154.9997558593786 10.000140190473758
34 2439.9997558593786 10.000007629627362
35 2454.9997558593786 25.000000000349246
36 2454.999877929695 370.00000000046566
37 2455.000000000011 715.0000000004657
38 2802.3466796875 792.9989624025766
39 2609.2080078125 792.9990234377328
40 2594.000000000011 778.0000000004657
41 2593.002929687511 705.9990234378492
42 2620.675781250011 678.3261718752328
43 2628.78809516607 672.9033138194354
44 2638.358398437511 670.9990234377328
45 2777.346679687511 670.9989624028094
46 2795.024349217125 678.3212928731227
47 2802.3466796875 695.998962402693
48 3755.0 978.0000000002328
49 3521.1730957031286 1113.0001220706617
50 3086.11279296875 1113.0002441409742
51 2852.2858886718786 978.0003662112867
52 2851.0 963.0003662112867
53 3303.0 963.0001831057016
54 3755.0 963.0000000002328
55 3857.000000000011 1186.0000000003492
56 3850.0 1186.0000000003492
57 3842.928932188148 1188.928932188428
58 3840.000000000011 1196.0000000002328
59 3425.0 1196.0001220706617
60 3425.0 1181.000122070429
61 3658.8269042968786 1046.0001220705453
62 3857.000000000011 1046.0000000002328
63 3853.98876953125 1321.1927490237867
64 3728.27880859375 1289.4079589846078
65 3703.028922527861 1278.441246891045
66 3682.6083431762854 1259.9797881342238
67 3669.1591228577854 1235.9601296581095
68 3664.0920410156286 1208.9018554690992
69 3690.377205566794 1208.1986701979768
70 3716.6650280439026 1207.6030743456213
71 3742.9550680679495 1207.1150778892916
72 3769.2468852227903 1206.7346890042536
73 3795.5400390625 1206.4619140627328
74 3824.769761244297 1206.1982681695372
75 3854.0 1206.0000000003492
76 4121.1123046875 1377.7724609377328
77 4105.932145786272 1389.4206062483136
78 4086.9616699218786 1386.9230957033578
79 4022.0095214843786 1349.4230957032414
80 4074.5095214843786 1258.490356445429
81 4095.000000000011 1253.0000000001164
82 4138.30126953125 1278.0000000002328
83 4148.43115234375 1315.8101806642953
84 4149.069498204808 1325.5409388300031
85 4145.9365234375 1334.7756347657414
86 4051.703125 1277.9980468752328
87 4038.703125 1291.0000000002328
88 3916.000000000011 1291.0000000002328
89 3902.1484375 1266.9912109378492
90 3902.1484375 1102.9296875002328
91 3899.2743877076755 1073.6515178998234
92 3890.7410805887157 1045.497405465343
93 3876.8767531682643 1019.5503092397703
94 3858.214702270703 996.8082945167553
95 3835.472771046916 978.14614186564
96 3809.525736854237 964.2816983512603
97 3781.3716626002715 955.7482652635081
98 3752.0935058593786 952.8740844730055
99 3255.8122558593786 952.8742675783578
100 2759.5310058593786 952.8744506838266
101 2525.6247558593786 817.8267211917555
102 2525.6247558593786 802.8179321292555
103 3022.6481933593786 802.8177286786959
104 3519.6716308593786 802.8175252281362
105 4016.6950683593786 802.8173217775766
106 4026.9446029459286 827.5770294147078
107 4051.7028808593786 837.8300170903094
108 4306.0 1411.0000000003492
109 4186.0 1411.0000000003492
110 4140.50341796875 1152.9763793948805
111 4095.0068359375 894.9527587894117
112 4086.916731600588 866.1988304228289
113 4073.2895534870404 839.6180441034958
114 4054.6656877596215 816.2644617217593
115 4031.783664380495 797.0641702977009
116 4005.5508706830806 782.7785579719348
117 3977.0075688997276 773.9741211360088
118 3947.285644531261 771.0000000004657
119 3475.55627441407 771.0000000004657
120 3003.8269042968786 771.0000000004657
121 2770.0 636.0000000002328
122 2770.0 621.0000000002328
123 3145.2500000000036 621.0000000002328
124 3520.5000000000073 621.0000000002328
125 3895.7500000000073 621.0000000002328
126 4271.000000000011 621.0000000002328
127 4281.251262658479 645.7487373417243
128 4306.0 656.0000000002328
129 4306.0 1033.5000000002328
130 4515.0 1291.9998779300367
131 4330.0 1292.0000000002328
132 4315.000000000011 1277.0000000002328
133 4314.999755859382 977.5000000002328
134 4314.99951171875 678.0000000002328
135 4339.748249060289 667.7487373417243
136 4349.999511718761 643.0000000002328
137 4434.99951171875 642.9999389650766
138 4434.999755859375 893.6046447756235
139 4435.0 1144.2093505861703
140 4437.278837333808 1170.2565768822096
141 4444.046107332197 1195.512371347635
142 4455.0961899258145 1219.2093494669534
143 4470.093333955087 1240.6274905692553
144 4488.581858799029 1259.11601529154
145 4510.0 1274.113159179804
146 4515.0 1276.9998779301532
147 4886.000000000011 930.999938965193
148 4836.0 931.0000000001164
149 4830.0 937.0000000002328
150 4793.0 937.0000000002328
151 4778.0 922.0000000002328
152 4778.0 783.6298828128492
153 4798.500000000011 771.7939453127328
154 4801.794157805194 768.4998393608257
155 4803.0 764.0000000004657
156 4800.3639610307255 757.6360389696201
157 4794.0 755.0000000002328
158 4765.0 755.0000000002328
159 4765.0 856.98046875
160 4739.511715763008 853.1482436303049
161 4715.8495843050805 842.9285509939073
162 4695.585572313896 827.0003244531108
163 4680.0658962900925 806.4217375523876
164 4670.321588191058 782.5599052173784
165 4667.0 757.0000610355055
166 4670.407404206846 731.1181446196279
167 4680.397439276454 707.0000352389179
168 4696.289300302105 686.2893434608122
169 4716.999982380625 670.3974697942613
170 4741.118085663817 660.4074200041359
171 4767.0 657.0000000002328
172 4786.0 657.0000000002328
173 4811.881894684331 660.4074147385545
174 4835.999982380643 670.3974494492868
175 4856.710656539442 686.2893003023928
176 4872.602520033372 706.9999647615477
177 4882.592569464679 731.1180463603232
178 4886.000000000011 756.9999389649602
179 5196.11181640625 893.0078735355055
180 4911.005859375 893.0079956057016
181 4896.0 878.0000000003492
182 4896.0 692.9299926760141
183 4911.005859375 692.9299926760141
184 5196.11181640625 877.9998779300367
185 5145.0009765625 977.999938965193
186 5137.678646092165 995.6776084948797
187 5120.0009765625 1002.999938965193
188 5014.3544921875 1003.0000000004657
189 5004.782800194109 1001.0947302443674
190 4996.669921875 995.6699218754657
191 4969.0 968.0000000003492
192 4969.0 918.0000000005821
193 4984.0 903.0000000001164
194 5145.0009765625 902.999938965193
195 5314.4541015625 1211.0078125002328
196 5293.22975193075 1219.7945206771838
197 5284.442871093761 1241.0187988282414
198 4894.730957031257 1241.0189208986703
199 4505.01904296875 1241.0190429689828
200 4498.323490869399 1216.005494853016
201 4480.013548115981 1197.695552099729
202 4455.000000000011 1191.0000000004657
203 4455.000000000011 921.8989868168719
204 4455.000000000011 652.7979736331617
205 4476.22466534426 644.0114382090978
206 4485.011718750011 622.7869873050367
207 4595.052734375 622.7869873050367
208 4671.39599609375 811.7449951174203
209 4683.1189385945945 837.2666238414822
210 4697.177161389718 861.5801444719546
211 4713.447454947778 884.47246766428
212 4731.787222635252 905.7429597782902
213 4752.035730466454 925.2052012785571
214 4774.015515813531 942.688620558125
215 4797.533942730188 958.0399888674729
216 4822.384890257868 971.1247632477898
217 4848.35055891774 981.8282656955998
218 4875.20337955594 990.0566882285057
219 4902.708007812511 995.7379150390625
220 5314.4541015625 1060.9517822267953
221 1634.000000000011 1452.0000000001164
222 1400.1732177734411 1587.0001220707782
223 1172.000000000011 1587.0001220707782
224 1172.000000000011 1447.0001220708946
225 1179.0 1447.0001220708946
226 1186.0710678119576 1444.071189882583
227 1189.0 1437.0001220705453
228 1634.000000000011 1437.0000000004657
229 1666.669921875011 1399.330078125582
230 1639.000000000011 1427.0000000002328
231 1589.0 1427.0000000002328
232 1574.0 1412.0000000002328
233 1574.0 1250.9990234378492
234 1649.000000000011 1250.9990234378492
235 1666.6776695296649 1258.3213539080461
236 1674.0 1275.9990234377328
237 1674.0 1381.6455078129657
238 1672.0947302439345 1391.2171998064732
239 1561.000000000011 1372.999633789179
240 1147.0 1373.000000000582
241 1147.0 1358.0000000001164
242 1281.9998779296911 1222.9998779300367
243 1560.9998779296911 1222.9996337892953
244 1550.000000000011 1213.0000000003492
245 1280.905273437511 1213.0000000003492
246 1251.6269716674324 1215.8738695775392
247 1223.4727009434937 1224.4070472323801
248 1197.5254347854716 1238.2712983774254
249 1174.783252754194 1256.9333249913761
250 1156.1209486300904 1279.675279297633
251 1142.256380864641 1305.6223762751324
252 1133.7228596579298 1333.77654287091
253 1130.8486328125 1363.054809570429
254 1130.8486328125 1481.1016845706617
255 980.7930297851599 1481.1016845706617
256 980.7929687500109 1112.9610595705453
257 1005.8053232024249 1106.265913728741
258 1024.1149125402117 1087.9573968205368
259 1030.8115234375 1062.9454345706617
260 1295.91064453125 1062.9453735355055
261 1561.009765625 1062.9453125003492
262 1576.015625 1077.9531250003492
263 1576.015625 1197.9921875004657
264 5147.000000000011 1406.9993896487867
265 4754.500000000011 1406.9996948246844
266 4362.000000000011 1407.0000000004657
267 4362.000000000011 1392.0000000002328
268 4595.82666015625 1256.9998779300367
269 4877.913330078125 1256.9996337892953
270 5160.0 1256.999389648554
271 5160.0 1391.9993896487867
272 5139.0 1432.0000000002328
273 4957.134765625011 1537.0000000002328
274 4631.865234375011 1537.0000000002328
275 4450.0 1432.0000000002328
276 4450.0 1417.0000000002328
277 4794.5 1417.0000000002328
278 5139.0 1417.0000000002328
279 5631.1806640625 2557.9543457035907
280 5616.1728515625 2557.9543457035907
281 5431.1025390625 2237.3942871094914
282 5431.102294921875 1834.076232910389
283 5431.10205078125 1430.7581787112867
284 5430.548268985822 1400.773454366019
285 5428.8710275015765 1370.8305548848584
286 5426.0726833517 1340.9715589480475
287 5422.157169042086 1311.2384273265488
288 5417.129987035012 1281.6729439141927
289 5410.998202016541 1252.316657009651
290 5403.770430968521 1223.2108209279831
291 5395.456831059182 1194.3963380263885
292 5386.0690853692795 1165.9137012243737
293 5375.6203864739 1137.8029370986624
294 5364.12541790296 1110.1035496345721
295 5351.600333506485 1082.8544647105737
296 5338.06273475365 1056.0939753962448
297 5323.531645997464 1029.8596881389385
298 5308.02748773991 1004.1884699157672
299 5291.572047935064 979.1163964242442
300 5274.188451370526 954.67870138539
301 5255.901127170229 930.9097270295024
302 5236.735774464254 907.842875835835
303 5216.719326273891 885.5105635914952
304 5195.879911662756 863.9441738380119
305 5174.246816207069 843.1740137677407
306 5151.850440840721 823.2292716338998
307 5128.722259132912 804.1379757317482
308 5104.8947730584405 785.9269550106255
309 5080.401467322728 768.6218013714533
310 5055.27676230589 752.2468337027822
311 5029.555965691827 736.8250637046294
312 5003.275222850447 722.3781635513296
313 4976.471466042662 708.9264354346087
314 4949.182362519576 696.4887830339139
315 4921.446261588804 685.0826849502046
316 4893.302140722266 674.7241701442981
317 4864.78955078125 665.4277954105055
318 4855.820800781261 662.6865844730055
319 4827.332022814764 654.3588750140043
320 4798.645996123341 646.7383049882483
321 4769.780270204865 639.8295364977093
322 4740.752504493339 633.6367961789947
323 4711.580457555254 628.1638726183446
324 4682.281976225277 623.4141140335705
325 4652.874984687915 619.3904262251453
326 4623.377473511919 616.0952707993565
327 4593.807488644012 613.5306636618916
328 4564.183120368765 611.6981737846509
329 4534.522492241369 610.5989222455537
330 4504.843750000011 610.233581543318
331 4077.4082641601635 610.2337493899977
332 3649.97277832032 610.2339172367938
333 3222.537292480476 610.2340850834735
334 2795.1018066406286 610.2342529301532
335 2765.6818173566644 611.6687480323017
336 2736.5443047772897 615.9813929694938
337 2707.97015243418 623.1306141535752
338 2680.234813106734 633.047493605176
339 2653.605653477036 645.6364333176753
340 2628.339376734206 660.7760768147418
341 2604.679547974083 678.3204790191958
342 2582.8542462491496 698.100513151614
343 2563.073865902843 719.9255011017667
344 2545.5290883831512 743.5850515507627
345 2530.3890440871473 768.8510881292168
346 2517.799681956076 795.4800480563426
347 2507.882362538039 823.2152300681919
348 2500.732688081007 851.7892689990113
349 2496.419580934009 880.9267131629167
350 2494.9846191406286 910.3466796877328
351 2479.9846191406286 910.3466796877328
352 2479.9844970703125 485.1826267247088
353 2479.984375 60.018573761568405
354 2504.9963427592775 53.32195968821179
355 2523.304860520395 35.012362515321
356 2530.0 10.00000000023283
357 2965.8794642857138 9.99983024620451
358 3401.7589285714275 9.999660492059775
359 3837.6383928571413 9.999490738031454
360 4273.517857142859 9.999320984003134
361 4709.3973214285725 9.999151229974814
362 5145.276785714286 9.998981475830078
363 5581.15625 9.998811721801758
364 5587.852703641696 35.013414022745565
365 5606.1644288343705 53.323344118660316
366 5631.179687500011 60.01734542869963
367 5631.17988281251 559.6047454837244
368 5631.180078125006 1059.1921455386328
369 5631.180273437505 1558.7795455936575
370 5631.180468750001 2058.366945648566
371 4352.1953125 259.09207153355237
372 4345.967446408395 235.82787939580157
373 4328.936853410534 218.79943689447828
374 4305.671875000011 212.57450866722502
375 4282.410190271788 218.8020481832791
376 4265.382805175548 235.8301538208034
377 4259.15625 259.0921020510141
378 4265.382820445058 282.3540309310192
379 4282.4102034943535 299.38211776467506
380 4305.671875000011 305.60964965831954
381 4328.936857818258 299.38471889076754
382 4345.967451498644 282.3562701215269
383 5257.00048828125 2591.0000000004657
384 5242.00048828125 2591.0000000004657
385 5242.000325520832 2154.3333333337214
386 5242.000162760418 1717.6666666668607
387 5242.0 1281.0000000001164
388 5263.213203435593 1272.2132034357637
389 5272.0 1251.0000000002328
390 5372.000000000011 1251.0000000002328
391 5392.0 1285.6409912112867
392 5392.0 1642.8183593753492
393 5392.0 1999.9957275394117
394 5392.0 2357.1730957034742
395 5519.000000000011 2576.0000000001164
396 5493.109765465586 2585.5646702175727
397 5482.201171875011 2610.9179687503492
398 5455.666175366932 2610.865876527503
399 5429.131207827104 2610.8006772720255
400 5402.596275729753 2610.7223709996324
401 5376.061385549139 2610.630957729649
402 5349.5265437594935 2610.5264374841936
403 5322.991756835054 2610.4088102887617
404 5296.457031250011 2610.2780761722242
405 5281.784897165384 2610.199222093215
406 5267.11279296875 2610.114990234608
407 5267.2021484375 2595.1110839847242
408 5390.993164062511 2435.3081054690992
409 5510.8681640625 2441.697998047108
410 5525.0791015625 2457.4829101565992
411 6051.06982421875 2141.0058593753492
412 5871.0 2326.074951172108
413 5850.9921875 2326.074951172108
414 5850.9921875 2141.0061035157414
415 5866.0 2126.000000000233
416 6051.06982421875 2126.000000000233
417 6180.000000000007 1929.0000000002328
418 6024.9384765625 1929.0000000002328
419 6011.659179687507 1906.0000000004657
420 6007.998967993051 1902.339770409395
421 6002.9990234375 1901.0000000003492
422 5995.927955625681 1903.9289321883116
423 5992.9990234375 1911.0000000001164
424 5992.9990234375 1942.0000000002328
425 6094.9794921875 1942.0000000002328
426 6091.147264271523 1967.4882940179668
427 6080.927564024823 1991.1504331774777
428 6064.999326096593 2011.414449048927
429 6044.42072561619 2026.9341238200432
430 6020.5588794814685 2036.6784248097101
431 5994.9990234375 2040.0000000003492
432 5969.117118927199 2036.592582629295
433 5944.99902343742 2026.6025403786916
434 5924.288345318753 2010.7106781188631
435 5908.396483058976 1990.0000000001164
436 5898.40644080854 1965.8819045103155
437 5894.9990234375 1940.0
438 5894.9990234375 1918.0000000001164
439 5898.406440808591 1892.1180954899173
440 5908.396483059056 1868.0000000001164
441 5924.288345318848 1847.289321881486
442 5944.9990234375 1831.3974596216576
443 5969.11711892725 1821.4074173711706
444 5994.9990234375 1818.0000000001164
445 6189.0 1818.0000000001164
446 6189.0 1868.0000000002328
447 6195.0 1874.0000000002328
448 6195.0 1914.0000000001164
449 6278.005859375 1835.078002929804
450 6263.0 1835.078002929804
451 6087.93505859375 1770.0550537111703
452 6087.93505859375 1650.0080566407414
453 6102.94091796875 1635.000122070429
454 6263.0 1635.0000000003492
455 6278.005859375 1650.0079345705453
456 6382.677734375 1727.320312500582
457 6355.000000000007 1755.0000000002328
458 6305.0 1755.0000000002328
459 6290.0 1740.0000000003492
460 6290.0 1635.0000000003492
461 6365.000000000007 1635.0000000003492
462 6382.677669529672 1642.322330470779
463 6390.000000000007 1660.0000000004657
464 6390.000000000007 1709.6484375003492
465 6388.095909738702 1719.212398046977
466 6524.0 1490.0000000002328
467 6290.17333984375 1625.0000000004657
468 6132.89892578125 1625.0000000004657
469 6155.291015625 1509.8029785157414
470 6182.400720995312 1501.0270850753877
471 6194.0 1475.0000000002328
472 6524.0 1475.0000000002328
473 6566.708984375007 1430.1967773439828
474 6539.59927900468 1438.9726707843365
475 6528.0 1464.9997558596078
476 6198.0 1465.0000000004657
477 6198.0 1450.000000000582
478 6431.82666015625 1314.999877929804
479 6589.1005859375 1314.9997558596078
480 6599.019042968757 2560.9799804692157
481 6574.0052127620365 2567.6756951666903
482 6555.6952263357525 2585.9860390735557
483 6549.0 2611.0000000001164
484 6101.33251953125 2611.000366211054
485 5653.6650390625 2611.0007324219914
486 5598.64404296875 2611.0007324219914
487 5598.64404296875 2595.994628906483
488 5625.627761185373 2586.336217700853
489 5651.941926650063 2574.9796930691227
490 5677.479800536967 2561.9711207743967
491 5702.1377929117225 2547.363267822657
492 5725.8158829259555 2531.2153884235304
493 5748.418024534432 2513.592983635259
494 5769.852536089107 2494.5675356714055
495 5790.032472229708 2474.216217945679
496 5808.8759765625 2452.6215820313664
497 6035.342447916664 2175.829060872551
498 6261.808919270836 1899.036539713852
499 6488.275390625 1622.2440185550367
500 6506.123737495938 1598.9202622564044
501 6522.412649794031 1574.4819229091518
502 6537.07274390442 1549.0330971095245
503 6550.041574262585 1522.6821856822353
504 6561.263899345075 1495.5414319408592
505 6570.691916974116 1467.7264435804682
506 6578.285467933907 1439.3557002393063
507 6584.012207031257 1410.5500488282414
508 6599.01806640625 1410.5500488282414
509 6599.018391927086 1794.026692708605
510 6599.0187174479215 2177.503336588852
511 6731.9990234375 2610.346679687733
512 6634.9990234375 2610.346679687733
513 6617.321353907886 2603.0243492176523
514 6609.9990234375 2585.346679688082
515 6609.9990234375 2446.3583984379657
516 6611.903313819268 2436.788095166441
517 6617.326171875 2428.6757812503492
518 6644.9990234375 2401.002929687733
519 6717.0 2402.0000000003492
520 6731.9990234375 2417.2080078126164
521 6625.000000000007 2404.0000000003492
522 6610.0 2404.0000000003492
523 6609.999837239586 2032.666666666977
524 6609.999674479164 1661.3333333337214
525 6609.99951171875 1290.0000000003492
526 6624.99951171875 1290.0000000003492
527 6729.99951171875 1471.8653564455453
528 6729.999755859375 1846.9999389650766
529 6730.000000000007 2222.134521484608
530 7167.458007812507 1575.0008544925367
531 7160.1356773421285 1592.678524022107
532 7142.458007812507 1600.0008544924203
533 7011.6640625 1600.000976563082
534 7002.096949271683 1598.0980072380044
535 6993.986328125 1592.6787109377328
536 6966.30859375 1565.000976563082
537 6967.0 1515.0000000002328
538 6982.209960937507 1500.0009765627328
539 7167.458007812507 1500.0008544924203
540 7662.0 750.0000000004657
541 7277.0 750.0000000004657
542 6892.0 750.0000000004657
543 6507.0 750.0000000004657
544 6507.0 650.0000000002328
545 6892.0 650.0000000002328
546 7277.0 650.0000000002328
547 7662.0 650.0000000002328
548 7890.0 1305.0000000002328
549 7569.453125000007 1490.0704345707782
550 7216.283203125007 1490.070495605818
551 6863.113281250007 1490.0705566408578
552 6863.113281250007 1290.0002441407414
553 7205.4088541666715 1290.0001627606107
554 7547.704427083336 1290.00008138048
555 7890.0 1290.0000000003492
556 8138.39892578125 1280.0777587892953
557 7744.1053466796875 1280.0778198244516
558 7349.811767578125 1280.0778808596078
559 6955.5181884765625 1280.0779418948805
560 6561.224609375 1280.0780029300367
561 6532.138006886547 1280.9138225029455
562 6503.149283115905 1283.4402691833675
563 6474.356620439903 1287.648786108126
564 6445.857537192911 1293.5251193832373
565 6417.748557380357 1301.0493663606467
566 6390.124883760072 1310.196043046657
567 6363.080075398495 1320.9341704143444
568 6336.705730793954 1333.2273793267086
569 6311.091177640272 1347.0340337156085
570 6286.323170281314 1362.307371600531
571 6262.485595881335 1378.995663466514
572 6239.659190306142 1397.042387468391
573 6217.921264677549 1416.3864208648447
574 6197.345443527032 1436.9622470368631
575 6178.0014154356395 1458.700177386403
576 6159.954697004607 1481.5265873657772
577 6143.266410956145 1505.364165838575
578 6127.993079115848 1530.1321769249626
579 6114.186430978072 1555.746733448119
580 6101.8932285024275 1582.1210810528137
581 6091.155107734987 1609.165892035002
582 6082.008437790442 1636.7895678875502
583 6074.484197672988 1664.8985495363595
584 6068.60787135303 1693.3976342175156
585 6064.399361455107 1722.190297920606
586 6061.872921849397 1751.179022307857
587 6061.037109375 1780.2656250002328
588 6061.037109375 1805.273437500582
589 5910.9814453125 1805.273437500582
590 5910.9814453125 1467.6445312504657
591 5910.9814453125 1130.0156250002328
592 5935.99379976491 1123.3204791584285
593 5954.303389102708 1105.0119622502243
594 5961.0 1080.0000000004657
595 6460.589062500003 1079.9999023441924
596 6960.1781249999985 1079.999804687919
597 7459.7671875000015 1079.9997070315294
598 7959.356249999997 1079.9996093752561
599 8458.9453125 1079.9995117189828
600 8458.9462890625 1095.0073242189828
601 8417.224609375007 1248.2879638674203
602 8374.2275390625 1273.1121826175367
603 8355.257203145113 1275.6095758829033
604 8340.0771484375 1263.9615478517953
605 8302.5771484375 1199.0096435549203
606 8393.509765625007 1146.5096435549203
607 8414.0 1152.0000000001164
608 8439.000000000007 1195.3012695313664
609 8428.8671875 1233.1107177737867
610 8424.554882711796 1241.8568938572425
611 8537.0 726.0000000003492
612 8104.5 726.0000000003492
613 7672.0 726.0000000003492
614 7672.0 626.0000000001164
615 8104.5 626.0000000001164
616 8537.0 626.0000000001164
617 8676.0 900.0000000003492
618 8669.0 900.0000000003492
619 8661.928932188137 902.928932188428
620 8659.0 910.0000000003492
621 8226.0 910.0001729333308
622 7793.0 910.0003458661959
623 7360.0 910.000518799061
624 6927.0 910.0006917320425
625 6494.0 910.000864665024
626 6061.0 910.0010375978891
627 6061.0 895.0010375980055
628 6294.82666015625 760.000915527693
629 6771.061328124997 760.0007324222242
630 7247.2959960937515 760.0005493167555
631 7723.5306640624985 760.0003662112867
632 8199.765332031253 760.000183105818
633 8676.0 760.0000000003492
634 8650.32421875 1194.6738281252328
635 8642.211904833937 1200.0966861810302
636 8632.6416015625 1202.0009765628492
637 8493.6533203125 1202.0010986330453
638 8475.975650782791 1194.678768162732
639 8468.6533203125 1177.001098632929
640 8468.6533203125 1080.0010986331617
641 8661.7919921875 1080.0009765627328
642 8677.0 1095.0000000002328
643 8677.9970703125 1167.0009765627328
644 8792.0166015625 910.3466186525766
645 8777.0166015625 910.3466796877328
646 8775.581605778156 880.9266728431685
647 8771.268456772916 851.7891924906289
648 8764.118733112256 823.2151226508431
649 8754.201357815742 795.4799160920084
650 8741.611933942171 768.8509389774408
651 8726.471822980347 743.5848934677197
652 8708.92697492968 719.9253431230318
653 8689.146521348659 698.1003649611957
654 8667.321144934103 678.3203508055303
655 8643.661241348418 660.7759791167919
656 8618.394891014745 645.6363768614829
657 8591.76566043173 633.047489134944
658 8564.030254203302 623.1306722576264
659 8535.456040417637 615.9815239050658
660 8506.318473230618 611.6689615510404
661 8476.8984375 610.2345581057016
662 8049.4630126953125 610.234893799061
663 7622.027587890625 610.2352294924203
664 7194.592163085945 610.2355651858961
665 6767.156738281257 610.2359008792555
666 6737.478031972532 610.6012873320142
667 6707.817440865889 611.7005828446709
668 6678.193110633627 613.5331148933619
669 6648.623164764467 616.0977623767685
670 6619.1256934760095 619.392956302152
671 6589.718742647579 623.4166807451984
672 6560.420302780134 628.1664740832057
673 6531.248297990111 633.6394305009162
674 6502.220575043859 639.8322017687606
675 6473.354892439376 646.7409992904868
676 6444.668909542095 654.3615964216879
677 6416.18017578125 662.6893310550367
678 6407.21142578125 665.4305419924203
679 6378.698833152281 674.7269379037898
680 6350.554710511526 685.0854742940282
681 6322.818608746842 696.4915943294764
682 6295.529505355014 708.9292690091534
683 6268.72574966681 722.3810196897248
684 6242.445008954659 736.8279426487861
685 6216.724215498958 752.2497356501408
686 6191.599514687143 768.6247264740523
687 6167.1062142187 785.9299033737043
688 6143.278734487256 804.1409474132815
689 6120.150560209702 823.2322666435502
690 6097.754193370158 843.1770320660435
691 6076.121107544983 863.9472153354436
692 6055.281703673027 885.5136281485902
693 6035.265267333227 907.8459632620215
694 6016.099927589654 930.9128370832186
695 5997.812617461772 954.6818337732693
696 5980.429036075504 979.1195508014644
697 5963.973612548318 1004.1916458855849
698 5948.469471659009 1029.8628852528054
699 5933.93840135049 1056.0971931540407
700 5920.400822111238 1082.8577025607228
701 5907.8757582784165 1110.1068069745088
702 5896.38081130301 1137.8062132749474
703 5885.932135014511 1165.9169955333928
704 5876.544412920004 1194.3996497152839
705 5868.230837569441 1223.2141491947696
706 5861.0030920161735 1252.3200010047294
707 5854.871333398776 1281.6763027409324
708 5849.844178667241 1311.241800042102
709 5845.928692473593 1340.9749445653288
710 5843.13037724395 1370.8339523726609
711 5841.45316544595 1400.776862651226
712 5840.8994140625 1430.7615966799203
713 5840.89990234375 1834.079650879139
714 5840.900390625 2237.3977050782414
715 5655.830078125 2557.958007812733
716 5640.822265625 2557.958007812733
717 5640.8218750000015 2058.37060012843
718 5640.821484374999 1558.783192444127
719 5640.821093750001 1059.1957847599406
720 5640.8207031249985 559.6083770756377
721 5640.8203125 60.0209693913348
722 5665.835588245507 53.32695823709946
723 5684.147316082759 35.01700385240838
724 5690.84375 10.002376556629315
725 6126.723214285717 10.002037048572674
726 6562.6026785714275 10.001697540516034
727 6998.482142857145 10.001358032459393
728 7434.361607142862 10.001018524402753
729 7870.24107142858 10.000679016346112
730 8306.12053571429 10.000339508289471
731 8742.000000000007 10.00000000023283
732 8748.6951585661 35.012338327709585
733 8767.003673768668 53.32191199588124
734 8792.015625000007 60.018516540993005
735 8792.01611328125 485.1825675967848
736 6919.804687500007 259.09420776413754
737 6926.032568862633 282.35838055075146
738 6943.063159812926 299.3868042475078
739 6966.328125 305.61172485386487
740 6989.589814135739 299.3841827970464
741 7006.617199914297 282.35607089160476
742 7012.84375 259.09411621128675
743 7006.617174465158 235.8321937812725
744 6989.589792098188 218.8041132154176
745 6966.328125 212.5765838624211
746 6943.063128958202 218.8015222508693
747 6926.032533230238 235.82998982490972
748 9236.0 935.0000000004657
749 9002.1728515625 1070.0001220706617
750 8547.115234375 1070.0002848310396
751 8092.0576171875 1070.0004475914175
752 7637.0 1070.0006103517953
753 7181.9423828125 1070.0007731122896
754 6726.884765625 1070.0009358726675
755 6271.8271484375 1070.0010986330453
756 6038.0 935.0012207032414
757 6038.0 920.0012207033578
758 6494.857142857145 920.0010463171639
759 6951.714285714283 920.0008719310863
760 7408.5714285714275 920.0006975448923
761 7865.4285714285725 920.0005231586983
762 8322.285714285717 920.0003487725044
763 8779.142857142855 920.0001743864268
764 9236.0 920.0000000002328
765 9633.0 825.0000000002328
766 9485.775390625007 910.0000000003492
767 9217.5 910.0000000003492
768 8949.224609375 910.0000000003492
769 8802.000000000007 825.0000000002328
770 8802.000000000007 810.0000000002328
771 9217.5 810.0000000002328
772 9633.0 810.0000000002328
773 9746.0 665.0000000001164
774 9512.1728515625 800.0000610353891
775 9158.58642578125 800.0002136232797
776 8805.000000000007 800.0003662112867
777 8805.000000000007 660.0003662114032
778 8815.000000000007 660.0003662114032
779 8822.071067811907 657.071434023208
780 8825.0 650.0003662112867
781 9285.5 650.0001831057016
782 9746.0 650.0000000002328
783 9766.0 620.0000000004657
784 9733.359375 640.0000000002328
785 9285.50048828125 640.0001831057016
786 8837.6416015625 640.0003662112867
787 8805.000000000007 620.0003662112867
788 8805.000000000007 505.00036621140316
789 8818.000000000007 490.0003662110539
790 9285.5 490.00018310558517
791 9753.0 490.0000000001164
792 9766.0 505.0000000005821
793 9788.001953125 462.8309936528094
794 9302.818359375 471.54318237351254
795 8817.634765625 480.25537109421566
796 8802.630859375 465.5184020999586
797 8802.630859375 25.00538444542326
798 8817.636718750007 10.000377655145712
799 9302.818359375 10.000188827747479
800 9788.0 10.00000000023283
801 9803.005859375007 25.004993439186364
802 9803.005859375007 447.5549926763633
803 10708.0 1118.0000000002328
804 10692.7900390625 1132.9990234378492
805 10507.5419921875 1132.9990234378492
806 10507.5419921875 1057.9990234377328
807 10514.864322657791 1040.3213539079297
808 10532.5419921875 1032.9990234375
809 10663.335937500007 1032.9990234375
810 10672.903050728288 1034.9019927626941
811 10681.013671875007 1040.3212890628492
812 10708.69140625 1067.9990234376164
813 10895.0 1114.000000000582
814 10880.0 1129.0000000003492
815 10718.9990234375 1129.0000000003492
816 10718.9990234375 1054.0000000002328
817 10726.321353907835 1036.3223304705461
818 10743.9990234375 1029.0000000001164
819 10849.6455078125 1029.0000000001164
820 10859.217199805942 1030.905269756331
821 10867.330078125 1036.3300781254657
822 10895.0 1064.0000000001164
823 11052.000000000007 1443.000000000582
824 11032.0 1443.000000000582
825 11029.117792060504 1413.736451698118
826 11020.581929876731 1385.5974851457868
827 11006.720441845428 1359.6644650475355
828 10988.066017178033 1336.933982822462
829 10965.335534952988 1318.2795581549872
830 10939.402514854803 1304.4180701236473
831 10911.263548302442 1295.882207939867
832 10882.0 1293.0000000002328
833 10501.40625 1293.0000000002328
834 10422.0 1246.0000000001164
835 10422.0 1158.0000000003492
836 10435.0 1143.0000000003492
837 10726.0 1143.0000000003492
838 11017.0 1143.0000000003492
839 11027.251262658472 1167.7487373418408
840 11052.000000000007 1178.0000000003492
841 11009.0 1481.0000000003492
842 10861.775390625 1566.0000000002328
843 10510.224609375007 1566.0000000002328
844 10363.0 1481.0000000003492
845 10363.0 1466.0000000002328
846 10686.0 1466.0000000002328
847 11009.0 1466.0000000002328
848 10977.0 1456.0000000004657
849 10686.0 1456.0001220706617
850 10395.0 1456.0002441408578
851 10384.748737341528 1431.2515067993663
852 10360.0 1421.0002441409742
853 10360.0 1156.0002441407414
854 10380.0 1156.0002441407414
855 10382.882228777395 1185.2637751320144
856 10391.418105158999 1213.4027215088718
857 10405.279600541238 1239.335720459465
858 10423.934025980365 1262.0661824067356
859 10446.664503108695 1280.7205893477658
860 10472.597513339788 1294.582063625683
861 10500.73646666317 1303.1179171077674
862 10530.0 1306.000122070429
863 10910.59375 1306.0000000003492
864 10990.0 1353.0000000003492
865 10990.0 1441.0000000002328
866 5232.234375 2545.951171875582
867 5207.219110273854 2552.6451766785467
868 5188.907384142785 2570.9551153929206
869 5182.2109375 2595.9697265628492
870 4764.470052083336 2595.9697265628492
871 4346.7291666666715 2595.9697265628492
872 3928.9882812500073 2595.9697265628492
873 3511.2473958333394 2595.9697265628492
874 3093.506510416675 2595.9697265628492
875 2675.765625000011 2595.9697265628492
876 2231.9296875000073 2595.9697265628492
877 1788.0937500000073 2595.9697265628492
878 1344.2578125000073 2595.9697265628492
879 900.4218750000036 2595.9697265628492
880 456.5859375 2595.9697265628492
881 12.75 2595.9697265628492
882 12.75 2164.974772135727
883 12.75 1733.979817708605
884 12.75 1302.9848632814828
885 12.75 871.9899088544771
886 12.75 440.99495442735497
887 12.75 10.00000000023283
888 344.875 10.00000000023283
889 344.875 13.00097656273283
890 349.2689146070297 23.6144456154434
891 359.8828125000109 28.007324219099246
892 370.49671039297755 23.6144456154434
893 374.890625 13.00097656273283
894 374.890625 10.00000000023283
895 644.9921875000109 10.00000000023283
896 644.9921875000109 13.00097656273283
897 649.386102107037 23.6144456154434
898 660.0000000000109 28.007324219099246
899 670.6088465841603 23.61168193886988
900 675.0000000000109 13.00097656273283
901 675.0000000000109 10.00000000023283
902 1151.8489583333394 10.00000000023283
903 1628.6979166666715 10.00000000023283
904 2105.546875 10.00000000023283
905 2105.546875 244.54541015659925
906 2106.093072482581 274.3359983761329
907 2107.7482341068317 304.0855852329405
908 2110.510063911479 333.75290351896547
909 2114.3747308179336 363.2968001450645
910 2119.3368739445687 392.67629322689027
911 2125.3896100430866 421.85062893270515
912 2132.524543046624 450.77933801547624
913 2140.7317757163946 479.42229194927495
914 2149.9999233706367 507.7397585946601
915 2160.316129676932 535.6924573123688
916 2171.6660844858707 563.2416134517407
917 2184.0340436814295 590.3490121371578
918 2197.4028510204444 616.9770512779942
919 2211.753961930939 643.0887937282678
920 2227.0674692362663 668.6480185240507
921 2243.3221307694002 693.6192711277399
922 2260.4953988390553 717.9679126086412
923 2278.5634515067613 741.6601676923456
924 2297.5012256315313 764.6631716125412
925 2317.282451636249 786.9450156992534
926 2337.8796899475747 808.4747916409979
927 2359.2643690588156 829.2226343592629
928 2381.406825162947 849.1597634361824
929 2404.2763433008513 868.2585230371915
930 2427.8411999676136 886.4924202736001
931 2452.068707117891 903.8361619529314
932 2476.9252575091814 920.2656896637054
933 2502.3763713202025 935.7582131486852
934 2528.3867439796413 950.2922419181559
935 2554.920295139 963.8476150605129
936 2581.9402187214946 976.4055292084813
937 2609.409033977732 987.9485646226676
938 2637.2886374771806 998.4607093547238
939 2665.540355963458 1007.9273814589251
940 2694.125 1016.3354492189828
941 3119.6812500000015 1133.0736328127095
942 3545.237500000003 1249.8118164064363
943 3970.793750000008 1366.550000000163
944 4396.3500000000095 1483.2881835938897
945 4821.906250000011 1600.0263671876164
946 4850.76770262135 1606.4452263085404
947 4880.120831902965 1609.9919150746427
948 4909.680525942778 1610.6319838992786
949 4939.159666440333 1608.359215685632
950 4968.271917525333 1603.195686215302
951 4996.734506986311 1595.1915497219888
952 5024.270972884871 1584.4245517352829
953 5050.61384887719 1570.9992739250883
954 5075.5072621597865 1555.046118282131
955 5098.709418805276 1536.7200405013282
956 5119.994952347613 1516.1990448713768
957 5139.157112804656 1493.682455288479
958 5156.009774875642 1469.3889791899128
959 5170.389245807688 1443.554583212128
960 5182.155855371115 1416.430201206007
961 5191.195312500011 1388.2792968752328
962 5217.265625 1290.9711914065992
963 5232.234375 1290.9711914065992
964 5232.234375 1709.2978515629657
965 5232.234375 2127.6245117192157
966 900.0859375000109 1299.4843750001164
967 901.520910518775 1328.9043333452428
968 905.8340272936402 1358.0417683778796
969 912.9837097097261 1386.6157974592643
970 922.9010353769627 1414.3509691408835
971 935.4904020366121 1440.979918494937
972 950.6304491597439 1466.2459444924025
973 968.1752278533932 1489.9054845806677
974 987.9556077967281 1511.7304626079276
975 1009.7809076443264 1531.5104874602985
976 1033.4407331797665 1549.054881215212
977 1058.7070054996948 1564.1945172626292
978 1085.3361596769864 1576.7834506725194
979 1113.0714927079498 1586.7003250921844
980 1141.6456381095923 1593.8495426131412
981 1170.783143312001 1598.1621853266843
982 1200.203125000011 1599.5966796877328
983 1400.28125 1599.5966796877328
984 1429.700708192544 1598.1614669051487
985 1458.837628993886 1593.8482080106623
986 1487.411144026988 1586.6984811119037
987 1515.145815923297 1576.7812067444902
988 1541.7742934298658 1564.1919835056178
989 1567.0398885695722 1549.0521665215492
990 1590.6990510115502 1531.5076976319542
991 1612.5237157999145 1511.727698568604
992 1632.303501809627 1489.9028406884754
993 1649.8477397372153 1466.243506978266
994 1664.987310077333 1440.977764044539
995 1677.5762733678384 1414.349163642968
996 1687.493276988389 1386.61439493543
997 1694.6427249516491 1358.040810107952
998 1698.9556994107406 1328.9038472018437
999 1700.390625000011 1299.4843750001164
1000 1698.955789212654 1270.064837361453
1001 1694.642891775522 1240.927801405429
1002 1687.493507483974 1212.3541377821239
1003 1677.5765538564956 1184.619286433095
1004 1664.9876267943655 1157.9906014481094
1005 1649.8480790712092 1132.7247738671722
1006 1632.3038505354816 1109.0653572706506
1007 1612.5240613023052 1087.2404200084275
1008 1590.6993814957714 1067.460346703534
1009 1567.0401932568748 1049.9158102181973
1010 1541.7745627345685 1034.775933636236
1011 1515.1460416093214 1022.1866599761415
1012 1487.4113193416597 1012.269345352659
1013 1458.8377487771722 1005.1195891468087
1014 1429.7007689602942 1000.806312462315
1015 1400.28125 999.3710937502328
1016 1200.203125000011 999.3710937502328
1017 1170.7830825441088 1000.8055940393824
1018 1141.6455183257603 1005.1182545416523
1019 1113.071317392154 1012.267501368653
1020 1085.3359339891394 1022.184416043805
1021 1058.7067361924164 1034.7733998744516
1022 1033.4404284891534 1049.9130955197616
1023 1009.7805771561325 1067.4575568704167
1024 987.9552622898409 1087.2376559645636
1025 968.1748791227001 1109.0627133745002
1026 950.6301098207914 1132.7223363496596
1027 935.4900853147592 1157.9884469950339
1028 922.9007548838999 1184.6174809334334
1029 912.9834792104339 1212.3527352571255
1030 905.8338604670389 1240.9268431349192
1031 901.5208207153846 1270.0643512179377
1032 1525.328125 2555.955078125233
1033 1518.0037257672157 2538.2655676574213
1034 1500.3125 2530.945312500233
1035 1482.6263257846986 2538.2683320540236
1036 1475.3046875 2555.955078125233
1037 1482.626325784695 2573.641824196442
1038 1500.3125 2580.9648437503492
1039 1518.0037257672193 2573.6445885930443
1040 1050.1484375 53.01611328148283
1041 1057.4699030323718 70.70317506196443
1042 1075.15625 78.02636718784925
1043 1125.171875000011 78.02636718784925
1044 1142.8582219676318 70.70317506196443
1045 1150.1796875 53.01611328148283
1046 1142.8577037240611 35.32999862392899
1047 1125.171875000011 28.007324219099246
1048 1075.15625 28.007324219099246
1049 1057.4704212759425 35.32999862392899
1050 11987.2509765625 2610.969482422108
1051 11543.4150390625 2610.9696451824857
1052 11099.5791015625 2610.96980794298
1053 10655.7431640625 2610.969970703358
1054 10211.9072265625 2610.9701334637357
1055 9768.0712890625 2610.97029622423
1056 9324.2353515625 2610.970458984608
1057 8906.494466145836 2610.9706217449857
1058 8488.753580729164 2610.9707845053636
1059 8071.0126953125 2610.970947265858
1060 7653.271809895836 2610.9711100262357
1061 7235.530924479164 2610.9712727866136
1062 6817.7900390625 2610.9714355469914
1063 6811.093592419755 2585.9568243769463
1064 6792.781866288686 2567.6468856625725
1065 6767.7666015625 2560.9528808594914
1066 6767.766438802086 2142.626261393423
1067 6767.766276041664 1724.299641927355
1068 6767.76611328125 1305.9730224612867
1069 6782.734863281257 1305.9729003909742
1070 6808.80517578125 1403.2810058597242
1071 6817.844642058633 1431.4319016038207
1072 6829.611259393991 1458.556274375529
1073 6843.990736687483 1484.3906606569653
1074 6860.843403698476 1508.6841267824639
1075 6880.005567685657 1531.2007062985795
1076 6901.291103381685 1551.721691945102
1077 6924.493260858719 1570.0477599954465
1078 6949.386673724643 1586.0009063202888
1079 6975.7295481440815 1599.426175371511
1080 7003.266011421925 1610.1931652907515
1081 7031.728597337125 1618.1972945247544
1082 7060.840844086306 1623.3608176426496
1083 7090.319979602995 1625.633580490714
1084 7119.879668169451 1624.9935073475353
1085 7149.232791642848 1621.446815349278
1086 7178.09423828125 1615.0279541019117
1087 7603.650390625 1498.2895996096777
1088 8029.20654296875 1381.55124511756
1089 8454.7626953125 1264.812890625326
1090 8880.31884765625 1148.0745361332083
1091 9305.875 1031.3361816409742
1092 9334.45964902886 1022.928112313035
1093 9362.71137238366 1013.4614382714499
1094 9390.590980607347 1002.949291239609
1095 9418.059800423405 991.406253171619
1096 9445.0797283816 978.8483360250248
1097 9471.61328371329 965.2929595496971
1098 9497.623660322992 950.7589271242032
1099 9523.074777844056 935.2663996720221
1100 9547.931331687621 918.83686769614
1101 9572.15884201551 901.4931214676471
1102 9595.723701569012 883.2592194126919
1103 9618.593222287287 864.1604547394672
1104 9640.735680650723 844.2233203528449
1105 9662.120361686262 823.4754721045028
1106 9682.717601573808 801.9456904303515
1107 9702.498828794436 779.663840426947
1108 9721.43660376349 756.6608304250985
1109 9739.504656893449 732.9685691142222
1110 9756.677925033895 708.6199212811189
1111 9772.932586237883 683.6486622205703
1112 9788.246092806672 658.0894308844581
1113 9802.597202566802 631.9776818319224
1114 9815.966008336218 605.3496360488934
1115 9828.333965538615 578.2422307033557
1116 9839.683917927578 550.6930679085199
1117 9850.000121384888 522.7403625627048
1118 9859.268265760089 494.4228893391555
1119 9867.475494720777 465.7799289000686
1120 9874.610423586346 436.8512134081684
1121 9880.663155120274 407.67687141208444
1122 9885.625293259072 378.29737218189985
1123 9889.489954758952 348.7534695721697
1124 9892.251778743906 319.08614548982587
1125 9893.906934142069 289.33655304671265
1126 9894.453125 259.5459594730055
1127 9894.453125 25.000556946150027
1128 10371.302083333336 25.000371297588572
1129 10848.151041666664 25.0001856489107
1130 11325.0 25.000000000349246
1131 11325.0 28.00097656273283
1132 11329.391156114762 38.61167700635269
1133 11340.0 43.0073165895883
1134 11350.613899242737 38.61443663807586
1135 11355.007812500007 28.00096511875745
1136 11355.007812500007 24.99998855625745
1137 11625.109375 24.999883651849814
1138 11625.109375 28.00086021446623
1139 11629.503291631692 38.61432556738146
1140 11640.117187500007 43.00720214890316
1141 11650.731087417735 38.61432152322959
1142 11655.125 28.000848770374432
1143 11655.125 24.999872207874432
1144 11987.25 24.999742508050986
1145 11987.250162760414 455.9946991603356
1146 11987.250325520836 886.9896558127366
1147 11987.25048828125 1317.9846124651376
1148 11987.250651041664 1748.9795691174222
1149 11987.250813802086 2179.974525769707
1150 11099.9150390625 1314.4844970705453
1151 11098.480144307163 1285.0644166092388
1152 11094.167081953194 1255.926854075049
1153 11087.017429924432 1227.3526955891866
1154 11077.10011087099 1199.6173960576998
1155 11064.51072775486 1172.9883237857139
1156 11049.370642237285 1147.7221830470953
1157 11031.825804752312 1124.0625394543167
1158 11012.04534754446 1102.2374719870277
1159 10990.219954233806 1082.4573743091896
1160 10966.560021625766 1064.912926575169
1161 10941.293631485743 1049.773257272318
1162 10914.664351830783 1037.1843128224136
1163 10886.928888933704 1027.2674506576732
1164 10858.354612674506 1020.1182693360606
1165 10829.216979094519 1015.8056869697757
1166 10799.796875 1014.371276855818
1167 10599.71875 1014.3713989258977
1168 10570.299292678988 1015.8067078096792
1169 10541.16238222384 1020.120062627364
1170 10512.588886984551 1027.2698843359249
1171 10484.854244210183 1037.1872514680726
1172 10458.225804942158 1049.7765645075124
1173 10432.960256855447 1064.9164674310014
1174 10409.301149890394 1082.4610175326234
1175 10387.476548527135 1102.2410922541749
1176 10367.696833333779 1124.0660194596276
1177 10350.15267298052 1147.7254154400434
1178 10335.013186268683 1172.991212929017
1179 10322.424311892057 1199.6198595822789
1180 10312.5074016453 1227.3546657257248
1181 10305.358050640403 1255.9282787430566
1182 10301.045175807449 1285.0652602498885
1183 10299.6103515625 1314.4847412112867
1184 10301.045288376976 1343.9042052334407
1185 10305.358272463796 1373.041159008164
1186 10312.507728386001 1401.6147339862073
1187 10322.424738255664 1429.3494923636317
1188 10335.013706074707 1455.9780821922468
1189 10350.153279241946 1481.2438145451015
1190 10367.697518343506 1504.9031378945801
1191 10387.47730395029 1526.727985851816
1192 10409.301966861392 1546.5079756351188
1193 10432.961126078757 1564.0524360752897
1194 10458.226716795652 1579.1922456095926
1195 10484.855188849899 1591.7814625457395
1196 10512.589854449805 1601.6987318811007
1197 10541.163362541498 1608.848455116502
1198 10570.300275965914 1613.1617117872229
1199 10599.7197265625 1614.5969238285907
1200 10799.7978515625 1614.5969238285907
1201 10829.21784084649 1613.1624287264422
1202 10858.355353425883 1608.84978378925
1203 10886.929505769003 1601.7005626050523
1204 10914.664845096464 1591.7836831534514
1205 10941.294004726173 1579.1947434409522
1206 10966.560281469014 1564.0550999437692
1207 10990.220110229144 1546.5106977394316
1208 11012.045411954074 1526.730663606897
1209 11031.825792300377 1504.9056756567443
1210 11049.370569820065 1481.2461252076318
1211 11064.510614116065 1455.9800886291778
1212 11077.099976247126 1429.351128702052
1213 11087.017295665144 1401.6159466902027
1214 11094.166970122162 1373.041907759267
1215 11098.480077269138 1343.9044635953614
1216 10474.6728515625 2570.955322265858
1217 10481.997250795292 2588.6448327336693
1218 10499.6884765625 2595.9650878907414
1219 10517.374650777805 2588.642068337067
1220 10524.696289062507 2570.955322265858
1221 10517.374650777761 2553.268576194765
1222 10499.6884765625 2545.9455566410907
1223 10481.997250795335 2553.2658117981628
1224 10949.851562500007 68.01625824009534
1225 10942.529574675493 50.330150981782936
1226 10924.843750000007 43.00748062157072
1227 10874.828125 43.007499694940634
1228 10857.142293576813 50.33017679641489
1229 10849.820312500007 68.016296387068
1230 10857.141780731712 85.70335323445033
1231 10874.828125 93.02654266369063
1232 10924.843750000007 93.02651977539062
1233 10942.530099666874 85.70332495344337
GTSP_SET_SECTION
1 1 -1
2 2 3 4 5 6 7 8 9 10 11 -1
3 12 13 14 15 16 17 18 19 -1
4 20 21 22 23 24 25 26 27 28 29 30 31 32 33 34 35 36 37 -1
5 38 39 40 41 42 43 44 45 46 47 -1
6 48 49 50 51 52 53 54 -1
7 55 56 57 58 59 60 61 62 -1
8 63 64 65 66 67 68 69 70 71 72 73 74 75 -1
9 76 77 78 79 80 81 82 83 84 85 -1
10 86 87 88 89 90 91 92 93 94 95 96 97 98 99 100 101 102 103 104 105 106 107 -1
11 108 109 110 111 112 113 114 115 116 117 118 119 120 121 122 123 124 125 126 127 128 129 -1
12 130 131 132 133 134 135 136 137 138 139 140 141 142 143 144 145 146 -1
13 147 148 149 150 151 152 153 154 155 156 157 158 159 160 161 162 163 164 165 166 167 168 169 170 171 172 173 174 175 176 177 178 -1
14 179 180 181 182 183 184 -1
15 185 186 187 188 189 190 191 192 193 194 -1
16 195 196 197 198 199 200 201 202 203 204 205 206 207 208 209 210 211 212 213 214 215 216 217 218 219 220 -1
17 221 222 223 224 225 226 227 228 -1
18 229 230 231 232 233 234 235 236 237 238 -1
19 239 240 241 242 243 -1
20 244 245 246 247 248 249 250 251 252 253 254 255 256 257 258 259 260 261 262 263 -1
21 264 265 266 267 268 269 270 271 -1
22 272 273 274 275 276 277 278 -1
23 279 280 281 282 283 284 285 286 287 288 289 290 291 292 293 294 295 296 297 298 299 300 301 302 303 304 305 306 307 308 309 310 311 312 313 314 315 316 317 318 319 320 321 322 323 324 325 326 327 328 329 330 331 332 333 334 335 336 337 338 339 340 341 342 343 344 345 346 347 348 349 350 351 352 353 354 355 356 357 358 359 360 361 362 363 364 365 366 367 368 369 370 -1
24 371 372 373 374 375 376 377 378 379 380 381 382 -1
25 383 384 385 386 387 388 389 390 391 392 393 394 -1
26 395 396 397 398 399 400 401 402 403 404 405 406 407 408 409 410 -1
27 411 412 413 414 415 416 -1
28 417 418 419 420 421 422 423 424 425 426 427 428 429 430 431 432 433 434 435 436 437 438 439 440 441 442 443 444 445 446 447 448 -1
29 449 450 451 452 453 454 455 -1
30 456 457 458 459 460 461 462 463 464 465 -1
31 466 467 468 469 470 471 472 -1
32 473 474 475 476 477 478 479 -1
33 480 481 482 483 484 485 486 487 488 489 490 491 492 493 494 495 496 497 498 499 500 501 502 503 504 505 506 507 508 509 510 -1
34 511 512 513 514 515 516 517 518 519 520 -1
35 521 522 523 524 525 526 527 528 529 -1
36 530 531 532 533 534 535 536 537 538 539 -1
37 540 541 542 543 544 545 546 547 -1
38 548 549 550 551 552 553 554 555 -1
39 556 557 558 559 560 561 562 563 564 565 566 567 568 569 570 571 572 573 574 575 576 577 578 579 580 581 582 583 584 585 586 587 588 589 590 591 592 593 594 595 596 597 598 599 600 -1
40 601 602 603 604 605 606 607 608 609 610 -1
41 611 612 613 614 615 616 -1
42 617 618 619 620 621 622 623 624 625 626 627 628 629 630 631 632 633 -1
43 634 635 636 637 638 639 640 641 642 643 -1
44 644 645 646 647 648 649 650 651 652 653 654 655 656 657 658 659 660 661 662 663 664 665 666 667 668 669 670 671 672 673 674 675 676 677 678 679 680 681 682 683 684 685 686 687 688 689 690 691 692 693 694 695 696 697 698 699 700 701 702 703 704 705 706 707 708 709 710 711 712 713 714 715 716 717 718 719 720 721 722 723 724 725 726 727 728 729 730 731 732 733 734 735 -1
45 736 737 738 739 740 741 742 743 744 745 746 747 -1
46 748 749 750 751 752 753 754 755 756 757 758 759 760 761 762 763 764 -1
47 765 766 767 768 769 770 771 772 -1
48 773 774 775 776 777 778 779 780 781 782 -1
49 783 784 785 786 787 788 789 790 791 792 -1
50 793 794 795 796 797 798 799 800 801 802 -1
51 803 804 805 806 807 808 809 810 811 812 -1
52 813 814 815 816 817 818 819 820 821 822 -1
53 823 824 825 826 827 828 829 830 831 832 833 834 835 836 837 838 839 840 -1
54 841 842 843 844 845 846 847 -1
55 848 849 850 851 852 853 854 855 856 857 858 859 860 861 862 863 864 865 -1
56 866 867 868 869 870 871 872 873 874 875 876 877 878 879 880 881 882 883 884 885 886 887 888 889 890 891 892 893 894 895 896 897 898 899 900 901 902 903 904 905 906 907 908 909 910 911 912 913 914 915 916 917 918 919 920 921 922 923 924 925 926 927 928 929 930 931 932 933 934 935 936 937 938 939 940 941 942 943 944 945 946 947 948 949 950 951 952 953 954 955 956 957 958 959 960 961 962 963 964 965 -1
57 966 967 968 969 970 971 972 973 974 975 976 977 978 979 980 981 982 983 984 985 986 987 988 989 990 991 992 993 994 995 996 997 998 999 1000 1001 1002 1003 1004 1005 1006 1007 1008 1009 1010 1011 1012 1013 1014 1015 1016 1017 1018 1019 1020 1021 1022 1023 1024 1025 1026 1027 1028 1029 1030 1031 -1
58 1032 1033 1034 1035 1036 1037 1038 1039 -1
59 1040 1041 1042 1043 1044 1045 1046 1047 1048 1049 -1
60 1050 1051 1052 1053 1054 1055 1056 1057 1058 1059 1060 1061 1062 1063 1064 1065 1066 1067 1068 1069 1070 1071 1072 1073 1074 1075 1076 1077 1078 1079 1080 1081 1082 1083 1084 1085 1086 1087 1088 1089 1090 1091 1092 1093 1094 1095 1096 1097 1098 1099 1100 1101 1102 1103 1104 1105 1106 1107 1108 1109 1110 1111 1112 1113 1114 1115 1116 1117 1118 1119 1120 1121 1122 1123 1124 1125 1126 1127 1128 1129 1130 1131 1132 1133 1134 1135 1136 1137 1138 1139 1140 1141 1142 1143 1144 1145 1146 1147 1148 1149 -1
61 1150 1151 1152 1153 1154 1155 1156 1157 1158 1159 1160 1161 1162 1163 1164 1165 1166 1167 1168 1169 1170 1171 1172 1173 1174 1175 1176 1177 1178 1179 1180 1181 1182 1183 1184 1185 1186 1187 1188 1189 1190 1191 1192 1193 1194 1195 1196 1197 1198 1199 1200 1201 1202 1203 1204 1205 1206 1207 1208 1209 1210 1211 1212 1213 1214 1215 -1
62 1216 1217 1218 1219 1220 1221 1222 1223 -1
63 1224 1225 1226 1227 1228 1229 1230 1231 1232 1233 -1
GTSP_SET_ORDERING
17 57 56 -1
18 57 56 -1
19 57 56 -1
20 57 56 -1
24 23 -1
45 44 -1
51 61 60 -1
52 61 60 -1
53 61 60 -1
54 61 60 -1
55 61 60 -1
57 56 -1
58 56 -1
59 56 -1
61 60 -1
62 60 -1
63 60 -1
EOF