NAME: Lc64v1321
TYPE: PCGTSP 
COMMENT: 
DIMENSION: 1322
GTSP_SETS: 65
EDGE_WEIGHT_TYPE: EUC_2D
NODE_COORD_SECTION
1 0.0 0.0
2 766.0001831054688 1427.9999999997672
3 751.0001831054578 1443.0000000002328
4 616.0001831054688 1443.0000000002328
5 616.0001220703089 1159.913452148554
6 616.000061035149 876.826904296875
7 751.0 642.9999999998836
8 766.0 642.9999999998836
9 766.0000915527344 1035.4999999998836
10 1652.0 1983.0
11 1331.0 1983.0
12 1010.0 1983.0
13 1010.0 1872.9999999998836
14 1331.0 1872.9999999998836
15 1652.0 1872.9999999998836
16 2304.0 1983.0
17 1983.0 1983.0
18 1662.0 1983.0
19 1662.0 1872.9999999998836
20 1983.0 1872.9999999998836
21 2304.0 1872.9999999998836
22 2642.0 1843.0000000001164
23 2607.35888671875 1863.0000000002328
24 2180.725875854492 1863.0000000002328
25 1754.0928649902344 1863.0000000002328
26 1327.4598541259766 1863.0000000002328
27 900.8268432617188 1863.0000000002328
28 667.0 1728.0
29 667.0 1712.9999999998836
30 1153.25 1712.9999999998836
31 1639.5 1712.9999999998836
32 2125.75 1712.9999999998836
33 2612.0 1712.9999999998836
34 2620.7867965644 1734.2132034355309
35 2642.0 1743.0
36 2708.0 1568.0000000001164
37 2474.1730957031177 1702.9999999998836
38 2068.83653259277 1702.9999999998836
39 1663.4999694824182 1702.9999999998836
40 1258.1634063720667 1702.9999999998836
41 852.8268432617188 1702.9999999998836
42 619.0 1568.0000000001164
43 619.0 1552.9999999998836
44 1036.7999999999993 1552.9999999998836
45 1454.5999999999985 1552.9999999998836
46 1872.4000000000015 1552.9999999998836
47 2290.2000000000007 1552.9999999998836
48 2708.0 1552.9999999998836
49 2781.796875 2560.98095703125
50 2756.7831910007008 2567.67630559986
51 2738.4730585890356 2585.9861699014436
52 2731.77734375 2610.9997558592586
53 2361.888671875 2610.999877929571
54 1992.0 2610.9999999998836
55 1991.9998779296802 2450.9404296876164
56 1984.6778945028382 2433.253338129609
57 1966.9910888671875 2425.930664062733
58 1926.9754638671875 2425.930664062733
59 1909.2886582315332 2433.253338129609
60 1901.9666748046875 2450.9404296876164
61 1908.5954006825232 2467.9052589101484
62 1924.9754638671875 2475.8701171873836
63 1924.9755859375 2595.9951171875
64 1909.9697265625 2610.9999999998836
65 1518.8232421875 2611.0002441405086
66 1127.6767578125 2611.00048828125
67 1127.6766357421875 2450.9409179686336
68 1120.354307179925 2433.2534809059
69 1102.6668701171875 2425.93115234375
70 1062.6522216796875 2425.93115234375
71 1044.96478461695 2433.2534809059
72 1037.6424560546875 2450.9409179686336
73 1044.2711819324759 2467.9057471911656
74 1060.6512451171802 2475.870605468517
75 1060.6513671875 2595.99560546875
76 1045.6455078125 2611.00048828125
77 552.16796875 2611.000732421875
78 58.6904296875 2611.0009765625
79 52.10959178781923 2586.18807442463
80 34.083680034495046 2567.910928984871
81 9.36423492430913 2560.9873046875
82 13.992497444149194 2226.8598632813664
83 18.620759963989258 1892.7324218751164
84 19.756502151489258 1892.7324218751164
85 279.8541564941406 1892.732299804571
86 297.54163674622396 1885.4099281009985
87 304.8639221191406 1867.7224121094914
88 304.86389160155886 1810.700927734375
89 297.54116356219674 1793.0141902294708
90 279.85409545898074 1785.6922607419547
91 262.8902139781603 1792.3209696486592
92 254.92541503905886 1808.7000732421875
93 34.76232147216797 1808.7000732421875
94 19.987901687618432 1793.9267578126164
95 25.298269271850586 1410.5516357424203
96 29.704372405998583 1092.4315185546875
97 30.841091156009497 1092.4315185546875
98 290.9367980956995 1092.4313964846078
99 308.62450134862956 1085.1097477760632
100 315.94750976562864 1067.4226074221078
101 315.94750976562864 1010.4011840819148
102 308.62482528960027 992.71339069854
103 290.9367370605505 985.3914184570312
104 273.97316285798297 992.0208174387226
105 266.0090332031177 1008.4002075196477
106 45.845935821529565 1008.4003295899602
107 31.072490692138672 993.6259155272273
108 35.77106285094851 654.3807983398438
109 40.46963500975835 315.13568115246017
110 65.77483098149241 308.67429426009767
111 84.36996639700374 290.3351720722858
112 91.1815261840784 265.12197875988204
113 481.0295054117778 265.1217956544133
114 870.8774846394808 265.1216125488281
115 1260.7254638671802 265.1214294433594
116 1260.7254638671802 280.1263122558594
117 1205.7049560546875 280.1263427733211
118 1176.249965432744 280.8386532723671
119 1146.8654568642305 282.99608576798346
120 1117.6222881415852 286.59343782812357
121 1088.5909762303963 291.6220347995404
122 1059.841527224813 298.0697507255245
123 1031.443267534898 305.92103758628946
124 1003.4646767129198 315.156962791807
125 975.9732223218161 325.7552548357053
126 949.0351972439239 337.69035700068343
127 922.7155598223435 350.93348898610566
128 897.077777220431 365.4527163086459
129 872.1836723771012 381.2130273091607
130 848.0932749270032 398.1764175801072
131 824.8646764450968 416.3019816086162
132 802.553890364652 435.5460114168236
133 781.2147169064738 455.86210195871536
134 760.8986133450671 477.20126302167773
135 741.6545699245871 499.5120373609243
136 723.5289917237933 522.7406247840263
137 706.5655867548485 546.8310118843801
138 690.8052605658413 571.7251071119681
139 676.28601760116 597.3628808553331
140 663.0428695575938 623.6825101970462
141 651.1077509571442 650.6205279930728
142 640.5094421401154 678.1119759179419
143 631.2734998642372 706.090561104822
144 623.4221956770925 734.4888160044793
145 616.9744622105136 763.2382610762725
146 611.9458475264546 792.2695699193282
147 608.3484776243895 821.5127364471555
148 606.1910272006935 850.8972436994081
149 605.4786987304688 880.3522338867188
150 605.4788513183594 1195.4703674315242
151 605.47900390625 1510.588500976446
152 606.3148394874734 1539.6751346644014
153 608.8413057995203 1568.6638884904096
154 613.0498458942202 1597.4565797623945
155 618.9262057681299 1625.955689836992
156 626.4504826397715 1654.064694407978
157 635.5971923588259 1681.6883904265705
158 646.3353557189985 1708.7332185470732
159 658.6286033822289 1735.107580004842
160 672.435299058845 1760.7221468546195
161 687.7086805265062 1785.4901645176578
162 704.3970180102624 1809.327745612245
163 722.4437893873546 1832.1541540743783
164 741.7878716233172 1853.8920786040835
165 762.3637477910161 1874.4678945136257
166 784.10172897148 1893.811913088197
167 806.9281902849434 1911.8586176161189
168 830.7658202526582 1928.5468852893682
169 855.5338826449915 1943.8201942216838
170 881.1484899288407 1957.6268148837844
171 907.5228873882988 1969.919985307497
172 934.5677469562361 1980.6580694644945
173 962.1914697616485 1989.804698285181
174 990.3004963680105 1997.3288928371621
175 1018.799623651932 2003.2051692489767
176 1047.5923272488762 2007.413625021698
177 1076.581088473773 2009.9400064377114
178 1105.6677246093677 2010.7757568361703
179 1509.3190917968677 2010.775594075676
180 1912.9704589843677 2010.7754313151818
181 2316.6218261718677 2010.7752685546875
182 2345.88687039015 2009.9216739815893
183 2375.0344695416243 2007.1668780728942
184 2403.941243431509 2002.522541729384
185 2432.4848312651884 1996.0083241728134
186 2460.544409594797 1987.651799730258
187 2488.001203758242 1977.4883411133196
188 2514.738990645881 1965.5609696868341
189 2540.6445906665867 1951.920173362596
190 2565.6083468307806 1936.623692886089
191 2589.5245889224607 1919.7362774234498
192 2612.292080795476 1901.3294104819652
193 2633.8144489005826 1881.481007323484
194 2654.0005902294324 1860.2750851542223
195 2672.765057948607 1837.8014074843377
196 2690.028423091415 1814.1551041635685
197 2705.717610776359 1789.4362687019166
198 2719.766209529116 1763.7495345794596
199 2732.114752398684 1737.2036323384382
200 2742.7109686777367 1709.9109293327201
201 2751.510005161672 1681.9869540829677
202 2758.4746160097675 1653.549907250912
203 2763.575320404805 1624.7201613021316
204 2766.79052734375 1595.6197509763297
205 2781.79638671875 1595.6197509763297
206 2781.796630859375 2078.30035400379
207 1760.9139404296875 2467.9462890626164
208 1756.350944011534 2444.973270904273
209 1743.340265130937 2425.4975749043515
210 1723.864516210302 2412.4869752412196
211 1700.8914794921875 2407.924072265625
212 1356.7625732421875 2407.924072265625
213 1333.789480102656 2412.4869985614205
214 1314.3137012278385 2425.497661188594
215 1301.303038600603 2444.973440063419
216 1296.7401123046875 2467.946533202892
217 1301.3027697675243 2490.919954478508
218 1314.3133988624431 2510.3960798319895
219 1333.789338993578 2523.4069861893076
220 1356.7626953125 2527.9699707032414
221 1700.8916015625 2527.9699707032414
222 1723.864939322706 2523.406892747036
223 1743.3408265334947 2510.395907172002
224 1756.3513764105664 2490.9197288976284
225 3149.0 1347.9981689453125
226 3124.2512626584758 1358.2494316037046
227 3114.0 1382.998168945196
228 2651.4000000000015 1382.9985351561336
229 2188.7999999999993 1382.998901367071
230 1726.2000000000007 1382.9992675780086
231 1263.5999999999985 1382.999633788946
232 801.0 1382.9999999998836
233 801.0 1367.9999999998836
234 1034.8267822265589 1232.9998779299203
235 1457.661425781247 1232.999536133022
236 1880.4960693359353 1232.9991943361238
237 2303.3307128906235 1232.998852539109
238 2726.1653564453118 1232.9985107422108
239 3149.0 1232.9981689453125
240 3146.0 1223.0
241 2690.7999999999993 1223.0001708985073
242 2235.5999999999985 1223.0003417970147
243 1780.4000000000015 1223.0005126954056
244 1325.2000000000007 1223.000683593913
245 870.0 1223.0008544924203
246 870.0 1208.000854492071
247 1103.8269042968677 1073.000854492071
248 1555.9134521484302 1073.0006713867188
249 2007.9999999999927 1073.0004882813664
250 2460.086547851555 1073.0003051761305
251 2912.1730957031177 1073.0001220707782
252 3146.0 1207.9999999998836
253 3091.0 25.0
254 2857.1730957031177 160.0000915528508
255 2421.6154479980396 160.00026194262318
256 1986.0578002929615 160.00043233239558
257 1550.5001525878833 160.00060272216797
258 1114.9425048828052 160.00077311194036
259 679.3848571777271 160.00094350171275
260 243.82720947264897 160.00111389148515
261 10.000005722049536 25.001199722173624
262 10.0 10.001199722406454
263 450.1428571428587 10.001028333441354
264 890.2857142857138 10.00085694459267
265 1330.4285714285725 10.00068555562757
266 1770.5714285714275 10.00051416666247
267 2210.7142857142862 10.00034277769737
268 2650.8571428571413 10.000171388848685
269 3091.0 9.999999999883585
270 3965.0 160.00000000023283
271 3613.666666666668 160.00013732921798
272 3262.333333333332 160.00027465831954
273 2911.0 160.0004119873047
274 2911.7336425781177 145.0004119874211
275 3145.5603027343677 10.000319481128827
276 3438.3666992187427 10.000205040210858
277 3731.1730957031177 10.00009059929289
278 3965.0 145.00000000011642
279 3968.0 184.99999999988358
280 3833.0 320.0000000001164
281 3341.765380859375 320.0000000001164
282 2850.5307617187464 320.0000000001164
283 2359.2961425781214 320.0000000001164
284 1868.0615234374927 320.0000000001164
285 1376.8269042968677 320.0000000001164
286 1143.0 184.99999999988358
287 1143.0 170.00000000011642
288 1613.8333333333321 170.00000000011642
289 2084.666666666668 170.00000000011642
290 2555.5 170.00000000011642
291 3026.333333333332 170.00000000011642
292 3497.166666666668 170.00000000011642
293 3968.0 170.00000000011642
294 3724.0 1543.0
295 3281.0 1543.000174386194
296 2838.0 1543.0003487722715
297 2395.0 1543.0005231584655
298 1952.0 1543.0006975446595
299 1509.0 1543.0008719308535
300 1066.0 1543.001046316931
301 623.0 1543.001220703125
302 623.0 1528.001220703125
303 856.8270874023401 1393.001098632929
304 1295.7180887858049 1393.0009358724346
305 1734.609090169266 1393.0007731120568
306 2173.5000915527307 1393.000610351679
307 2612.391092936192 1393.0004475911846
308 3051.282094319653 1393.0002848306904
309 3490.1730957031177 1393.0001220703125
310 3724.0 1528.0
311 3729.0 1702.9999999998836
312 3359.413452148434 1702.9999999998836
313 2989.8269042968677 1702.9999999998836
314 2756.0 1568.0000000001164
315 2756.0 1552.9999999998836
316 3232.5 1552.9999999998836
317 3709.0 1552.9999999998836
318 3711.9289321881297 1560.0710678118048
319 3719.0 1563.0
320 3729.0 1563.0
321 3759.0 1863.0000000002328
322 3405.413452148434 1863.0000000002328
323 3051.8269042968677 1863.0000000002328
324 2818.0 1728.0
325 2818.0 1712.9999999998836
326 3278.5 1712.9999999998836
327 3739.0 1712.9999999998836
328 3741.9289321880424 1720.0710678119212
329 3749.0 1723.0000000002328
330 3759.0 1723.0000000002328
331 3681.0 1973.0
332 3398.9999999999964 1973.0
333 3116.999999999989 1973.0
334 3116.999999999989 1872.9999999998836
335 3398.9999999999964 1872.9999999998836
336 3681.0 1872.9999999998836
337 3984.17236328125 1904.5681152344914
338 3784.10205078125 1904.5682373046875
339 3784.10205078125 1677.8983154293383
340 3783.280993669825 1649.1185306411935
341 3780.8047587879373 1620.433719189139
342 3776.6815568366655 1591.9389941877453
343 3770.9250595314734 1563.728838463081
344 3763.5543542695086 1535.896791266161
345 3754.5938808396277 1508.5351381152868
346 3744.073350384897 1481.7346047962783
347 3732.027646886403 1455.584056533291
348 3718.496711494896 1430.1702033294132
349 3703.5254100939164 1405.5773124543484
350 3687.1633845334654 1381.8869290300645
351 3669.464888027538 1359.177605643752
352 3650.4886052612637 1337.524641883443
353 3630.2974578042194 1316.9998346589273
354 3608.958395475034 1297.6712401383556
355 3586.542174349146 1279.602948086569
356 3563.1231221457674 1262.8548693570774
357 3538.7788917719845 1247.4825372392079
358 3513.5902038412096 1233.536923320964
359 3487.640579019717 1221.0642684769118
360 3461.0160610887688 1210.1059295436135
361 3433.8049316406177 1200.6982421876164
362 3185.0002441406214 1122.5459594727727
363 2936.1955566406286 1044.393676757929
364 2909.28645095311 1036.2846821605926
365 2882.194823085196 1028.8080878993496
366 2854.935533091313 1021.9679949679412
367 2827.523532990399 1015.7681552323047
368 2799.9738585645646 1010.2119693722343
369 2772.3016211117865 1005.3024850166403
370 2744.5219991572158 1001.0423950712429
371 2716.650230127565 997.43403624231
372 2688.7016019932344 994.4793877538759
373 2660.691444882683 992.1800702632172
374 2632.635122673688 990.5373449708568
375 2604.54802456608 989.5521129298722
376 2576.4455566406177 989.2249145506648
377 2100.3309733072856 989.22509765625
378 1624.2163899739498 989.2252807617188
379 1148.1018066406177 989.2254638673039
380 1118.681825536234 990.6599701950327
381 1089.544322088128 994.9726247601211
382 1060.9701795945548 1002.1218539035181
383 1033.2348505973896 1012.0387396044098
384 1006.6057015407314 1024.627683845465
385 981.3394353789117 1039.7673301697941
386 957.6796169796908 1057.3117335481802
387 935.8543251776246 1077.091767277685
388 916.0739541115836 1098.9167533504078
389 898.529185041396 1122.5763005748158
390 883.3891481951359 1147.8423327301862
391 870.799792366688 1174.471287204884
392 860.8824779805836 1202.2064629200613
393 853.7328071867996 1230.7804949093843
394 849.4197022633707 1259.9179316961672
395 847.9847412109302 1289.3378906248836
396 847.9847412109302 1329.3525390627328
397 832.9769287109302 1329.3525390627328
398 832.9767456054651 884.1855621339055
399 832.9765625 439.0185852049617
400 857.9918360415686 432.32457532105036
401 876.3035635375818 414.0146240704926
402 883.0 389.0
403 1318.8794642857138 388.9998299734434
404 1754.7589285714275 388.99965994700324
405 2190.6383928571413 388.99948992044665
406 2626.5178571428587 388.9993198940065
407 3062.3973214285725 388.9991498674499
408 3498.2767857142862 388.9989798410097
409 3934.15625 388.9988098144531
410 3940.85140602128 414.0111513668671
411 3959.1599215649876 432.32072816893924
412 3984.171875 439.017333984375
413 3984.172037760418 927.5342610677471
414 3984.172200520832 1416.0511881511193
415 3510.4924316406286 752.1356811522273
416 3506.61554030783 722.6156108169816
417 3495.2270872148547 695.1061946988339
418 3477.1038854763246 671.4838663261617
419 3453.4821293913665 653.3599186748033
420 3425.9730729000294 641.9705969230272
421 3396.453124999989 638.0927734373836
422 3366.9317287149315 641.9690213070717
423 3339.4209892782783 653.3574958236422
424 3315.797585642369 671.4813181805657
425 3297.673017363162 695.1041495277314
426 3286.283674174505 722.6145293487934
427 3282.4064941406177 752.1358032228891
428 3286.283921808372 781.6569021128817
429 3297.6734244934523 809.1670630279696
430 3315.7980606228266 832.7896642853739
431 3339.4214475646586 850.9132763531525
432 3366.932102191149 862.3015864565969
433 3396.4533691406286 866.1777343751164
434 3425.9731317834194 862.299894956639
435 3453.482023510176 850.9106499856571
436 3477.103669452048 832.7868571144063
437 3495.2268428374664 809.1647358826594
438 3506.6153663815785 781.6555454814807
439 4747.0 1132.9999999998836
440 4378.499999999996 1133.000122070196
441 4009.999999999989 1133.000244140625
442 4009.999999999989 983.0003051757812
443 4368.499999999996 983.0001525877742
444 4727.0 982.9999999998836
445 4729.928932188137 990.0710678116884
446 4737.0 992.9999999997672
447 4747.0 992.9999999997672
448 4989.29931640625 1782.152465820429
449 4504.094116210941 1786.9518432618352
450 4018.8889160156286 1791.7512207032414
451 4003.5783691406177 1776.893676757929
452 3994.9714355468677 1353.787353515625
453 4009.67138671875 1338.647338867071
454 4494.884033203125 1334.1671752928523
455 4980.0966796875 1329.6870117185172
456 4995.4072265625 1344.55126953125
457 5004.0 1767.0
458 5104.0 1817.0000000001164
459 4870.17333984375 1951.9999999997672
460 4433.586669921875 1951.9999999997672
461 3997.0 1951.9999999997672
462 3997.0 1812.0000000002328
463 4006.999999999989 1812.0000000002328
464 4014.0710678119613 1809.0710678119212
465 4017.0 1801.9999999997672
466 4379.333333333332 1801.9999999997672
467 4741.666666666668 1801.9999999997672
468 5104.0 1801.9999999997672
469 5277.013671875 972.9993896483211
470 4853.009114583332 972.9995930988807
471 4429.004557291668 972.9997965495568
472 4005.0 973.0000000001164
473 4005.0 962.9921875001164
474 4002.0696868788946 955.9197382617276
475 3994.99609375 952.9921874998836
476 3994.995849609375 507.82031440734863
477 3994.99560546875 62.64844131481368
478 4020.0079665320263 55.95329166157171
479 4038.3175568932384 37.64476535166614
480 4045.01416015625 12.632793426630087
481 4504.186360677082 12.63258012139704
482 4963.358561197918 12.63236681628041
483 5422.53076171875 12.632153511047363
484 5422.53076171875 27.639965057373047
485 5315.36279296875 56.358764648321085
486 5288.189860298375 65.03249083622359
487 5261.963506508215 76.2476663927082
488 5236.920818359849 89.90290590713266
489 5213.2881822538475 105.87476574163884
490 5191.279237692179 124.01885996456258
491 5171.092945972861 144.1711656022817
492 5152.911791575836 166.1495054095285
493 5136.900132499646 189.75519475585315
494 5123.202714461848 214.7748377387179
495 5111.943362394817 240.98225628619548
496 5103.223861065919 268.1405348116532
497 5097.12303494116 296.00416193529963
498 5093.696035610439 324.32124991202727
499 5092.973843216092 352.8358117013704
500 5094.96298639178 381.29007509571966
501 5099.645483243494 409.4268129863776
502 5106.97900390625 436.9916687011719
503 5191.996337890625 704.9955291746883
504 5520.703125 1626.998046875
505 5507.703125 1640.0
506 5385.0 1640.0
507 5371.1484375 1615.9912109377328
508 5371.1484375 1451.9296875001164
509 5368.27438321141 1422.651556500583
510 5359.741086379381 1394.4974806312239
511 5345.876782785919 1368.550414732541
512 5327.214766962032 1345.808420354966
513 5304.472878856141 1327.146275026491
514 5278.525891908528 1313.2818236771272
515 5250.371864632703 1304.7483665210893
516 5221.09375 1301.8741455075797
517 4724.8125 1301.8743286131648
518 4228.53125 1301.8745117186336
519 3994.6247558593677 1166.8266601563664
520 3994.6247558593677 1151.8178710935172
521 4491.6482747395785 1151.8177083331393
522 4988.671793619789 1151.817545572645
523 5485.6953125 1151.8173828122672
524 5495.944847086546 1176.5770904493984
525 5520.703125 1186.8300781251164
526 5551.0 1694.0000000001164
527 5536.0 1694.0000000001164
528 5536.0 1296.5000000001164
529 5536.0 899.0
530 5551.0 899.0
531 5686.0 1132.826782226446
532 5686.0 1460.173095703125
533 5943.171874999996 2560.980224609142
534 5918.159912750019 2567.6768355065724
535 5899.85139584175 2585.986424844479
536 5893.156249999996 2610.998779297108
537 5457.276785714283 2610.9989536831854
538 5021.397321428569 2610.9991280693794
539 4585.517857142855 2610.999302455457
540 4149.638392857141 2610.9994768415345
541 3713.7589285714275 2610.999651227612
542 3277.8794642857138 2610.999825613806
543 2842.0 2610.9999999998836
544 2835.3035533572547 2585.985388829955
545 2816.9918272261857 2567.6754501154646
546 2791.9765625 2560.9814453125
547 2791.976440429684 2115.8144531248836
548 2791.9763183593677 1670.6474609373836
549 2806.9841308593677 1670.6474609373836
550 2806.9841308593677 1710.662109375
551 2808.4191151035448 1740.082059540553
552 2812.7322415062954 1769.2194854418049
553 2819.8819318814567 1797.7935046736384
554 2829.7992637979005 1825.5286660249112
555 2842.388634986146 1852.1576048060087
556 2857.5286849364093 1877.4236202224856
557 2875.073464804027 1901.0831499499036
558 2894.853844344383 1922.9081180543872
559 2916.6791423146497 1942.6881336263614
560 2940.3389646253963 1960.2325189318508
561 2965.6052325224155 1975.3721475296188
562 2992.23438124729 1987.9610746367835
563 3019.969707981756 1997.877944024629
564 3048.5438464419094 2005.0271578822285
565 3077.6813442673374 2009.3397983721225
566 3107.1013183593677 2010.7742919924203
567 3583.2159830729106 2010.774129231926
568 4059.330647786457 2010.7739664713154
569 4535.4453125 2010.773803710821
570 4563.547747410008 2010.446562817553
571 4591.634811542295 2009.4612898086198
572 4619.691098870393 2007.8185251154937
573 4647.7012202492115 2005.5191698108101
574 4675.649811856121 2002.56448511302
575 4703.5215436181825 1998.9560916952323
576 4731.301127620816 1994.6959687962662
577 4758.973326493375 1989.7864531347295
578 4786.522961767008 1984.230237627402
579 4813.9349222001765 1978.0303699123906
580 4841.194172067324 1971.1902506770566
581 4868.285759406117 1963.7136317929253
582 4895.19482421875 1955.604614257929
583 5143.99951171875 1877.4522094726562
584 5392.80419921875 1799.2998046873836
585 5420.0153266149755 1789.8921023664298
586 5446.639841571334 1778.933748453972
587 5472.589462487351 1766.4610786737176
588 5497.778145577078 1752.5154499199707
589 5522.122370173172 1737.1431031262036
590 5545.541415664837 1720.3950099394424
591 5567.957629151326 1702.326703708386
592 5589.296682923519 1682.9980953456834
593 5609.487820919854 1662.4732746754307
594 5628.464093339349 1640.8202979241032
595 5646.162578633841 1618.1109620594652
596 5662.524592143338 1594.4205667261267
597 5677.495880682698 1569.8276645671576
598 5691.026802434382 1544.4138007585425
599 5703.072491550887 1518.2632426222553
600 5713.5930069209535 1491.462700212025
601 5722.553464606379 1464.101038800436
602 5729.924153510194 1436.2689842191758
603 5735.680633892796 1408.0588220300851
604 5739.803818409218 1379.5640915246913
605 5742.280035399013 1350.879275566549
606 5743.101074218746 1322.099487304804
607 5743.101074218746 1095.4295654296875
608 5943.171386718746 1095.429443359375
609 5943.171549479161 1583.9463704426307
610 5943.171712239582 2072.4632975258864
611 5469.4921875 2247.8623046875
612 5465.615109067461 2218.342452264158
613 5454.226578337628 2190.8332757573808
614 5436.10340371792 2167.2111681890674
615 5412.481761739593 2149.087386726169
616 5384.972877811884 2137.6981492926134
617 5355.453125 2133.8203124998836
618 5325.93184821945 2137.6964630435687
619 5298.421185793588 2149.0847806842066
620 5274.797794887938 2167.208404160454
621 5256.673159992792 2190.8310190815246
622 5245.283664493687 2218.341193891363
623 5241.40625 2247.8623046875
624 5245.283453708151 2277.3836059812456
625 5256.672834231369 2304.8940031061647
626 5274.797449378941 2328.516836645431
627 5298.420903706003 2346.6406426565954
628 5325.931690922138 2358.0290808910504
629 5355.453125 2361.9052734376164
630 5384.97303510681 2358.027394633158
631 5412.482043819771 2346.638036601711
632 5436.103749215119 2328.5140726050595
633 5454.226904086194 2304.8917464229744
634 5465.615319844033 2277.3823476061225
635 6367.999999999996 767.9999999998836
636 6099.999999999996 768.0000915527344
637 5831.999999999996 768.0001831055852
638 5831.999999999996 668.0001831055852
639 6099.999999999996 668.0000915527344
640 6367.999999999996 667.9999999998836
641 6821.999999999996 943.9990234375
642 6415.333333333332 943.9993489583721
643 6008.666666666668 943.9996744793607
644 5602.0 944.0000000002328
645 5593.21320343564 922.7867965645855
646 5572.0 914.0000000001164
647 5572.0 814.0
648 5606.64111328125 794.0000000001164
649 6097.407226562496 793.9996032716008
650 6588.173339843746 793.9992065429688
651 6821.999999999996 928.9990234376164
652 6849.016113281246 961.3388061523438
653 6834.008300781246 961.3388671873836
654 6834.008300781246 958.3378906251164
655 6832.573358354148 928.9184306928655
656 6828.260369453466 899.781481483602
657 6821.110909551786 871.2079114303924
658 6811.19389655755 843.473158218083
659 6798.604926474236 816.8445736758877
660 6783.4653518934465 791.5788466135273
661 6765.921112204891 767.9195284445304
662 6746.14132679957 746.0946854485665
663 6724.3166648271035 726.3147003054619
664 6700.65750722204 708.770244090003
665 6675.391918716556 693.6304382805247
666 6648.7634493884725 681.0412244957406
667 6621.0287869367785 671.1239576763473
668 6592.45528231579 663.9742362727411
669 6563.318372579848 659.660980713903
670 6533.898925781246 658.2257690429688
671 6161.254394531246 658.22607421875
672 5788.609863281246 658.2263793945312
673 5759.190389896783 659.6615936594317
674 5730.0534543415815 663.974857001449
675 5701.479925425654 671.1245912270388
676 5673.745240936529 681.0418756584404
677 5647.116752525308 693.6311115026474
678 5621.851148539969 708.770943386131
679 5598.191979648771 726.3154291746905
680 5576.367311105874 746.0954467984848
681 5556.5875242902985 767.9203245240496
682 5539.043288710673 791.5796789558372
683 5523.903724024785 816.8454430513084
684 5511.314769791359 843.4740645986749
685 5501.397778669059 871.2088539666729
686 5494.248346623703 899.7824584931368
687 5489.935391420069 928.9194396616658
688 5488.50048828125 958.3389282226562
689 5488.5009765625 1073.3828125001164
690 5288.4228515625 1073.383056640625
691 5288.42236328125 590.7013931275578
692 5288.421875 108.01972961449064
693 5313.437150745547 101.3257184602553
694 5331.748878582803 83.0157640754478
695 5338.4453125 58.001136779552326
696 5825.296874999996 58.000757853034884
697 6312.148437499996 58.00037892663386
698 6798.999999999996 58.000000000116415
699 6805.695158566134 83.01233832747675
700 6824.0036737687005 101.3219119956484
701 6849.015624999996 108.01851654076017
702 6849.015869140621 534.678661346552
703 7114.999999999996 1709.0000000001164
704 6967.775878906246 1794.0000000001164
705 6662.999999999996 1794.0000000001164
706 6358.224121093746 1794.0000000001164
707 6210.999999999996 1709.0000000001164
708 6210.999999999996 1694.0000000001164
709 6662.999999999996 1694.0000000001164
710 7114.999999999996 1694.0000000001164
711 7457.291015624996 1549.0
712 7223.463867187496 1684.0
713 6729.212646484371 1684.0
714 6234.961425781246 1684.0
715 6182.999999999996 1654.0
716 6182.999999999996 1564.0000000001164
717 6204.213203435636 1555.2132034356473
718 6212.999999999996 1534.0
719 6628.333333333332 1534.0
720 7043.666666666661 1534.0
721 7458.999999999996 1534.0
722 7514.015624999996 2400.9814453126164
723 7489.0036627500995 2407.678056209814
724 7470.695145841837 2425.987645547604
725 7463.999999999996 2451.0000000001164
726 6977.148437499996 2451.0000000001164
727 6490.296874999996 2451.0000000001164
728 6003.445312499996 2451.0000000001164
729 5996.748865857251 2425.9853888300713
730 5978.437139726182 2407.6754501156975
731 5953.421874999996 2400.9814453126164
732 5953.421874999996 1918.2998046876164
733 5953.421874999996 1435.6181640625
734 6153.499999999996 1435.6181640625
735 6153.499999999996 1550.6621093748836
736 6154.934925589278 1580.081581576611
737 6159.247900048376 1609.2185444826027
738 6166.397348011644 1637.7921293101972
739 6176.314351632198 1665.5268980177352
740 6188.903314922707 1692.1554984193062
741 6204.042885262836 1717.4212413529167
742 6221.58712319042 1741.0805750632426
743 6241.366909200133 1762.9054329432547
744 6263.191573988497 1782.685432006605
745 6286.850736430471 1800.2299008962
746 6312.116331570174 1815.3697178802686
747 6338.744809076732 1827.9589411190245
748 6366.479480973034 1837.876215486438
749 6395.0529960061285 1845.025942385313
750 6424.189916807463 1849.339201279683
751 6453.609374999996 1850.7744140623836
752 6826.253906249996 1850.7744140623836
753 7198.898437499996 1850.7744140623836
754 7228.317895692529 1849.339201279683
755 7257.454816493864 1845.025942385313
756 7286.028331526959 1837.876215486438
757 7313.763003423261 1827.9589411190245
758 7340.3914809298185 1815.3697178802686
759 7365.657076069521 1800.2299008962
760 7389.316238511496 1782.685432006605
761 7411.14090329986 1762.9054329432547
762 7430.9206893095725 1741.0805750632426
763 7448.464927237157 1717.4212413529167
764 7463.604497577286 1692.1554984193062
765 7476.193460867795 1665.5268980177352
766 7486.110464488349 1637.7921293101972
767 7493.259912451616 1609.2185444826027
768 7497.572886910715 1580.081581576611
769 7499.007812499996 1550.6621093748836
770 7499.007812499996 1547.6611328123836
771 7514.015624999996 1547.6611328123836
772 7514.015624999996 1974.3212890625
773 8044.999999999996 1363.998413085821
774 7627.199999999993 1363.9987304685637
775 7209.399999999998 1363.9990478514228
776 6791.599999999995 1363.9993652341655
777 6373.799999999999 1363.9996826170245
778 5955.999999999996 1363.9999999997672
779 5955.999999999996 1348.9999999997672
780 6189.826660156246 1213.999877929804
781 6595.163208007809 1213.9995422363281
782 7000.499755859371 1213.9992065428523
783 7405.836303710934 1213.998870849493
784 7811.172851562496 1213.9985351560172
785 8044.999999999996 1348.998413085821
786 8057.999999999996 1503.9999999997672
787 8023.358886718746 1523.9999999998836
788 7600.975830078121 1523.9999999998836
789 7178.592773437496 1523.9999999998836
790 6756.209716796871 1523.9999999998836
791 6333.826660156246 1523.9999999998836
792 6099.999999999996 1389.0000000001164
793 6099.999999999996 1374.0
794 6581.999999999996 1374.0
795 7063.999999999996 1374.0
796 7545.999999999996 1374.0
797 8027.999999999996 1374.0
798 8036.7867965644 1395.2132034356473
799 8057.999999999996 1404.0
800 8222.999999999996 1759.9999999998836
801 7873.499999999996 1760.000122070196
802 7523.999999999996 1760.000244140625
803 7523.999999999996 1745.0002441407414
804 7757.826660156246 1610.000122070429
805 7989.172851562496 1610.000122070429
806 8222.999999999996 1745.0000000001164
807 8329.018554687496 1696.2734375001164
808 8178.962890624996 1696.2734375001164
809 8178.962890624996 1671.265625
810 8178.127064470977 1642.1790317462292
811 8175.600612282313 1613.1903175316984
812 8171.392090935424 1584.3976646399824
813 8165.515754330398 1555.8985913116485
814 8157.991505114227 1527.7896214585053
815 8148.844827272314 1500.1659577455139
816 8138.106699816341 1473.1211591473548
817 8125.813491861056 1446.7468240725575
818 8112.006839445214 1421.132280127029
819 8096.73350451385 1396.3642815694911
820 8080.045216539631 1372.5267154822359
821 8061.998497319579 1349.700317652896
822 8042.654469540572 1327.962399128941
823 8022.078649762061 1307.3865843719104
824 8000.340726517159 1288.042561898008
825 7977.514324283515 1269.9958482488291
826 7953.676754123557 1253.3075660921168
827 7928.908751838575 1238.0342372054001
828 7903.2942045234995 1224.227591040777
829 7876.919866448519 1211.9343895220663
830 7849.8750652298 1201.1962686664192
831 7822.251399284582 1192.049597566016
832 7794.142427595161 1184.5253552098293
833 7765.643352832678 1178.6490255600074
834 7736.850698913851 1174.4405112399254
835 7707.8619840827705 1171.914066125988
836 7678.775390624996 1171.078247070429
837 7284.481811523434 1171.0783081055852
838 6890.188232421871 1171.0783691407414
839 6495.894653320309 1171.0784301758977
840 6101.601074218746 1171.078491211054
841 5781.054199218746 986.0083007813664
842 5781.054199218746 971.00048828125
843 6280.643359374993 971.0003906249767
844 6780.232519531248 971.0002929687034
845 7279.821679687495 971.0001953124302
846 7779.410839843749 971.0000976561569
847 8278.999999999996 970.9999999998836
848 8285.696610897208 996.0119622498751
849 8304.006200234999 1014.3204791581957
850 8329.018554687496 1021.0156250001164
851 8329.018554687496 1358.6445312501164
852 8917.999999999996 2610.9999999998836
853 8424.333333333332 2611.000203450443
854 7930.666666666661 2611.000406901003
855 7436.999999999996 2611.000610351446
856 6943.333333333332 2611.0008138020057
857 6449.666666666661 2611.0010172525654
858 5955.999999999996 2611.001220703125
859 5955.999999999996 2471.001220703125
860 5965.999999999996 2471.001220703125
861 5973.071067811772 2468.0722885151627
862 5975.999999999996 2461.0012207034742
863 6463.833333333332 2461.0010172529146
864 6951.666666666661 2461.000813802355
865 7439.499999999996 2461.000610351679
866 7927.333333333332 2461.0004069011193
867 8415.16666666666 2461.0002034505596
868 8902.999999999996 2461.0
869 8917.999999999996 2475.999999999767
870 9820.999999999996 925.0000000002328
871 9796.251262658468 935.2512626587413
872 9785.999999999996 960.0000000002328
873 9301.499999999996 960.0001932781888
874 8816.999999999996 960.0003865561448
875 8332.499999999996 960.0005798341008
876 7847.999999999996 960.0007731120568
877 7363.499999999996 960.0009663900128
878 6878.999999999996 960.0011596679688
879 6876.071067811903 952.9300918560475
880 6868.999999999996 950.0011596678523
881 6861.999999999996 950.0011596678523
882 6861.999999999996 810.0011596678523
883 7355.166666666661 810.0009663898963
884 7848.333333333332 810.0007731119404
885 8341.499999999996 810.0005798341008
886 8834.66666666666 810.0003865561448
887 9327.833333333332 810.0001932781888
888 9820.999999999996 810.0000000002328
889 9823.999999999996 145.00000000011642
890 9808.999999999996 160.00000000023283
891 9321.16666666666 160.0001907350961
892 8833.333333333332 160.0003814699594
893 8345.499999999996 160.00057220470626
894 7857.666666666661 160.00076293956954
895 7369.833333333332 160.00095367443282
896 6881.999999999996 160.0011444092961
897 6879.071067811954 152.93007659725845
898 6871.999999999996 150.00114440894686
899 6861.999999999996 150.00114440894686
900 6861.999999999996 10.001147270086221
901 7355.666666666661 10.000955104711466
902 7849.333333333332 10.00076293933671
903 8342.999999999996 10.000570773961954
904 8836.66666666666 10.000378608587198
905 9330.333333333332 10.000186443212442
906 9823.999999999996 9.999994277837686
907 9953.999999999996 184.99999999988358
908 9720.172851562496 320.0000000001164
909 9282.281819661457 320.0000000001164
910 8844.39078776041 320.0000000001164
911 8406.499755859371 320.0000000001164
912 7968.608723958332 320.0000000001164
913 7530.717692057286 320.0000000001164
914 7092.826660156246 320.0000000001164
915 6858.999999999996 184.99999999988358
916 6858.999999999996 170.00000000011642
917 7301.142857142851 170.00000000011642
918 7743.285714285714 170.00000000011642
919 8185.428571428569 170.00000000011642
920 8627.571428571424 170.00000000011642
921 9069.714285714279 170.00000000011642
922 9511.857142857141 170.00000000011642
923 9953.999999999996 170.00000000011642
924 9953.999999999996 345.0000000001164
925 9720.172851562496 480.00009155261796
926 9282.28190104166 480.0002644855995
927 8844.390950520832 480.000437418581
928 8406.499999999996 480.0006103515625
929 7968.609049479161 480.000783284544
930 7530.718098958332 480.0009562175255
931 7092.827148437496 480.00112915050704
932 6858.999999999996 345.0011901855469
933 6858.999999999996 330.0011901856633
934 7301.142857142851 330.0010201591067
935 7743.285714285714 330.0008501326665
936 8185.428571428569 330.00068010610994
937 8627.571428571424 330.00051007966977
938 9069.714285714279 330.0003400531132
939 9511.857142857141 330.000170026673
940 9953.999999999996 330.0000000001164
941 9953.999999999996 505.00000000023283
942 9720.172851562496 640.0000610350398
943 9282.28190104166 640.0002339680213
944 8844.390950520832 640.0004069010029
945 8406.499999999996 640.0005798339844
946 7968.609049479161 640.0007527669659
947 7530.718098958332 640.0009256999474
948 7092.827148437496 640.0010986329289
949 6858.999999999996 505.0011901855469
950 6858.999999999996 490.0011901855469
951 7301.142857142851 490.0010201589903
952 7743.285714285714 490.0008501325501
953 8185.428571428569 490.0006801059935
954 8627.571428571424 490.00051007955335
955 9069.714285714279 490.00034005299676
956 9511.857142857141 490.0001700265566
957 9953.999999999996 490.0
958 9953.999999999996 665.0000000001164
959 9720.172851562496 800.0
960 9282.281819661457 800.0
961 8844.39078776041 800.0
962 8406.499755859371 800.0
963 7968.608723958332 800.0
964 7530.717692057286 800.0
965 7092.826660156246 800.0
966 6858.999999999996 665.0000000001164
967 6858.999999999996 650.0
968 7301.142857142851 650.0
969 7743.285714285714 650.0
970 8185.428571428569 650.0
971 8627.571428571424 650.0
972 9069.714285714279 650.0
973 9511.857142857141 650.0
974 9953.999999999996 650.0
975 10485.999999999996 2451.0000000001164
976 9992.833333333332 2451.0002034505596
977 9499.66666666666 2451.0004069011193
978 9006.499999999996 2451.000610351679
979 8513.333333333332 2451.000813802122
980 8020.166666666661 2451.0010172525654
981 7526.999999999996 2451.001220703125
982 7526.999999999996 2311.001220703125
983 7533.999999999996 2311.001220703125
984 7541.071067811859 2308.0722885150462
985 7543.999999999996 2301.001220703125
986 8028.499999999996 2301.0010172525654
987 8512.999999999996 2301.0008138020057
988 8997.499999999996 2301.000610351446
989 9481.999999999996 2301.0004069008864
990 9966.499999999996 2301.000203450327
991 10450.999999999996 2300.999999999767
992 10461.251262658468 2325.7487373412587
993 10485.999999999996 2335.999999999767
994 10614.999999999996 2290.997558593983
995 10173.999999999996 2290.9979073662544
996 9732.999999999996 2290.9982561386423
997 9291.999999999996 2290.998604910914
998 8850.999999999996 2290.9989536831854
999 8409.999999999996 2290.999302455457
1000 7968.999999999996 2290.999651227845
1001 7527.999999999996 2291.0000000001164
1002 7527.999999999996 2276.0000000001164
1003 7761.826660156246 2140.999755859375
1004 8198.384358723957 2140.999430338503
1005 8634.94205729166 2140.999104817747
1006 9071.499755859371 2140.998779296875
1007 9508.057454427082 2140.998453776003
1008 9944.615152994786 2140.998128255247
1009 10381.172851562496 2140.997802734375
1010 10614.999999999996 2275.997558593517
1011 10610.999999999996 2131.0
1012 10169.999999999996 2131.000174386194
1013 9728.999999999996 2131.0003487722715
1014 9287.999999999996 2131.0005231584655
1015 8846.999999999996 2131.000697544543
1016 8405.999999999996 2131.000871930737
1017 7964.999999999996 2131.0010463168146
1018 7523.999999999996 2131.0012207030086
1019 7523.999999999996 2116.001220703125
1020 7757.827148437496 1981.0010986324633
1021 8194.384765624996 1981.0009358720854
1022 8630.942382812496 1981.0007731117075
1023 9067.499999999996 1981.000610351446
1024 9504.057617187496 1981.0004475910682
1025 9940.615234374996 1981.0002848306904
1026 10377.172851562496 1981.0001220703125
1027 10610.999999999996 2116.0
1028 10609.999999999996 1970.99755859375
1029 10169.857142857141 1970.9979073660215
1030 9729.714285714279 1970.9982561384095
1031 9289.571428571424 1970.998604910681
1032 8849.428571428569 1970.9989536829526
1033 8409.285714285714 1970.999302455224
1034 7969.142857142851 1970.999651227612
1035 7528.999999999996 1970.9999999998836
1036 7528.999999999996 1956.0
1037 7762.826660156246 1820.999877929571
1038 8198.384358723957 1820.9995320637245
1039 8633.94205729166 1820.9991861978779
1040 9069.499755859371 1820.9988403319148
1041 9505.057454427082 1820.9984944660682
1042 9940.615152994786 1820.9981486002216
1043 10376.172851562496 1820.997802734375
1044 10609.999999999996 1955.99755859375
1045 11094.999999999996 1996.0
1046 10861.172851562496 2131.0
1047 10657.068359374996 2131.000244140625
1048 10423.242187499996 1996.0002441403922
1049 10420.999999999996 1981.000244140625
1050 10757.999999999996 1981.0001220703125
1051 11094.999999999996 1981.0
1052 11251.999999999996 1836.0
1053 11018.172851562496 1971.0001220703125
1054 10655.827148437511 1971.000244140625
1055 10421.999999999989 1836.000366210821
1056 10421.999999999989 1821.0003662109375
1057 10836.999999999989 1821.0001831055852
1058 11251.999999999996 1821.0000000001164
1059 11263.999999999996 1810.99755859375
1060 10823.857142857141 1810.9979073660215
1061 10383.714285714279 1810.9982561384095
1062 9943.571428571424 1810.998604910681
1063 9503.428571428569 1810.9989536829526
1064 9063.285714285714 1810.999302455224
1065 8623.142857142851 1810.999651227612
1066 8182.999999999996 1810.9999999998836
1067 8182.999999999996 1796.0
1068 8416.827148437496 1660.9998779299203
1069 8852.384765624996 1660.9995320640737
1070 9287.942382812496 1660.9991861981107
1071 9723.499999999996 1660.9988403321477
1072 10159.057617187496 1660.998494466301
1073 10594.615234374996 1660.9981486004544
1074 11030.172851562496 1660.9978027344914
1075 11263.999999999996 1795.9975585938664
1076 11424.999999999996 1650.99755859375
1077 10984.857142857141 1650.997907366138
1078 10544.714285714279 1650.9982561384095
1079 10104.571428571424 1650.9986049107974
1080 9664.428571428569 1650.998953683069
1081 9224.285714285714 1650.999302455457
1082 8784.142857142851 1650.9996512277285
1083 8343.999999999996 1651.0000000001164
1084 8343.999999999996 1635.9999999996508
1085 8577.827148437496 1500.9998779296875
1086 9013.384765624996 1500.999532063841
1087 9448.942382812496 1500.9991861979943
1088 9884.499999999996 1500.9988403321477
1089 10320.057617187496 1500.9984944664175
1090 10755.615234374996 1500.9981486005709
1091 11191.172851562496 1500.9978027347242
1092 11424.999999999996 1635.99755859375
1093 11419.999999999996 1491.0000000001164
1094 10979.857142857141 1491.0001743863104
1095 10539.714285714279 1491.000348772388
1096 10099.571428571424 1491.000523158582
1097 9659.428571428569 1491.000697544776
1098 9219.285714285714 1491.0008719309699
1099 8779.142857142851 1491.0010463170474
1100 8338.999999999996 1491.0012207032414
1101 8338.999999999996 1476.001220703125
1102 8572.827148437496 1341.0010986328125
1103 9008.384765624996 1341.0009358724346
1104 9443.942382812496 1341.0007731119404
1105 9879.499999999996 1341.0006103515625
1106 10315.057617187496 1341.0004475911846
1107 10750.615234374996 1341.0002848306904
1108 11186.172851562496 1341.0001220703125
1109 11419.999999999996 1476.0000000001164
1110 11419.999999999996 1331.0
1111 10979.857142857141 1331.000174386194
1112 10539.714285714279 1331.0003487722715
1113 10099.571428571424 1331.0005231584655
1114 9659.428571428569 1331.0006975446595
1115 9219.285714285714 1331.0008719308535
1116 8779.142857142851 1331.001046316931
1117 8338.999999999996 1331.001220703125
1118 8338.999999999996 1316.001220703125
1119 8572.827148437496 1181.0010986328125
1120 9008.384765624996 1181.0009358724346
1121 9443.942382812496 1181.0007731119404
1122 9879.499999999996 1181.0006103515625
1123 10315.057617187496 1181.0004475911846
1124 10750.615234374996 1181.0002848306904
1125 11186.172851562496 1181.0001220703125
1126 11419.999999999996 1316.0
1127 11419.999999999996 1171.0000000001164
1128 10979.857142857141 1171.0001743863104
1129 10539.714285714279 1171.000348772388
1130 10099.571428571424 1171.000523158582
1131 9659.428571428569 1171.0006975446595
1132 9219.285714285714 1171.0008719308535
1133 8779.142857142851 1171.001046316931
1134 8338.999999999996 1171.001220703125
1135 8338.999999999996 1156.001220703125
1136 8572.827148437496 1021.0010986328125
1137 9008.384765624996 1021.000925699831
1138 9443.942382812496 1021.0007527669659
1139 9879.499999999996 1021.0005798341008
1140 10315.057617187496 1021.0004069011193
1141 10750.615234374996 1021.0002339681378
1142 11186.172851562496 1021.0000610352727
1143 11419.999999999996 1156.0000000001164
1144 11499.999999999996 1011.0
1145 11124.749999999996 1011.0001525878906
1146 10749.499999999996 1011.0003051758977
1147 10374.249999999996 1011.0004577637883
1148 9998.999999999996 1011.0006103516789
1149 9988.748737341524 986.2518730101874
1150 9963.999999999996 976.0006103516789
1151 9963.999999999996 598.500602722168
1152 9963.999999999996 221.00059509265702
1153 10083.999999999996 221.00054931652267
1154 10129.496582031246 479.0241394044133
1155 10174.993164062496 737.0477294923039
1156 10183.083242915101 765.8015929264948
1157 10196.710370822733 792.3823269873392
1158 10215.334166124809 815.7358767555561
1159 10238.216105084026 834.9361608080799
1160 10264.448807931487 849.2217948349426
1161 10292.992020871836 858.0262842165539
1162 10322.713867187496 861.00048828125
1163 10794.443359374996 861.0002746582031
1164 11266.172851562496 861.0000610351562
1165 11499.999999999996 996.0000000001164
1166 11524.999999999996 1656.9999999998836
1167 11509.999999999989 1656.9999999998836
1168 11509.999999999989 1259.5000000001164
1169 11509.999999999989 862.0000000002328
1170 11524.999999999996 862.0000000002328
1171 11660.000000000011 1095.8267822265625
1172 11660.000000000011 1423.173095703125
1173 11695.999999999996 2399.9999999998836
1174 11670.986245478798 2406.695389218512
1175 11652.676102148976 2425.0053538082866
1176 11645.980468749996 2450.0190429688664
1177 11262.50358072916 2450.0191243491136
1178 10879.026692708332 2450.019205729477
1179 10495.549804687496 2450.0192871097242
1180 10495.549804687496 2435.01318359375
1181 10524.355511918944 2429.2864372640615
1182 10552.726309541573 2421.692871903535
1183 10580.541349951356 2412.2648328905925
1184 10607.682152835023 2401.0424796855077
1185 10634.033109846121 2388.0736147688003
1186 10659.481977047715 2373.41348002234
1187 10683.92035302411 2357.124521422549
1188 10707.244140624996 2339.276123046875
1189 10984.036458333325 2112.809407552122
1190 11260.82877604166 1886.3426920573693
1191 11537.621093749989 1659.8759765626164
1192 11559.215729664287 1641.0324722297955
1193 11579.567047389999 1620.8525360891363
1194 11598.592495353823 1599.418024534476
1195 11616.214900142102 1576.815882925992
1196 11632.36277954125 1553.1377929117298
1197 11646.97063249294 1528.4798005368793
1198 11659.979204787702 1502.9419266500045
1199 11671.335729419323 1476.6277611852856
1200 11680.994140624996 1449.6440429686336
1201 11695.999999999996 1449.6440429686336
1202 11695.999999999996 1504.6650390626164
1203 11695.999999999996 1952.33251953125
1204 11856.999999999996 2600.9978027347242
1205 11849.999999999996 2600.9978027347242
1206 11842.928932188184 2603.9267349226866
1207 11839.999999999996 2610.997802734375
1208 11355.333333333332 2610.9981689453125
1209 10870.66666666666 2610.99853515625
1210 10385.999999999996 2610.998901367071
1211 9901.333333333332 2610.9992675780086
1212 9416.66666666666 2610.999633788946
1213 8931.999999999996 2610.9999999998836
1214 8931.999999999996 2596.000000000233
1215 9165.827148437496 2460.9997558592586
1216 9614.355957031246 2460.9994303383864
1217 10062.884765624996 2460.9991048175143
1218 10511.413574218746 2460.998779296642
1219 10959.942382812496 2460.99845377577
1220 11408.471191406246 2460.998128254898
1221 11856.999999999996 2460.9978027340258
1222 11906.078124999989 2099.0205078123836
1223 11891.062499999996 2114.0263671875
1224 11771.023437499996 2114.0263671875
1225 11705.999999999996 2049.0
1226 11705.999999999996 1650.1839192708721
1227 11705.999999999996 1251.3678385417443
1228 11705.999999999996 852.5517578126164
1229 11906.078124999989 852.5516967772273
1230 11906.078124999989 1268.041300455574
1231 11906.078124999989 1683.530904134037
1232 11890.999999999996 838.9987182617188
1233 11488.999999999996 838.9990386962891
1234 11086.999999999996 838.999359130743
1235 10684.999999999996 838.9996795653133
1236 10282.999999999996 838.9999999998836
1237 10280.071067811816 831.9289321880788
1238 10272.999999999996 829.0000000001164
1239 10263.000000000011 829.0000000001164
1240 10263.000000000011 689.0
1241 10727.724283854175 688.9996337889461
1242 11192.448567708332 688.9992675780086
1243 11657.172851562496 688.9989013669547
1244 11890.999999999996 823.9987182617188
1245 11977.999999999996 979.0000000002328
1246 11957.999999999996 979.0000000002328
1247 11956.555418001666 949.5948579013348
1248 11952.235584120983 920.4729033954209
1249 11945.08210071969 891.914596823859
1250 11935.163859753415 864.1949702906422
1251 11922.576379304544 837.5809789523482
1252 11907.4408836908 812.3289300942561
1253 11889.90313600886 788.6820147510152
1254 11870.132034356004 766.8679656442255
1255 11848.317985249134 747.0968639913481
1256 11824.671069905915 729.5591163093923
1257 11799.41902104783 714.4236206955975
1258 11772.805029709558 701.8361402467126
1259 11745.085403176363 691.9178992804373
1260 11716.527096604852 684.7644158791518
1261 11687.405142098873 680.4445819983957
1262 11657.999999999996 679.0000000001164
1263 11303.476562499996 679.0000000001164
1264 10948.953124999996 679.0000000001164
1265 10594.429687499996 679.0000000001164
1266 10273.999999999996 494.0000000001164
1267 10273.999999999996 479.0
1268 10691.249999999996 479.0
1269 11108.499999999996 479.0
1270 11525.749999999996 479.0
1271 11942.999999999996 479.0
1272 11953.251262658468 503.7487373414915
1273 11977.999999999996 514.0
1274 11556.570312499996 370.0001220703125
1275 11202.046874999996 370.0002644857159
1276 10847.523437499996 370.00040690100286
1277 10492.999999999996 370.00054931640625
1278 10463.59485030847 371.4451320625376
1279 10434.472888429558 375.7649681722978
1280 10405.914574921026 382.91845524078235
1281 10378.194942095895 392.8367012415547
1282 10351.58094530956 405.42418799421284
1283 10326.328892032445 420.5596910576569
1284 10302.681973467672 438.0974471878726
1285 10280.867922485642 457.8685581188183
1286 10261.096820430826 479.6826171457069
1287 10243.55907392257 503.32954284665175
1288 10228.423581134284 528.5816022823565
1289 10215.836105210878 555.1956041905796
1290 10205.917870489266 582.9152410514653
1291 10198.764395041118 611.4735574707156
1292 10194.444570781157 640.5955211074324
1293 10192.999999999989 670.0006713867188
1294 10172.999999999996 670.0006713867188
1295 10172.999999999996 205.00065612781327
1296 10197.74873734148 194.7493934694212
1297 10207.999999999996 170.0006561279297
1298 10625.249999999996 170.00049209594727
1299 11042.499999999996 170.00032806408126
1300 11459.749999999996 170.00016403209884
1301 11876.999999999996 170.00000000011642
1302 11876.999999999996 184.99999999988358
1303 11842.499999999989 391.8172607420711
1304 11713.456054687496 466.3210754394531
1305 11443.456054687489 466.3211975097656
1306 11434.795898437496 454.00015258800704
1307 11702.397949218746 299.5000762940617
1308 11969.999999999996 145.00000000011642
1309 11977.499999999996 157.99037170398515
1310 11922.999999999996 25.0
1311 11689.172851562496 160.0000915528508
1312 11283.836425781246 160.00024795543868
1313 10878.499999999996 160.00040435791016
1314 10473.163574218746 160.00056076038163
1315 10067.827148437496 160.00071716296952
1316 9833.999999999996 25.00081443763338
1317 9833.999999999996 10.000813484424725
1318 10251.8 10.000650787493214
1319 10669.599999999995 10.000488090561703
1320 11087.399999999998 10.000325393746607
1321 11505.199999999993 10.000162696815096
1322 11922.999999999996 9.999999999883585
GTSP_SET_SECTION
1 1 -1
2 2 3 4 5 6 7 8 9 -1
3 10 11 12 13 14 15 -1
4 16 17 18 19 20 21 -1
5 22 23 24 25 26 27 28 29 30 31 32 33 34 35 -1
6 36 37 38 39 40 41 42 43 44 45 46 47 48 -1
7 49 50 51 52 53 54 55 56 57 58 59 60 61 62 63 64 65 66 67 68 69 70 71 72 73 74 75 76 77 78 79 80 81 82 83 84 85 86 87 88 89 90 91 92 93 94 95 96 97 98 99 100 101 102 103 104 105 106 107 108 109 110 111 112 113 114 115 116 117 118 119 120 121 122 123 124 125 126 127 128 129 130 131 132 133 134 135 136 137 138 139 140 141 142 143 144 145 146 147 148 149 150 151 152 153 154 155 156 157 158 159 160 161 162 163 164 165 166 167 168 169 170 171 172 173 174 175 176 177 178 179 180 181 182 183 184 185 186 187 188 189 190 191 192 193 194 195 196 197 198 199 200 201 202 203 204 205 206 -1
8 207 208 209 210 211 212 213 214 215 216 217 218 219 220 221 222 223 224 -1
9 225 226 227 228 229 230 231 232 233 234 235 236 237 238 239 -1
10 240 241 242 243 244 245 246 247 248 249 250 251 252 -1
11 253 254 255 256 257 258 259 260 261 262 263 264 265 266 267 268 269 -1
12 270 271 272 273 274 275 276 277 278 -1
13 279 280 281 282 283 284 285 286 287 288 289 290 291 292 293 -1
14 294 295 296 297 298 299 300 301 302 303 304 305 306 307 308 309 310 -1
15 311 312 313 314 315 316 317 318 319 320 -1
16 321 322 323 324 325 326 327 328 329 330 -1
17 331 332 333 334 335 336 -1
18 337 338 339 340 341 342 343 344 345 346 347 348 349 350 351 352 353 354 355 356 357 358 359 360 361 362 363 364 365 366 367 368 369 370 371 372 373 374 375 376 377 378 379 380 381 382 383 384 385 386 387 388 389 390 391 392 393 394 395 396 397 398 399 400 401 402 403 404 405 406 407 408 409 410 411 412 413 414 -1
19 415 416 417 418 419 420 421 422 423 424 425 426 427 428 429 430 431 432 433 434 435 436 437 438 -1
20 439 440 441 442 443 444 445 446 447 -1
21 448 449 450 451 452 453 454 455 456 457 -1
22 458 459 460 461 462 463 464 465 466 467 468 -1
23 469 470 471 472 473 474 475 476 477 478 479 480 481 482 483 484 485 486 487 488 489 490 491 492 493 494 495 496 497 498 499 500 501 502 503 -1
24 504 505 506 507 508 509 510 511 512 513 514 515 516 517 518 519 520 521 522 523 524 525 -1
25 526 527 528 529 530 531 532 -1
26 533 534 535 536 537 538 539 540 541 542 543 544 545 546 547 548 549 550 551 552 553 554 555 556 557 558 559 560 561 562 563 564 565 566 567 568 569 570 571 572 573 574 575 576 577 578 579 580 581 582 583 584 585 586 587 588 589 590 591 592 593 594 595 596 597 598 599 600 601 602 603 604 605 606 607 608 609 610 -1
27 611 612 613 614 615 616 617 618 619 620 621 622 623 624 625 626 627 628 629 630 631 632 633 634 -1
28 635 636 637 638 639 640 -1
29 641 642 643 644 645 646 647 648 649 650 651 -1
30 652 653 654 655 656 657 658 659 660 661 662 663 664 665 666 667 668 669 670 671 672 673 674 675 676 677 678 679 680 681 682 683 684 685 686 687 688 689 690 691 692 693 694 695 696 697 698 699 700 701 702 -1
31 703 704 705 706 707 708 709 710 -1
32 711 712 713 714 715 716 717 718 719 720 721 -1
33 722 723 724 725 726 727 728 729 730 731 732 733 734 735 736 737 738 739 740 741 742 743 744 745 746 747 748 749 750 751 752 753 754 755 756 757 758 759 760 761 762 763 764 765 766 767 768 769 770 771 772 -1
34 773 774 775 776 777 778 779 780 781 782 783 784 785 -1
35 786 787 788 789 790 791 792 793 794 795 796 797 798 799 -1
36 800 801 802 803 804 805 806 -1
37 807 808 809 810 811 812 813 814 815 816 817 818 819 820 821 822 823 824 825 826 827 828 829 830 831 832 833 834 835 836 837 838 839 840 841 842 843 844 845 846 847 848 849 850 851 -1
38 852 853 854 855 856 857 858 859 860 861 862 863 864 865 866 867 868 869 -1
39 870 871 872 873 874 875 876 877 878 879 880 881 882 883 884 885 886 887 888 -1
40 889 890 891 892 893 894 895 896 897 898 899 900 901 902 903 904 905 906 -1
41 907 908 909 910 911 912 913 914 915 916 917 918 919 920 921 922 923 -1
42 924 925 926 927 928 929 930 931 932 933 934 935 936 937 938 939 940 -1
43 941 942 943 944 945 946 947 948 949 950 951 952 953 954 955 956 957 -1
44 958 959 960 961 962 963 964 965 966 967 968 969 970 971 972 973 974 -1
45 975 976 977 978 979 980 981 982 983 984 985 986 987 988 989 990 991 992 993 -1
46 994 995 996 997 998 999 1000 1001 1002 1003 1004 1005 1006 1007 1008 1009 1010 -1
47 1011 1012 1013 1014 1015 1016 1017 1018 1019 1020 1021 1022 1023 1024 1025 1026 1027 -1
48 1028 1029 1030 1031 1032 1033 1034 1035 1036 1037 1038 1039 1040 1041 1042 1043 1044 -1
49 1045 1046 1047 1048 1049 1050 1051 -1
50 1052 1053 1054 1055 1056 1057 1058 -1
51 1059 1060 1061 1062 1063 1064 1065 1066 1067 1068 1069 1070 1071 1072 1073 1074 1075 -1
52 1076 1077 1078 1079 1080 1081 1082 1083 1084 1085 1086 1087 1088 1089 1090 1091 1092 -1
53 1093 1094 1095 1096 1097 1098 1099 1100 1101 1102 1103 1104 1105 1106 1107 1108 1109 -1
54 1110 1111 1112 1113 1114 1115 1116 1117 1118 1119 1120 1121 1122 1123 1124 1125 1126 -1
55 1127 1128 1129 1130 1131 1132 1133 1134 1135 1136 1137 1138 1139 1140 1141 1142 1143 -1
56 1144 1145 1146 1147 1148 1149 1150 1151 1152 1153 1154 1155 1156 1157 1158 1159 1160 1161 1162 1163 1164 1165 -1
57 1166 1167 1168 1169 1170 1171 1172 -1
58 1173 1174 1175 1176 1177 1178 1179 1180 1181 1182 1183 1184 1185 1186 1187 1188 1189 1190 1191 1192 1193 1194 1195 1196 1197 1198 1199 1200 1201 1202 1203 -1
59 1204 1205 1206 1207 1208 1209 1210 1211 1212 1213 1214 1215 1216 1217 1218 1219 1220 1221 -1
60 1222 1223 1224 1225 1226 1227 1228 1229 1230 1231 -1
61 1232 1233 1234 1235 1236 1237 1238 1239 1240 1241 1242 1243 1244 -1
62 1245 1246 1247 1248 1249 1250 1251 1252 1253 1254 1255 1256 1257 1258 1259 1260 1261 1262 1263 1264 1265 1266 1267 1268 1269 1270 1271 1272 1273 -1
63 1274 1275 1276 1277 1278 1279 1280 1281 1282 1283 1284 1285 1286 1287 1288 1289 1290 1291 1292 1293 1294 1295 1296 1297 1298 1299 1300 1301 1302 -1
64 1303 1304 1305 1306 1307 1308 1309 -1
65 1310 1311 1312 1313 1314 1315 1316 1317 1318 1319 1320 1321 1322 -1
GTSP_SET_ORDERING
8 7 -1
19 18 -1
27 26 -1
EOF