NAME: Lc66v2017
TYPE: PCGTSP 
COMMENT: 
DIMENSION: 2018
GTSP_SETS: 67
EDGE_WEIGHT_TYPE: EUC_2D
NODE_COORD_SECTION
1 0.0 0.0
2 2118.0 1551.000000000291
3 1958.0 1551.000000000291
4 1958.0 1431.0000000004075
5 1988.0 1431.0000000004075
6 1995.0710678119103 1428.0710678122123
7 1998.0 1421.0000000002328
8 1998.0 1381.000000000291
9 1995.0710678118885 1373.9289321883698
10 1988.0 1371.0000000002328
11 1958.0 1371.0000000002328
12 1958.0 1251.0000000002328
13 2118.0 1251.0000000002328
14 2118.0 1371.0000000002328
15 2088.0 1371.0000000002328
16 2080.9289321881115 1373.9289321883698
17 2078.0 1381.000000000291
18 2078.0 1421.0000000002328
19 2080.9289321880897 1428.0710678122123
20 2088.0 1431.0000000004075
21 2118.0 1431.0000000004075
22 1948.0001220703089 1878.000000000291
23 1798.0001220703089 1878.000000000291
24 1798.0001220703089 1508.000000000291
25 1819.213332209678 1499.2132101397146
26 1828.0001220703089 1478.0000000004075
27 1819.2133322097288 1456.7867898609256
28 1798.0001220703089 1448.0000000002328
29 1798.0 1078.0000000001164
30 1948.0 1078.0000000001164
31 1948.0001220703089 1448.0000000002328
32 1926.786911930889 1456.7867898609256
33 1918.0001220703089 1478.0000000004075
34 1926.7869119309398 1499.2132101397146
35 1948.0001220703089 1508.000000000291
36 1806.384765625 1909.0196533206035
37 1331.20166015625 1909.0198364261305
38 856.0185546875 1909.0200195315992
39 856.0185546875 1906.019042969041
40 849.3230838890377 1881.0056358957663
41 831.013341711212 1862.6957149780937
42 806.0 1856.0000000001164
43 805.9998575846366 1472.5258789063664
44 805.9997151692733 1089.0517578126746
45 805.9995727539099 705.5776367189246
46 821.0151977539099 705.5776367189246
47 825.0868865005541 735.0751820583246
48 831.1004931583993 764.238864357816
49 839.0296860346862 792.9409850221709
50 848.8397456868843 821.0558664894779
51 860.4877169482461 848.4604025336448
52 873.9225970149455 875.0345973077929
53 889.0855587713486 900.6620907683973
54 905.9102083754369 925.2306681793998
55 924.3228759765589 948.6327514651348
56 1139.1853027343714 1208.3556722008507
57 1354.0477294921875 1468.0785929365084
58 1568.91015625 1727.8015136722242
59 1587.2436740280937 1750.6918203848181
60 1607.0292616780025 1772.339326866204
61 1628.1828833099607 1792.652089045907
62 1650.6146925445319 1811.5438319506356
63 1674.2294141196871 1828.9343161429279
64 1698.926748556125 1844.749678524211
65 1724.601798162119 1858.9227460554685
66 1751.145512568466 1871.3933210634277
67 1778.445151901229 1882.1084369198652
68 1806.384765625 1891.0225830080453
69 1788.0001220703089 1641.0000000004075
70 1638.0001220703089 1641.0000000004075
71 1638.0001220703089 1271.0000000002328
72 1659.213332209678 1262.2132101397146
73 1668.0001220703089 1241.0000000004075
74 1659.2133322097288 1219.7867898609256
75 1638.0001220703089 1211.0000000002328
76 1638.0 841.0000000004075
77 1788.0 841.0000000004075
78 1788.0001220703089 1211.0000000002328
79 1766.786911930889 1219.7867898609256
80 1758.0001220703089 1241.0000000004075
81 1766.7869119309398 1262.2132101397146
82 1788.0001220703089 1271.0000000002328
83 1628.0001220703089 1448.0000000002328
84 1478.0001220703089 1448.0000000002328
85 1478.0001220703089 1078.0000000001164
86 1499.2133322097034 1069.2132101394818
87 1508.0001220703089 1048.0000000001164
88 1499.213332209678 1026.7867898608092
89 1478.0001220703089 1018.0000000002328
90 1478.0 648.000000000291
91 1628.0 648.000000000291
92 1628.0001220703089 1018.0000000002328
93 1606.7869119309398 1026.7867898608092
94 1598.0001220703089 1048.0000000001164
95 1606.7869119309144 1069.2132101394818
96 1628.0001220703089 1078.0000000001164
97 1468.0001220703089 1256.0000000004075
98 1318.0001220703089 1256.0000000004075
99 1318.0001220703089 886.0000000002328
100 1339.213332209678 877.2132101397146
101 1348.0001220703089 856.0000000004075
102 1339.2133322097034 834.786789861042
103 1318.0001220703089 826.0000000004075
104 1318.0 456.0000305180438
105 1468.0 456.0000000001164
106 1468.0001220703089 826.0000000004075
107 1446.7869119309144 834.786789861042
108 1438.0001220703089 856.0000000004075
109 1446.7869119309398 877.2132101397146
110 1468.0001220703089 886.0000000002328
111 1308.0001220703089 1090.000000000291
112 1158.0001220703089 1090.000000000291
113 1158.0001220703089 720.0000000001164
114 1179.213332209678 711.2132101395982
115 1188.0001220703089 690.000000000291
116 1179.2133322097034 668.7867898609256
117 1158.0001220703089 660.000000000291
118 1158.0 290.00003051792737
119 1308.0 290.00000000040745
120 1308.0001220703089 660.000000000291
121 1286.7869119309144 668.7867898609256
122 1278.0001220703089 690.000000000291
123 1286.7869119309398 711.2132101395982
124 1308.0001220703089 720.0000000001164
125 1148.0001220703089 1022.0000000001164
126 998.0001831054688 1022.0000000001164
127 998.000061035149 652.0000000004075
128 1019.2133106305955 643.2132317189826
129 1028.0001220703089 622.0000000002328
130 1019.2133106305482 600.7867682815995
131 998.000061035149 592.0000000002328
132 998.0 222.00003051769454
133 1148.0 222.00000000011642
134 1148.0001220703089 592.0000000002328
135 1126.7869119309144 600.7867898608674
136 1118.0001220703089 622.0000000002328
137 1126.786911930867 643.2132101397146
138 1148.0001220703089 652.0000000004075
139 978.0 595.0
140 858.0 595.0
141 858.0 565.000000000291
142 855.0710678118667 557.928932188428
143 848.0 555.000000000291
144 808.0 555.000000000291
145 800.9289321881333 557.928932188428
146 798.0 565.000000000291
147 798.0 595.0
148 678.0 595.0
149 678.0 435.00000000029104
150 798.0 435.00000000029104
151 798.0 465.00000000029104
152 800.9289321881588 472.07106781209586
153 808.0 475.0000000001164
154 848.0 475.0000000001164
155 855.0710678118412 472.07106781209586
156 858.0 465.00000000029104
157 858.0 435.00000000029104
158 978.0 435.00000000029104
159 796.0001831054688 1650.0000000002328
160 646.0001831054688 1650.0000000002328
161 646.0000610351599 1280.0000000001164
162 667.2132711745217 1271.2132101395982
163 676.000061035149 1250.000000000291
164 667.2132711745217 1228.7867898609838
165 646.0000610351599 1220.0000000004075
166 646.0 850.0000000004075
167 796.0 850.0000000004075
168 796.000061035149 1220.0000000004075
169 774.7868508957836 1228.7867898609838
170 766.0000610351599 1250.000000000291
171 774.7868508957872 1271.2132101395982
172 796.000061035149 1280.0000000001164
173 3016.0 1861.0000000002328
174 2896.0 1861.0000000002328
175 2896.0 1831.000000000291
176 2893.071067811936 1823.9289321882534
177 2886.0 1821.0
178 2846.0 1821.0
179 2838.928932188064 1823.9289321882534
180 2836.0 1831.000000000291
181 2836.0 1861.0000000002328
182 2716.0 1861.0000000002328
183 2716.0 1701.0000000004075
184 2836.0 1701.0000000004075
185 2836.0 1731.0000000004075
186 2838.928932188159 1738.0710678122123
187 2846.0 1741.0000000002328
188 2886.0 1741.0000000002328
189 2893.071067811841 1738.0710678122123
190 2896.0 1731.0000000004075
191 2896.0 1701.0000000004075
192 3016.0 1701.0000000004075
193 3052.0 1691.000000000291
194 2932.0 1691.000000000291
195 2932.0 1661.0000000004075
196 2929.071067811936 1653.9289321883698
197 2922.0 1651.0000000001164
198 2882.0 1651.0000000001164
199 2874.928932188064 1653.9289321883698
200 2872.0 1661.0000000004075
201 2872.0 1691.000000000291
202 2752.0 1691.000000000291
203 2752.0 1531.0000000001164
204 2872.0 1531.0000000001164
205 2872.0 1561.000000000291
206 2874.9289321881115 1568.0710678122123
207 2882.0 1571.0000000004075
208 2922.0 1571.0000000004075
209 2929.0710678118885 1568.0710678122123
210 2932.0 1561.000000000291
211 2932.0 1531.0000000001164
212 3052.0 1531.0000000001164
213 4179.0 1271.0000000002328
214 4059.0 1271.0000000002328
215 4059.0 1241.0000000004075
216 4056.071067811932 1233.9289321883698
217 4048.999999999989 1231.0000000001164
218 4009.0 1231.0000000001164
219 4001.928932188057 1233.9289321883698
220 3998.999999999989 1241.0000000004075
221 3998.999999999989 1271.0000000002328
222 3879.0 1271.0000000002328
223 3879.0 1111.0000000001164
224 3998.999999999989 1111.0000000001164
225 3998.999999999989 1141.0000000002328
226 4001.9289321880824 1148.0710678122123
227 4009.0 1151.0000000004075
228 4048.999999999989 1151.0000000004075
229 4056.0710678119103 1148.0710678122123
230 4059.0 1141.0000000002328
231 4059.0 1111.0000000001164
232 4179.0 1111.0000000001164
233 4146.0 1441.0000000002328
234 4026.0 1441.0000000002328
235 4026.0 1411.0000000002328
236 4023.071067811863 1403.9289321883698
237 4016.0 1401.000000000291
238 3976.0 1401.000000000291
239 3968.928932188137 1403.9289321883698
240 3966.0 1411.0000000002328
241 3966.0 1441.0000000002328
242 3846.0 1441.0000000002328
243 3846.0 1281.0000000002328
244 3966.0 1281.0000000002328
245 3966.0 1311.0000000004075
246 3968.928932188206 1318.0710678120959
247 3976.0 1321.0000000001164
248 4016.0 1321.0000000001164
249 4023.071067811794 1318.0710678120959
250 4026.0 1311.0000000004075
251 4026.0 1281.0000000002328
252 4146.0 1281.0000000002328
253 6092.999999999996 2276.0000000004075
254 5972.999999999996 2276.0000000004075
255 5972.999999999996 2246.000000000233
256 5970.071067811816 2238.928932188486
257 5962.999999999996 2236.0000000004075
258 5922.999999999996 2236.0000000004075
259 5915.928932188177 2238.928932188486
260 5912.999999999996 2246.000000000233
261 5912.999999999996 2276.0000000004075
262 5792.999999999996 2276.0000000004075
263 5792.999999999996 2116.0000000004075
264 5912.999999999996 2116.0000000004075
265 5912.999999999996 2146.000000000233
266 5915.928932188082 2153.0710678122123
267 5922.999999999996 2156.0000000004075
268 5962.999999999996 2156.0000000004075
269 5970.07106781191 2153.0710678122123
270 5972.999999999996 2146.000000000233
271 5972.999999999996 2116.0000000004075
272 6092.999999999996 2116.0000000004075
273 6157.999999999996 2106.0000000001164
274 5787.999999999996 2106.0000000001164
275 5779.213210139347 2084.786789860809
276 5757.999999999996 2076.000000000291
277 5736.7867898606455 2084.786789860809
278 5727.999999999996 2106.0000000001164
279 5358.0 2106.0000000001164
280 5358.0 1956.0000000004075
281 5727.999999999996 1956.0000000004075
282 5736.786789860675 1977.2132101396564
283 5757.999999999996 1986.0000000001164
284 5779.213210139318 1977.2132101396564
285 5787.999999999996 1956.0000000004075
286 6157.999999999996 1956.0000000004075
287 6040.999999999996 1946.0000000001164
288 5671.0 1946.0000000001164
289 5662.2132101393945 1924.786789860751
290 5641.0 1916.0000000001164
291 5619.7867898606055 1924.786789860751
292 5611.0 1946.0000000001164
293 5241.0 1946.0000000001164
294 5241.0 1796.0000000002328
295 5611.0 1796.0000000002328
296 5619.7867898606055 1817.2132101395982
297 5641.0 1826.0000000002328
298 5662.2132101393945 1817.2132101395982
299 5671.0 1796.0000000002328
300 6040.999999999996 1796.0000000002328
301 6239.999999999996 1769.0000000002328
302 6089.999999999996 1769.0000000002328
303 6089.999999999996 1399.0000000002328
304 6111.213210139391 1390.2132101395982
305 6119.999999999996 1369.0000000002328
306 6111.213210139347 1347.7867898609256
307 6089.999999999996 1339.0000000004075
308 6089.999999999996 969.000000000291
309 6239.999999999996 969.000000000291
310 6239.999999999996 1339.0000000004075
311 6218.7867898606455 1347.7867898609256
312 6209.999999999996 1369.0000000002328
313 6218.786789860602 1390.2132101395982
314 6239.999999999996 1399.0000000002328
315 5923.999999999996 1786.000000000291
316 5554.0 1786.000000000291
317 5545.21321013942 1764.7867898608092
318 5524.0 1756.0000000001164
319 5502.78678986058 1764.7867898608092
320 5494.0 1786.000000000291
321 5124.0 1786.000000000291
322 5124.0 1636.0000000002328
323 5494.0 1636.0000000002328
324 5502.786789860558 1657.2132101397146
325 5524.0 1666.0000000004075
326 5545.213210139442 1657.2132101397146
327 5554.0 1636.0000000002328
328 5923.999999999996 1636.0000000002328
329 5919.999999999996 1626.0000000004075
330 5550.0 1626.0000000004075
331 5541.21321013942 1604.7867898609838
332 5520.0 1596.000000000291
333 5498.78678986058 1604.7867898609838
334 5490.0 1626.0000000004075
335 5119.999999999989 1626.0000000004075
336 5119.999999999989 1476.0000000002328
337 5490.0 1476.0000000002328
338 5498.786789860558 1497.2132101397146
339 5520.0 1506.0000000004075
340 5541.213210139442 1497.2132101397146
341 5550.0 1476.0000000002328
342 5919.999999999996 1476.0000000002328
343 6079.999999999996 1555.0000000004075
344 5929.999999999996 1555.0000000004075
345 5929.999999999996 1185.0000000004075
346 5951.213210139413 1176.2132101397146
347 5959.999999999996 1155.000000000291
348 5951.213210139413 1133.7867898608674
349 5929.999999999996 1125.0000000002328
350 5929.999999999996 755.0000000002328
351 6079.999999999996 755.0000000002328
352 6079.999999999996 1125.0000000002328
353 6058.78678986058 1133.7867898608674
354 6049.999999999996 1155.000000000291
355 6058.78678986058 1176.2132101397146
356 6079.999999999996 1185.0000000004075
357 5919.999999999996 1466.0000000004075
358 5550.0 1466.0000000004075
359 5541.2132101393945 1444.786789861042
360 5520.0 1436.0000000004075
361 5498.7867898606055 1444.786789861042
362 5490.0 1466.0000000004075
363 5119.999999999989 1466.0000000004075
364 5119.999999999989 1316.0000000002328
365 5490.0 1316.0000000002328
366 5498.786789860558 1337.2132101397146
367 5520.0 1346.0000000004075
368 5541.213210139442 1337.2132101397146
369 5550.0 1316.0000000002328
370 5919.999999999996 1316.0000000002328
371 5919.999999999996 1306.000000000291
372 5550.0 1306.000000000291
373 5541.213210139369 1284.7867898609838
374 5520.0 1276.0000000004075
375 5498.786789860631 1284.7867898609838
376 5490.0 1306.000000000291
377 5119.999999999989 1306.000000000291
378 5119.999999999989 1156.0
379 5490.0 1156.0
380 5498.786789860511 1177.2132101395982
381 5520.0 1186.0000000004075
382 5541.213210139489 1177.2132101395982
383 5550.0 1156.0
384 5919.999999999996 1156.0
385 5919.999999999996 1146.0000000001164
386 5550.0 1146.0000000001164
387 5541.213210139344 1124.7867898608674
388 5520.0 1116.0000000004075
389 5498.786789860656 1124.7867898608674
390 5490.0 1146.0000000001164
391 5119.999999999989 1146.0000000001164
392 5119.999999999989 996.000000000291
393 5490.0 996.000000000291
394 5498.786789860627 1017.2132101396564
395 5520.0 1026.0000000002328
396 5541.213210139373 1017.2132101396564
397 5550.0 996.000000000291
398 5919.999999999996 996.000000000291
399 5919.999999999996 986.0000000002328
400 5550.0 986.0000000002328
401 5541.2132101393945 964.7867898608674
402 5520.0 956.0000000002328
403 5498.7867898606055 964.7867898608674
404 5490.0 986.0000000002328
405 5119.999999999989 986.0000000002328
406 5119.999999999989 836.000000000291
407 5490.0 836.000000000291
408 5498.786789860627 857.2132101396564
409 5520.0 866.0000000002328
410 5541.213210139373 857.2132101396564
411 5550.0 836.000000000291
412 5919.999999999996 836.000000000291
413 5918.999999999996 826.0000000004075
414 5549.0 826.0000000004075
415 5540.21321013942 804.7867898609256
416 5519.0 796.0000000002328
417 5497.78678986058 804.7867898609256
418 5489.0 826.0000000004075
419 5119.0 826.0000000004075
420 5119.0 676.000000000291
421 5489.0 676.000000000291
422 5497.786789860627 697.2132101396564
423 5519.0 706.0000000002328
424 5540.213210139373 697.2132101396564
425 5549.0 676.000000000291
426 5918.999999999996 676.000000000291
427 5109.0 1560.0000000002328
428 4958.999999999989 1560.0000000002328
429 4958.999999999989 1190.0000000004075
430 4980.213210139438 1181.2132101397146
431 4989.0 1160.0000000002328
432 4980.213210139347 1138.7867898609256
433 4958.999999999989 1130.0000000004075
434 4958.999999999989 760.000000000291
435 5109.0 760.000000000291
436 5109.0 1130.0000000004075
437 5087.786789860653 1138.7867898609256
438 5079.0 1160.0000000002328
439 5087.786789860558 1181.2132101397146
440 5109.0 1190.0000000004075
441 5782.999999999996 2276.0000000004075
442 5663.0 2276.0000000004075
443 5663.0 2246.000000000233
444 5660.071067811819 2238.928932188486
445 5653.0 2236.0000000004075
446 5612.999999999989 2236.0000000004075
447 5605.928932188177 2238.928932188486
448 5603.0 2246.000000000233
449 5603.0 2276.0000000004075
450 5483.0 2276.0000000004075
451 5483.0 2116.0000000004075
452 5603.0 2116.0000000004075
453 5603.0 2146.000000000233
454 5605.928932188086 2153.0710678122123
455 5612.999999999989 2156.0000000004075
456 5653.0 2156.0000000004075
457 5660.07106781191 2153.0710678122123
458 5663.0 2146.000000000233
459 5663.0 2116.0000000004075
460 5782.999999999996 2116.0000000004075
461 8251.999999999996 1472.0000000004075
462 8131.999999999996 1472.0000000004075
463 8131.999999999996 1442.0000000004075
464 8129.0710678118885 1434.9289321884862
465 8121.999999999996 1432.0000000002328
466 8081.999999999996 1432.0000000002328
467 8074.928932188104 1434.9289321884862
468 8071.999999999996 1442.0000000004075
469 8071.999999999996 1472.0000000004075
470 7951.999999999996 1472.0000000004075
471 7951.999999999996 1312.0000000004075
472 8071.999999999996 1312.0000000004075
473 8071.999999999996 1342.0000000001164
474 8074.928932188082 1349.0710678120959
475 8081.999999999996 1352.000000000291
476 8121.999999999996 1352.000000000291
477 8129.07106781191 1349.0710678120959
478 8131.999999999996 1342.0000000001164
479 8131.999999999996 1312.0000000004075
480 8251.999999999996 1312.0000000004075
481 8138.999999999996 1642.000000000291
482 8018.999999999996 1642.000000000291
483 8018.999999999996 1612.0000000004075
484 8016.071067811932 1604.9289321883698
485 8008.999999999996 1602.0000000001164
486 7968.999999999996 1602.0000000001164
487 7961.928932188061 1604.9289321883698
488 7958.999999999996 1612.0000000004075
489 7958.999999999996 1642.000000000291
490 7838.999999999989 1642.000000000291
491 7838.999999999989 1482.0000000001164
492 7958.999999999996 1482.0000000001164
493 7958.999999999996 1512.000000000291
494 7961.928932188104 1519.0710678122123
495 7968.999999999996 1522.0000000004075
496 8008.999999999996 1522.0000000004075
497 8016.0710678118885 1519.0710678122123
498 8018.999999999996 1512.000000000291
499 8018.999999999996 1482.0000000001164
500 8138.999999999996 1482.0000000001164
501 8309.999999999996 1782.000000000291
502 8149.999999999996 1782.000000000291
503 8149.999999999996 1662.000000000291
504 8179.999999999996 1662.000000000291
505 8187.071067811867 1659.0710678120959
506 8189.999999999996 1652.0000000002328
507 8189.999999999996 1612.0000000004075
508 8187.071067811932 1604.9289321883698
509 8179.999999999996 1602.0000000001164
510 8149.999999999996 1602.0000000001164
511 8149.999999999996 1482.0000000001164
512 8309.999999999996 1482.0000000001164
513 8309.999999999996 1602.0000000001164
514 8279.999999999996 1602.0000000001164
515 8272.92893218806 1604.9289321883698
516 8269.999999999996 1612.0000000004075
517 8269.999999999996 1652.0000000002328
518 8272.928932188126 1659.0710678120959
519 8279.999999999996 1662.000000000291
520 8309.999999999996 1662.000000000291
521 8139.999999999996 1812.0000000002328
522 8019.999999999996 1812.0000000002328
523 8019.999999999996 1782.000000000291
524 8017.071067811838 1774.9289321884862
525 8009.999999999996 1772.0000000004075
526 7969.999999999996 1772.0000000004075
527 7962.928932188155 1774.9289321884862
528 7959.999999999996 1782.000000000291
529 7959.999999999996 1812.0000000002328
530 7839.999999999996 1812.0000000002328
531 7839.999999999996 1652.0000000002328
532 7959.999999999996 1652.0000000002328
533 7959.999999999996 1682.0000000004075
534 7962.928932188155 1689.0710678122123
535 7969.999999999996 1692.0000000002328
536 8009.999999999996 1692.0000000002328
537 8017.071067811838 1689.0710678122123
538 8019.999999999996 1682.0000000004075
539 8019.999999999996 1652.0000000002328
540 8139.999999999996 1652.0000000002328
541 8269.999999999996 1989.0000000004075
542 8149.999999999996 1989.0000000004075
543 8149.999999999996 1959.0000000001164
544 8147.071067811838 1951.9289321883116
545 8139.999999999996 1949.0000000002328
546 8099.999999999996 1949.0000000002328
547 8092.928932188155 1951.9289321883116
548 8089.999999999996 1959.0000000001164
549 8089.999999999996 1989.0000000004075
550 7969.999999999996 1989.0000000004075
551 7969.999999999996 1829.0000000004075
552 8089.999999999996 1829.0000000004075
553 8089.999999999996 1859.000000000291
554 8092.928932188155 1866.0710678120959
555 8099.999999999996 1869.0000000001164
556 8139.999999999996 1869.0000000001164
557 8147.071067811838 1866.0710678120959
558 8149.999999999996 1859.000000000291
559 8149.999999999996 1829.0000000004075
560 8269.999999999996 1829.0000000004075
561 9099.999999999996 1247.0000000004075
562 8979.999999999996 1247.0000000004075
563 8979.999999999996 1217.0000000001164
564 8977.071067811808 1209.9289321883698
565 8969.999999999996 1207.0000000004075
566 8929.999999999996 1207.0000000004075
567 8922.928932188184 1209.9289321883698
568 8919.999999999996 1217.0000000001164
569 8919.999999999996 1247.0000000004075
570 8799.999999999996 1247.0000000004075
571 8799.999999999996 1087.0000000004075
572 8919.999999999996 1087.0000000004075
573 8919.999999999996 1117.000000000291
574 8922.928932188155 1124.0710678120959
575 8929.999999999996 1127.0000000002328
576 8969.999999999996 1127.0000000002328
577 8977.071067811838 1124.0710678120959
578 8979.999999999996 1117.000000000291
579 8979.999999999996 1087.0000000004075
580 9099.999999999996 1087.0000000004075
581 9139.999999999996 1040.0000000002328
582 8979.999999999996 1040.0000000002328
583 8979.999999999996 920.0000610353309
584 9009.999999999996 920.000000000291
585 9017.07106781191 917.0710678119794
586 9019.999999999996 910.0
587 9019.999999999996 870.0000000004075
588 9017.071067811932 862.9289321883698
589 9009.999999999996 860.0000000001164
590 8979.999999999996 860.0000610355055
591 8979.999999999996 740.0000610353309
592 9139.999999999996 740.0000000002328
593 9139.999999999996 860.0000000001164
594 9109.999999999996 860.0000000001164
595 9102.92893218806 862.9289321883698
596 9099.999999999996 870.0000000004075
597 9099.999999999996 910.0
598 9102.928932188082 917.0710678119794
599 9109.999999999996 920.000000000291
600 9139.999999999996 920.000000000291
601 9081.999999999996 730.0000000004075
602 8961.999999999996 730.0000000004075
603 8961.999999999996 700.0000000001164
604 8959.071067811816 692.9289321883698
605 8951.999999999996 690.000000000291
606 8911.999999999996 690.000000000291
607 8904.928932188177 692.9289321883698
608 8901.999999999996 700.0000000001164
609 8901.999999999996 730.0000000004075
610 8781.999999999996 730.0000000004075
611 8781.999999999996 570.0000000004075
612 8901.999999999996 570.0000000004075
613 8901.999999999996 600.000000000291
614 8904.928932188199 607.0710678119794
615 8911.999999999996 610.0
616 8951.999999999996 610.0
617 8959.071067811794 607.0710678119794
618 8961.999999999996 600.000000000291
619 8961.999999999996 570.0000000004075
620 9081.999999999996 570.0000000004075
621 8968.999999999996 900.000000000291
622 8848.999999999996 900.000000000291
623 8848.999999999996 870.0000000004075
624 8846.071067811932 862.9289321883698
625 8838.999999999996 860.0000000001164
626 8798.999999999996 860.0000000001164
627 8791.92893218806 862.9289321883698
628 8788.999999999996 870.0000000004075
629 8788.999999999996 900.000000000291
630 8668.999999999996 900.000000000291
631 8668.999999999996 740.0000000002328
632 8788.999999999996 740.0000000002328
633 8788.999999999996 770.0
634 8791.928932188082 777.0710678119794
635 8798.999999999996 780.000000000291
636 8838.999999999996 780.000000000291
637 8846.07106781191 777.0710678119794
638 8848.999999999996 770.0
639 8848.999999999996 740.0000000002328
640 8968.999999999996 740.0000000002328
641 8969.999999999996 1070.0000000002328
642 8849.999999999996 1070.0000000002328
643 8849.999999999996 1040.0000000002328
644 8847.071067811816 1032.9289321884862
645 8839.999999999996 1030.0000000004075
646 8799.999999999996 1030.0000000004075
647 8792.928932188177 1032.9289321884862
648 8789.999999999996 1040.0000000002328
649 8789.999999999996 1070.0000000002328
650 8669.999999999996 1070.0000000002328
651 8669.999999999996 910.0
652 8789.999999999996 910.0
653 8789.999999999996 940.0000000004075
654 8792.928932188155 947.0710678122123
655 8799.999999999996 950.000000000291
656 8839.999999999996 950.000000000291
657 8847.071067811838 947.0710678122123
658 8849.999999999996 940.0000000004075
659 8849.999999999996 910.0
660 8969.999999999996 910.0
661 10759.999999999989 1306.000000000291
662 10639.999999999996 1306.000000000291
663 10639.999999999996 1276.0000000004075
664 10637.071067811932 1268.9289321883698
665 10629.999999999996 1266.0000000001164
666 10589.999999999996 1266.0000000001164
667 10582.92893218806 1268.9289321883698
668 10579.999999999996 1276.0000000004075
669 10579.999999999996 1306.000000000291
670 10459.999999999996 1306.000000000291
671 10459.999999999996 1146.0000000001164
672 10579.999999999996 1146.0000000001164
673 10579.999999999996 1176.0000000002328
674 10582.928932188082 1183.0710678122123
675 10589.999999999996 1186.0000000004075
676 10629.999999999996 1186.0000000004075
677 10637.07106781191 1183.0710678122123
678 10639.999999999996 1176.0000000002328
679 10639.999999999996 1146.0000000001164
680 10759.999999999989 1146.0000000001164
681 10798.999999999996 1099.0000000001164
682 10638.999999999996 1099.0000000001164
683 10638.999999999996 979.0000610352145
684 10668.999999999996 979.0000000002328
685 10676.071067811838 976.0710678120959
686 10678.999999999996 969.000000000291
687 10678.999999999996 929.0000000001164
688 10676.071067811808 921.9289321883698
689 10668.999999999996 919.0000000004075
690 10638.999999999996 919.0000610354473
691 10638.999999999996 799.0000610356219
692 10798.999999999996 799.000000000291
693 10798.999999999996 919.0000000004075
694 10768.999999999996 919.0000000004075
695 10761.928932188184 921.9289321883698
696 10758.999999999996 929.0000000001164
697 10758.999999999996 969.000000000291
698 10761.928932188155 976.0710678120959
699 10768.999999999996 979.0000000002328
700 10798.999999999996 979.0000000002328
701 10740.999999999996 789.0000000002328
702 10620.999999999996 789.0000000002328
703 10620.999999999996 759.0000000002328
704 10618.071067811888 751.9289321883116
705 10610.999999999996 749.0000000001164
706 10570.999999999996 749.0000000001164
707 10563.928932188104 751.9289321883116
708 10560.999999999996 759.0000000002328
709 10560.999999999996 789.0000000002328
710 10440.999999999996 789.0000000002328
711 10440.999999999996 629.0000000002328
712 10560.999999999996 629.0000000002328
713 10560.999999999996 659.0000000004075
714 10563.928932188155 666.0710678122123
715 10570.999999999996 669.000000000291
716 10610.999999999996 669.000000000291
717 10618.071067811838 666.0710678122123
718 10620.999999999996 659.0000000004075
719 10620.999999999996 629.0000000002328
720 10740.999999999996 629.0000000002328
721 10627.999999999996 959.0000000001164
722 10508.000000000011 959.0000000001164
723 10508.000000000011 929.0000000001164
724 10505.071067811823 921.9289321883698
725 10497.999999999996 919.0000000004075
726 10457.999999999996 919.0000000004075
727 10450.928932188184 921.9289321883698
728 10447.999999999996 929.0000000001164
729 10447.999999999996 959.0000000001164
730 10327.999999999996 959.0000000001164
731 10327.999999999996 799.000000000291
732 10447.999999999996 799.000000000291
733 10447.999999999996 829.0000000002328
734 10450.928932188155 836.0710678120377
735 10457.999999999996 839.0000000001164
736 10497.999999999996 839.0000000001164
737 10505.071067811845 836.0710678120377
738 10508.000000000011 829.0000000002328
739 10508.000000000011 799.000000000291
740 10627.999999999996 799.000000000291
741 10628.999999999996 1129.000000000291
742 10508.999999999996 1129.000000000291
743 10508.999999999996 1099.0000000001164
744 10506.071067811816 1091.9289321883698
745 10498.999999999996 1089.000000000291
746 10458.999999999996 1089.000000000291
747 10451.928932188177 1091.9289321883698
748 10448.999999999996 1099.0000000001164
749 10448.999999999996 1129.000000000291
750 10328.999999999996 1129.000000000291
751 10328.999999999996 969.000000000291
752 10448.999999999996 969.000000000291
753 10448.999999999996 999.0000000002328
754 10451.928932188082 1006.0710678122123
755 10458.999999999996 1009.0000000004075
756 10498.999999999996 1009.0000000004075
757 10506.07106781191 1006.0710678122123
758 10508.999999999996 999.0000000002328
759 10508.999999999996 969.000000000291
760 10628.999999999996 969.000000000291
761 11589.999999999996 2048.000000000291
762 11469.999999999996 2048.000000000291
763 11469.999999999996 2018.000000000291
764 11467.071067811888 2010.9289321883698
765 11459.999999999996 2008.0000000001164
766 11419.999999999996 2008.0000000001164
767 11412.928932188104 2010.9289321883698
768 11409.999999999996 2018.000000000291
769 11409.999999999996 2048.000000000291
770 11289.999999999996 2048.000000000291
771 11289.999999999996 1888.0000000001164
772 11409.999999999996 1888.0000000001164
773 11409.999999999996 1918.0000000001164
774 11412.928932188104 1925.0710678120377
775 11419.999999999996 1928.0000000002328
776 11459.999999999996 1928.0000000002328
777 11467.071067811888 1925.0710678120377
778 11469.999999999996 1918.0000000001164
779 11469.999999999996 1888.0000000001164
780 11589.999999999996 1888.0000000001164
781 11628.999999999996 1841.0000000001164
782 11469.000000000011 1841.0000000001164
783 11469.000000000011 1721.0000000001164
784 11498.999999999996 1721.0000000001164
785 11506.071067811838 1718.0710678120959
786 11508.999999999996 1711.000000000291
787 11508.999999999996 1671.0000000002328
788 11506.071067811816 1663.9289321884862
789 11498.999999999996 1661.0000000004075
790 11469.000000000011 1661.0000000004075
791 11469.000000000011 1541.0000000004075
792 11628.999999999996 1541.0000000004075
793 11628.999999999996 1661.0000000004075
794 11598.999999999996 1661.0000000004075
795 11591.928932188177 1663.9289321884862
796 11588.999999999996 1671.0000000002328
797 11588.999999999996 1711.000000000291
798 11591.928932188155 1718.0710678120959
799 11598.999999999996 1721.0000000001164
800 11628.999999999996 1721.0000000001164
801 11570.999999999996 1531.0000000001164
802 11450.999999999996 1531.0000000001164
803 11450.999999999996 1501.0000000004075
804 11448.07106781186 1493.9289321885444
805 11440.999999999996 1491.0000000004075
806 11400.999999999996 1491.0000000004075
807 11393.928932188133 1493.9289321885444
808 11390.999999999996 1501.0000000004075
809 11390.999999999996 1531.0000000001164
810 11270.999999999996 1531.0000000001164
811 11270.999999999996 1371.0000000002328
812 11390.999999999996 1371.0000000002328
813 11390.999999999996 1401.000000000291
814 11393.928932188155 1408.0710678120959
815 11400.999999999996 1411.0000000002328
816 11440.999999999996 1411.0000000002328
817 11448.071067811838 1408.0710678120959
818 11450.999999999996 1401.000000000291
819 11450.999999999996 1371.0000000002328
820 11570.999999999996 1371.0000000002328
821 11457.999999999996 1701.0000000004075
822 11337.999999999996 1701.0000000004075
823 11337.999999999996 1671.0000000002328
824 11335.071067811816 1663.9289321884862
825 11327.999999999996 1661.0000000004075
826 11287.999999999996 1661.0000000004075
827 11280.928932188184 1663.9289321884862
828 11278.000000000011 1671.0000000002328
829 11278.000000000011 1701.0000000004075
830 11157.999999999996 1701.0000000004075
831 11157.999999999996 1541.0000000004075
832 11278.000000000011 1541.0000000004075
833 11278.000000000011 1571.0000000004075
834 11280.92893218817 1578.0710678122123
835 11287.999999999996 1581.0000000002328
836 11327.999999999996 1581.0000000002328
837 11335.071067811838 1578.0710678122123
838 11337.999999999996 1571.0000000004075
839 11337.999999999996 1541.0000000004075
840 11457.999999999996 1541.0000000004075
841 11458.999999999996 1871.0000000004075
842 11338.999999999996 1871.0000000004075
843 11338.999999999996 1841.0000000001164
844 11336.071067811816 1833.9289321883698
845 11328.999999999996 1831.000000000291
846 11288.999999999996 1831.000000000291
847 11281.928932188177 1833.9289321883698
848 11278.999999999996 1841.0000000001164
849 11278.999999999996 1871.0000000004075
850 11158.999999999996 1871.0000000004075
851 11158.999999999996 1711.000000000291
852 11278.999999999996 1711.000000000291
853 11278.999999999996 1741.0000000002328
854 11281.928932188082 1748.0710678122123
855 11288.999999999996 1751.0000000004075
856 11328.999999999996 1751.0000000004075
857 11336.07106781191 1748.0710678122123
858 11338.999999999996 1741.0000000002328
859 11338.999999999996 1711.000000000291
860 11458.999999999996 1711.000000000291
861 11860.333984374996 2545.991210937733
862 11835.746045336866 2553.014631535276
863 11817.846239741015 2571.2763987734797
864 11811.316406249996 2596.0000000001164
865 11434.674804687496 2596.0000000001164
866 11058.033203124996 2596.0000000001164
867 11043.028320312496 2580.9951171876164
868 11043.028320312496 2420.854492187733
869 11059.407765638414 2412.889323329262
870 11066.036132812496 2395.9248046879075
871 11058.71380388767 2378.238344550191
872 11041.027343749996 2370.916015625233
873 10994.009765624996 2370.916015625233
874 10976.322674066967 2378.2379990522168
875 10968.999999999996 2395.9248046879075
876 10968.999999999996 2596.0000000001164
877 10880.966796874996 2596.0000000001164
878 10554.344726562489 2596.0000000001164
879 10227.722656249989 2596.0000000001164
880 10212.716796874996 2580.9951171876164
881 10212.716796874996 2420.854492187733
882 10229.096860059664 2412.8896339103812
883 10235.725585937496 2395.9248046879075
884 10228.402911870526 2378.2379990522168
885 10210.715820312496 2370.916015625233
886 10163.698242187496 2370.916015625233
887 10146.011150629474 2378.2379990522168
888 10138.688476562511 2395.9248046879075
889 10138.688476562511 2596.0000000001164
890 9784.556152343754 2596.0000000001164
891 9430.423828124996 2596.0000000001164
892 9423.893827436597 2571.2761237766827
893 9405.99362396519 2553.0143144418253
894 9381.405273437496 2545.991210937733
895 9381.405273437496 2146.8369140626746
896 9381.405273437496 1747.6826171876164
897 9395.410156249996 1733.676757812791
898 9555.550781249996 1733.676757812791
899 9563.515280823838 1750.056489614537
900 9580.479492187496 1756.6855468754075
901 9598.166929250303 1749.363218313083
902 9605.489257812496 1731.6757812502328
903 9605.489257812496 1683.658203125291
904 9598.16692925023 1665.9707660625572
905 9580.479492187496 1658.6484375004075
906 9381.405273437496 1658.6484375004075
907 9381.405273437496 1271.0034179690992
908 9381.405273437496 883.3583984377328
909 9395.410156249996 869.3535156251164
910 9575.558593749996 869.3535156251164
911 9583.523403898933 885.7326295737294
912 9600.487304687496 892.3613281251164
913 9618.173764825075 885.0389992003911
914 9625.496093749996 867.3525390629075
915 9625.496093749996 816.3334960939246
916 9618.174283078824 798.6460888233269
917 9600.487304687496 791.3232421879075
918 9381.405273437496 791.3232421879075
919 9381.405273437496 426.93188476597425
920 9381.405273437496 62.540527344099246
921 9405.993763909322 55.51734066399513
922 9423.893988429616 37.25533154804725
923 9430.423828124996 12.531250000291038
924 9430.423828124996 9.53027343773283
925 9918.106445312496 9.53027343773283
926 10405.789062499996 9.53027343773283
927 10893.471679687496 9.53027343773283
928 11381.154296874996 9.53027343773283
929 11811.316406249996 9.53027343773283
930 11811.316406249996 12.531250000291038
931 11817.846078749779 37.255056550202426
932 11835.745905393775 55.51702356868191
933 11860.333984374996 62.540527344099246
934 11860.333984374996 559.2306640628376
935 11860.333984374996 1055.920800781576
936 11860.333984374996 1552.6109375002561
937 11860.333984374996 2049.3010742189945
938 10610.866210937496 560.737304687791
939 10581.446490996623 562.1721582627506
940 10552.309277994686 566.4851090694428
941 10523.735447777686 573.6345812815125
942 10496.000445314774 583.5516556768562
943 10469.371629473793 596.1407340024598
944 10444.105695745046 611.2804605190177
945 10420.44620175743 628.8248918415629
946 10398.621219440454 648.6049037991907
947 10378.841136464744 670.4298217521864
948 10361.296628154672 694.089258650376
949 10346.156819423235 719.3551431145752
950 10333.567654447932 745.9839179907576
951 10323.650489803349 773.7188881834736
952 10316.500924612472 802.2926951360423
953 10312.187878993765 831.4298941035522
954 10310.752929687496 860.849609375291
955 10310.752929687496 1060.9243164065992
956 10312.187789191088 1090.3440971153323
957 10316.500757787191 1119.481369132991
958 10323.65025930585 1148.0552548816777
959 10333.567373957001 1175.79030771635
960 10346.156502703718 1202.4191671763547
961 10361.29628881811 1227.6851362881134
962 10378.840787736382 1251.3446560729644
963 10398.62087393572 1273.1696534083458
964 10420.445871271131 1292.9497396076913
965 10444.105391056004 1310.4942385259783
966 10469.371360167726 1325.6340246403706
967 10496.000219627767 1338.22315338708
968 10523.735272462403 1348.1402680382598
969 10552.309158211083 1355.2897695568972
970 10581.446430228778 1359.6027381529566
971 10610.866210937496 1361.0375976565992
972 10640.28592620922 1359.6026483502937
973 10669.42312517673 1355.2896027315874
974 10697.996932129292 1348.1400375407538
975 10725.731902322052 1338.22287289612
976 10752.36067719822 1325.633707920846
977 10777.62656166239 1310.4938991894014
978 10801.285998560565 1292.9493908793083
979 10823.110916513568 1273.1693079036195
980 10842.89092847121 1251.3443255866296
981 10860.43535979374 1227.6848315990646
982 10875.575086310291 1202.4188978702878
983 10888.164164635895 1175.7900820292998
984 10898.08123903126 1148.055079566373
985 10905.23071124336 1119.4812493494246
986 10909.543662050037 1090.3440363474656
987 10910.978515624989 1060.9243164065992
988 10910.978515624989 860.849609375291
989 10909.543572247541 831.4299548713607
990 10905.23054441842 802.2928149196086
991 10898.08100853422 773.7190634986619
992 10888.163884145517 745.9841436775168
993 10875.57476959137 719.3554124202929
994 10860.435020457797 694.0895633390173
995 10842.890579743453 670.4301522379974
996 10823.110571009394 648.6052493033931
997 10801.28566807476 628.8252405693056
998 10777.626256973756 611.2807998549542
999 10752.360407892473 596.1410507214023
1000 10725.731676635278 583.5519361672923
1001 10697.996756814147 573.6348117785528
1002 10669.4230053932 566.4852758943452
1003 10640.285865441398 562.1722480652388
1004 11441.176757812496 1303.0156250004075
1005 11411.757103308602 1304.450568377797
1006 11382.619963356814 1308.7635962069035
1007 11354.046211935874 1315.913132091111
1008 11326.311292114751 1325.8302564797923
1009 11299.682560857556 1338.4193710339023
1010 11274.416711776274 1353.5591201674542
1011 11250.757300675275 1371.1035608818056
1012 11228.932397740635 1390.8835696158349
1013 11209.152389006584 1412.7084725504392
1014 11191.607948292232 1436.3678836514591
1015 11176.468199158659 1461.6337327326764
1016 11163.879084604505 1488.2624639899004
1017 11153.961960215787 1515.9973838109872
1018 11146.812424331587 1544.571135231934
1019 11142.499396502451 1573.7082751837443
1020 11141.064453124996 1603.1279296876164
1021 11141.064453124996 1803.2031250004075
1022 11142.499396502444 1832.6227795043378
1023 11146.812424331565 1861.7599194560898
1024 11153.961960215758 1890.3336708770366
1025 11163.879084604469 1918.0685906981817
1026 11176.468199158615 1944.6973219554056
1027 11191.607948292181 1969.9631710366812
1028 11209.152389006533 1993.622582137701
1029 11228.932397740591 2015.4474850723054
1030 11250.757300675225 2035.2274938063929
1031 11274.41671177623 2052.7719345207443
1032 11299.682560857513 2067.911683654296
1033 11326.311292114708 2080.5007982084644
1034 11354.046211935838 2090.4179225971457
1035 11382.619963356792 2097.5674584813532
1036 11411.757103308588 2101.8804863104597
1037 11441.176757812496 2103.3154296879075
1038 11470.59647775337 2101.880576112948
1039 11499.733690755307 2097.5676253062556
1040 11528.307520972307 2090.418153094186
1041 11556.042523435219 2080.5010786988423
1042 11582.6713392762 2067.9120003732387
1043 11607.937273004947 2052.772273856681
1044 11631.596766992563 2035.2278425341356
1045 11653.421749309538 2015.4478305765078
1046 11673.20183228525 1993.622912623512
1047 11690.74634059532 1969.9634757253225
1048 11705.886149326758 1944.6975912611233
1049 11718.47531430206 1918.0688163849409
1050 11728.392478946644 1890.3338461922249
1051 11735.54204413752 1861.7600392396562
1052 11739.855089756227 1832.6228402721463
1053 11741.290039062496 1803.2031250004075
1054 11741.290039062496 1603.1279296876164
1055 11739.855089756213 1573.7082144158776
1056 11735.542044137499 1544.571015448426
1057 11728.392478946615 1515.9972084958572
1058 11718.475314302024 1488.262238303083
1059 11705.886149326714 1461.6334634269588
1060 11690.746340595277 1436.3675789628178
1061 11673.201832285198 1412.7081420646282
1062 11653.421749309495 1390.8832241116324
1063 11631.596766992512 1371.1032121540047
1064 11607.937273004896 1353.5587808315177
1065 11582.671339276156 1338.419054315018
1066 11556.042523435182 1325.8299759894144
1067 11528.30752097227 1315.9129015940707
1068 11499.733690755285 1308.763429382001
1069 11470.596477753363 1304.4504785753088
1070 10635.874999999996 2555.985351562733
1071 10628.553016573107 2538.2982600047835
1072 10610.866210937496 2530.9755859379075
1073 10593.178773874784 2538.2979145000572
1074 10585.856445312496 2555.985351562733
1075 10593.178773874763 2573.6727886254666
1076 10610.866210937496 2580.9951171876164
1077 10628.553016573129 2573.672443120682
1078 9371.335937499996 2543.4587402348407
1079 9346.747858518847 2550.4822440102
1080 9328.848031874859 2568.744211028563
1081 9322.318359374996 2593.4680175782996
1082 9322.318359374996 2596.4689941407414
1083 8892.156249999996 2596.4694824222242
1084 8404.473510742184 2596.4698486331035
1085 7916.790771484371 2596.470214843983
1086 7429.108032226559 2596.4705810549203
1087 6941.425292968746 2596.4709472657996
1088 6941.425292968746 2593.4699707032996
1089 6934.895536870583 2568.7460266554262
1090 6916.995511288824 2550.4840385884745
1091 6892.407226562496 2543.4606933597242
1092 6892.406982421871 2179.0693359378492
1093 6892.406738281246 1814.677978515916
1094 7111.488769531246 1814.677856445429
1095 7129.176063636998 1807.3551825617906
1096 7136.498046874996 1789.6676025392953
1097 7136.498046874996 1738.648559570429
1098 7129.175545378213 1720.9619266860536
1099 7111.488769531246 1713.6397705080453
1100 7094.524868742654 1720.2684690595488
1101 7086.560058593746 1736.64758300822
1102 6906.412109374996 1736.647705078416
1103 6892.406738281246 1722.6428222657414
1104 6892.406249999996 1334.9978027346078
1105 6892.405761718746 947.3527832035325
1106 7091.479980468746 947.3526611330453
1107 7109.167439126122 940.0303110000677
1108 7116.489746093746 922.3428344729473
1109 7116.489746093746 874.3252563480055
1110 7109.16739593694 856.6378587496583
1111 7091.479980468746 849.31555175822
1112 7074.51546017639 855.9444433295866
1113 7066.550781249996 872.3243408205453
1114 6906.411132812496 872.3244628907414
1115 6892.405761718746 858.318603515916
1116 6892.405517578121 459.16431427031057
1117 6892.405273437496 60.0100250247051
1118 6916.9934291533245 52.986756474594586
1119 6934.8934353309705 34.72495258029085
1120 6941.423339843746 10.00119781511603
1121 7295.555908203121 10.000922203296795
1122 7649.688476562496 10.000646591419354
1123 7649.688476562496 210.07583618193166
1124 7657.011156027886 227.76263195154024
1125 7674.698242187496 235.08460998552619
1126 7721.715820312496 235.08457946800627
1127 7739.402922667276 227.762585255492
1128 7746.725585937496 210.07575988781173
1129 7740.096849703677 193.11094997351756
1130 7723.716796874996 185.14610290550627
1131 7723.716796874996 25.005472183402162
1132 7738.722656249996 10.000576973194256
1133 8065.344726562489 10.000322818988934
1134 8391.966796874989 10.000068664725404
1135 8479.999999999996 10.000000000291038
1136 8479.999999999996 210.07519531261642
1137 8487.322679465313 227.7619910823414
1138 8505.009765624996 235.08396911650198
1139 8552.027343749996 235.0839233401348
1140 8569.713809285913 227.7615890224115
1141 8577.036132812496 210.07511901890393
1142 8570.407760460545 193.1106100314064
1143 8554.028320312496 185.1454467776348
1144 8554.028320312496 25.004825592332054
1145 8569.033203124996 9.999930382240564
1146 8945.674804687496 9.999637127330061
1147 9322.316406249996 9.999343872419558
1148 9328.846252318352 34.72292905818904
1149 9346.746056269836 52.98468068864895
1150 9371.333984374996 60.00809478800511
1151 9371.334374999995 556.6982238773489
1152 9371.334765624993 1053.388352966751
1153 9371.33515625 1550.0784820560948
1154 9371.335546874998 2046.7686111454968
1155 8121.867675781246 2045.262939453416
1156 8151.287312758566 2043.8279496926116
1157 8180.424430939183 2039.5148789049708
1158 8208.998156844998 2032.3653038581251
1159 8236.733047938138 2022.448144408816
1160 8263.361747808198 2009.8589991352055
1161 8288.62756341149 1994.7192237937124
1162 8312.286939518508 1977.1747614845517
1163 8334.111806516597 1957.3947358018486
1164 8353.891778935755 1935.569820530829
1165 8371.436183504313 1911.9104016067577
1166 8386.57589718472 1886.644549055025
1167 8399.164977471166 1860.0158184613101
1168 8409.082069233602 1832.2809031654615
1169 8416.231574546426 1803.7071598112816
1170 8420.544574225129 1774.5700311047258
1171 8421.979492187496 1745.1503906254075
1172 8421.979492187496 1545.0756835938082
1173 8420.544616161886 1515.6559800121468
1174 8416.23164609956 1486.5187852727831
1175 8409.082157969413 1457.9449747548206
1176 8399.165071075691 1430.2099929523538
1177 8386.575983692925 1403.581198257336
1178 8371.436251522111 1378.315285690478
1179 8353.891817851621 1354.6558124245494
1180 8334.111806699879 1332.8308499531704
1181 8312.286892501474 1313.0507855378673
1182 8288.627462052598 1295.5062941267388
1183 8263.361586434174 1280.3665002947673
1184 8236.732822462767 1267.7773479247699
1185 8208.997864862937 1257.8601933441823
1186 8180.424071793295 1250.710635479947
1187 8151.286887579747 1246.3975943086552
1188 8121.867187499996 1244.9626464846078
1189 8092.447391599282 1246.3975074702757
1190 8063.310104827604 1250.7104805136914
1191 8034.736205195961 1257.8599893589853
1192 8007.001139768359 1267.7771140740952
1193 7980.372269403513 1280.366255426081
1194 7955.106291446016 1295.5060564399464
1195 7931.446765211807 1313.0505722571397
1196 7909.621764121777 1332.8306770169293
1197 7889.841677116525 1354.6556941979798
1198 7872.297180546211 1378.3152347045834
1199 7857.157400086089 1403.581224978203
1200 7844.568280396557 1430.2101055842359
1201 7834.651178243799 1457.9451790793682
1202 7827.501692643247 1486.519084527099
1203 7823.188743302857 1515.6563748073531
1204 7821.753906249996 1545.076171875291
1205 7821.754394531246 1745.150878906541
1206 7823.189366288123 1774.5705778190168
1207 7827.502431162426 1803.7077585239895
1208 7834.6520122713155 1832.281545777514
1209 7844.569189414226 1860.0164953098283
1210 7857.158363446655 1886.6452490400407
1211 7872.298177832334 1911.9111123423208
1212 7889.8426884903565 1935.5705285188742
1213 7909.622770660153 1957.395426626259
1214 7931.447749222538 1977.175420023501
1215 7955.107236760861 1994.7198344471399
1216 7980.373161643893 2009.8595460642246
1217 8007.001966580134 2022.4486117845518
1218 8034.7369564501605 2032.3656761159073
1219 8063.310772784262 2039.5151410013787
1220 8092.447971032296 2043.8280873606564
1221 8952.177734374996 1302.9840087896446
1222 8981.59746950783 1301.5491537324851
1223 9010.734697263706 1297.2361984783784
1224 9039.30854136361 1290.0867189396522
1225 9067.043556419445 1280.1696344802622
1226 9093.672383165187 1267.5805435493821
1227 9118.938325739666 1252.440802133351
1228 9142.597826176589 1234.8963539118413
1229 9164.422812248169 1215.1163233937696
1230 9184.20289602978 1193.2913855951629
1231 9201.7474019919 1169.6319279752788
1232 9216.887205069073 1144.3660223492188
1233 9229.476360987235 1117.7372263270663
1234 9239.393513133477 1090.0022354738321
1235 9246.543062406305 1061.4284088222194
1236 9250.856088769378 1032.291191592114
1237 9252.291015624996 1002.8714599611121
1238 9252.291015624996 802.796264648845
1239 9250.856037939531 773.3765049683279
1240 9246.542955275832 744.239265247481
1241 9239.39334486039 715.6654224620434
1242 9229.476127461665 687.9304225579253
1243 9216.8869030081 661.3016252085217
1244 9201.74702902453 636.0357265232014
1245 9184.202450770721 612.376284549362
1246 9164.422294359178 590.5513714235276
1247 9142.597236414342 570.7713748026872
1248 9118.937665989284 553.2269697709125
1249 9093.671656458686 538.0872807709384
1250 9067.042766938557 525.4982512792922
1251 9039.307694426676 515.5812369414489
1252 9010.733799296493 508.43183572834823
1253 8981.59652799834 504.11896639183396
1254 8952.176757812496 502.68420410191175
1255 8922.757153553717 504.1192387637566
1256 8893.620071898182 508.4323480624007
1257 8865.046385390375 515.5819549451116
1258 8837.311535618082 525.499139390944
1259 8810.682878039854 538.0883027787786
1260 8785.417104760218 553.2280894286814
1261 8761.757770096436 570.7725564337452
1262 8739.932942789452 590.55258050462
1263 8720.153007491059 612.377488266502
1264 8702.608636720313 636.0368942920468
1265 8687.468952838823 661.302729152434
1266 8674.879897762967 687.9314379367861
1267 8664.962826128507 715.6663280468783
1268 8657.813335469098 744.2400436354219
1269 8653.500344685297 773.3771428343025
1270 8652.065429687496 802.7967529298039
1271 8652.065429687496 1002.8719482423039
1272 8653.500395515479 1032.2915863869712
1273 8657.813442600145 1061.4287080762442
1274 8664.962994402307 1090.0024397982634
1275 8674.880131289301 1117.7373389589484
1276 8687.469254900552 1144.3660490702605
1277 8702.609009688353 1169.6318769897334
1278 8720.153452750648 1193.2912673691171
1279 8739.933460678807 1215.116150458227
1280 8761.758359858864 1234.8961406319286
1281 8785.4177645106 1252.4405644473736
1282 8810.683604746195 1267.5802986815106
1283 8837.312325098694 1280.1694006304024
1284 8865.047232326968 1290.0865149551537
1285 8893.620969865067 1297.2360435127048
1286 8922.758095062996 1301.5490668943967
1287 8146.874999999996 50.01490783703048
1288 8139.553009824933 32.32782861159649
1289 8121.866210937496 25.00516128569143
1290 8104.178767126392 32.32749658887042
1291 8096.856445312496 50.01494598429417
1292 8104.178779273385 67.70237318094587
1293 8121.866210937496 75.02469635050511
1294 8139.55302467103 67.70201419416117
1295 6882.273437499996 2557.949462890916
1296 6857.260095788803 2564.6451778688934
1297 6838.9503536109805 2582.9550987864495
1298 6832.254882812496 2607.9685058597242
1299 6832.254882812496 2610.9694824219914
1300 6338.836263020832 2610.969685872493
1301 5845.417643229161 2610.9698893230525
1302 5351.999023437493 2610.970092773554
1303 4858.580403645825 2610.9702962240553
1304 4365.161783854157 2610.970499674615
1305 3871.743164062489 2610.9707031251164
1306 3870.2978515625 2607.9697265626164
1307 3794.453125 2450.363281250291
1308 3778.189831512951 2434.041786433547
1309 3755.3046875 2431.3666992189246
1310 3749.1290404922584 2403.3683881081524
1311 3742.9952058760864 2375.3608870785683
1312 3736.9031973267483 2347.344258572324
1313 3730.853028426245 2319.3185650520027
1314 3724.8447126633146 2291.283869000268
1315 3718.878263433373 2263.2402329198667
1316 3712.953694038504 2235.187719333626
1317 3707.0710176874127 2207.1263907840475
1318 3701.2302474954085 2179.0563098332495
1319 3695.4313964843677 2150.9775390629075
1320 3689.427215462001 2121.638504065515
1321 3683.429445071062 2092.2981578735635
1322 3677.438085597827 2062.956501887704
1323 3671.453137328328 2033.613537508878
1324 3665.4746005483066 2004.2692661378533
1325 3659.502475543213 1974.9236891755718
1326 3653.5367625980907 1945.5768080230337
1327 3647.5774619978074 1916.228624081181
1328 3641.624574026824 1886.8791387512465
1329 3635.678098969398 1857.528353434347
1330 3629.7380371093677 1828.1762695317157
1331 3845.9558105468677 1784.7943115237285
1332 3861.8561760826415 1774.1351596536115
1333 3865.5554199218677 1755.353393555095
1334 3855.5183105468677 1705.3275146486121
1335 3844.859772206266 1689.426418959105
1336 3826.0778808593677 1685.726440429804
1337 3810.748881868465 1695.56285714946
1338 3806.1618652343677 1713.189331055095
1339 3648.6208496093677 1744.7993164064246
1340 3633.685511077456 1722.52896624204
1341 3607.3728027343677 1717.3642578127328
1342 3601.7114147336433 1689.236614397727
1343 3596.055915029985 1661.1077864577528
1344 3590.406303871223 1632.9777752254158
1345 3584.7625815049723 1604.8465819335543
1346 3579.1247481784994 1576.7142078147735
1347 3573.4928041388666 1548.5806541019701
1348 3567.8667496329326 1520.4459220280987
1349 3562.2465849071777 1492.3100128259393
1350 3556.632310207937 1464.1729277286213
1351 3551.023925781239 1436.034667969041
1352 3545.351375315553 1407.345169578737
1353 3539.6961929536737 1378.652242590906
1354 3534.058380767947 1349.955897519947
1355 3528.437940824293 1321.256144881365
1356 3522.834875182296 1292.5529951921199
1357 3517.249185895158 1263.8464589701616
1358 3511.6808750097152 1235.136546734895
1359 3506.1299445664517 1206.423269006831
1360 3500.596396599456 1177.7066363078193
1361 3495.080233136465 1148.9866591608152
1362 3489.581456198848 1120.2633480901131
1363 3484.1000678015807 1091.5367136211717
1364 3478.6360699532925 1062.8067662806716
1365 3473.1894646562323 1034.0735165965161
1366 3467.76025390625 1005.3369750978309
1367 3463.892345410899 984.7202618579613
1368 3460.0451660156177 964.0996704105055
1369 3676.7785644531177 924.7353515629075
1370 3692.8725227432587 914.3701616547769
1371 3696.9162597656177 895.659179687791
1372 3687.7980957031177 845.4580078126164
1373 3677.4329649206047 829.3650676310644
1374 3658.7229003906177 825.3212890626164
1375 3643.215754363391 834.8746370272129
1376 3638.3059082031177 852.4140625002328
1377 3480.3713378906177 881.0986938478309
1378 3465.8615836848767 858.5692218699842
1379 3439.6691894531177 852.9063110355055
1380 3438.5950831830523 846.949435462011
1381 3437.5227050781177 840.9922485354473
1382 3443.9646270538215 836.8615617898759
1383 3445.5998535156286 829.3858032230055
1384 3442.0773925781177 809.6904907228309
1385 3437.952437091819 803.2444856649381
1386 3430.4777832031177 801.6026000981219
1387 3425.5394152321096 773.7298218215583
1388 3420.638866549347 745.8503693577368
1389 3415.776146174823 717.9642940219492
1390 3410.9512630589197 690.0716471416526
1391 3406.1642260823683 662.172480056237
1392 3401.415044056237 634.2668441173155
1393 3396.703725721927 606.3547906882595
1394 3392.0302797511395 578.436371144373
1395 3387.394714745871 550.5116368724848
1396 3382.7970392383977 522.5806392712402
1397 3378.2372616912435 494.64342975069303
1398 3373.715390497189 466.70005973242223
1399 3369.2314339792356 438.7505806492991
1400 3364.7854003906177 410.7950439454289
1401 3360.3279669994627 382.6464111737441
1402 3355.9503543681167 354.48525446804706
1403 3351.65259768179 326.31180017476436
1404 3347.4347314838706 298.12627473898465
1405 3343.2967896756127 269.92890470306156
1406 3339.2388055158845 241.71991670434363
1407 3335.260811620883 213.4995374736609
1408 3331.362839963891 185.26799383340403
1409 3327.544921875 157.02551269560354
1410 3323.992096535654 129.6133948576753
1411 3320.6011066472092 102.18078725598752
1412 3317.3720703125 74.72864532499807
1413 3340.048072074791 66.41406549181556
1414 3356.1811197986754 48.44024940102827
1415 3362.0068359375 25.001087189128157
1416 3841.65966796875 25.000900268787518
1417 4321.3125 25.000713348505087
1418 4792.9892578125 25.000530243036337
1419 5264.666015625 25.000347137625795
1420 5279.671875 40.00522232084768
1421 5279.671875 200.1458435060922
1422 5263.291806637302 208.11070738825947
1423 5256.6630859375 225.07554626493948
1424 5263.985765402886 242.76234203454806
1425 5281.6728515625 250.0843200685922
1426 5329.6904296875 250.08430480991956
1427 5347.377526643926 242.76231599017046
1428 5354.7001953125 225.07550048839767
1429 5354.7001953125 25.000310898234602
1430 5709.833496093746 25.000172615400515
1431 6064.966796874996 25.00003433250822
1432 6079.971679687496 40.00491333042737
1433 6079.971679687496 200.14553833031096
1434 6063.592229183658 208.1107127935975
1435 6056.963867187496 225.0752410890418
1436 6064.286201510626 242.7616913607344
1437 6081.972656249996 250.08401489269454
1438 6129.991210937496 250.0839996341383
1439 6147.677676473435 242.7616653163568
1440 6154.999999999996 225.07519531279104
1441 6154.999999999996 25.00000000023283
1442 6493.626953124996 24.999868393293582
1443 6832.253906249996 24.999736786296126
1444 6838.9495462885425 50.012929392571095
1445 6857.259265777971 68.32264189992566
1446 6882.272460937496 75.01827240013517
1447 6882.272705078121 473.6676750186598
1448 6882.272949218746 872.3170776371262
1449 6867.268066406246 887.3229370117188
1450 6707.127441406246 887.3229980472242
1451 6699.1629224210155 870.9433048614301
1452 6682.198730468746 864.3142700197059
1453 6664.51129340594 871.6365985820303
1454 6657.188964843746 889.3240356449387
1455 6657.188964843746 937.3416137699387
1456 6664.511293406034 955.0290508326143
1457 6682.198730468746 962.3513793947059
1458 6882.272949218746 962.3512573246262
1459 6882.272949218746 1349.4963073732797
1460 6882.272949218746 1736.6413574219914
1461 6867.268066406246 1751.6462402344914
1462 6687.119628906246 1751.6462402344914
1463 6679.15481875731 1735.2671262858785
1464 6662.190917968746 1728.6384277344914
1465 6644.503826410717 1735.9604111614171
1466 6637.181152343746 1753.6472167971078
1467 6637.181152343746 1804.6662597657414
1468 6644.5033081468755 1822.3540125446161
1469 6662.190917968746 1829.6765136721078
1470 6882.272949218746 1829.6765136721078
1471 6882.273193359371 2193.812988281483
1472 5781.860351562496 645.23254394572
1473 5522.161132812496 645.2326660160325
1474 5262.4619140625 645.232788086345
1475 5232.69874180566 646.0974617835018
1476 5203.039815002794 648.7322567082592
1477 5173.590315370002 653.1278288862086
1478 5144.454681915817 659.2685899641365
1479 5115.736240561178 667.1327624923433
1480 5087.536837706848 676.6924571554409
1481 5059.956479047731 687.9137716786354
1482 5033.092974915042 700.7569110575132
1483 5007.041593404079 715.176328686648
1484 4981.894722517685 731.1208878845791
1485 4957.7415425236395 748.5340432439116
1486 4934.667709687852 767.3540411625872
1487 4912.755052505017 787.5141388454358
1488 4892.081281503972 808.9428409990505
1489 4872.719713656919 831.5641533813323
1490 4854.739012369853 855.2978523054044
1491 4838.202943976285 880.0597691431176
1492 4823.170151597806 905.7620888185338
1493 4809.693947173542 932.313661233522
1494 4797.82212239593 959.620324520045
1495 4787.596779223393 987.5852389736683
1496 4779.054180570965 1016.1092304835329
1497 4772.22462170833 1045.0911422413192
1498 4767.132322821413 1074.4281934809987
1499 4763.795343118465 1104.01634397835
1500 4762.225516785329 1133.7506630167481
1501 4762.428411016968 1163.5257015108364
1502 4764.403306274071 1193.2358659687452
1503 4768.143198834845 1222.7757929664222
1504 4773.63482563282 1252.040722805832
1505 4780.858711292683 1280.9268710323377
1506 4789.789237197299 1309.331796493614
1507 4800.394732340952 1337.1547646342078
1508 4812.637585646655 1364.2971047383035
1509 4826.474379349194 1390.662559853401
1510 4841.856042970849 1416.1576281534508
1511 4858.72802734375 1440.6918945315992
1512 5061.991536458332 1718.620524088852
1513 5265.255045572918 1996.5491536460468
1514 5468.5185546875 2274.4777832032996
1515 5486.836040519931 2297.9162456935737
1516 5506.662050963332 2320.093286096351
1517 5527.909949601464 2340.9119943797705
1518 5550.486886599723 2360.281396200822
1519 5574.294204443686 2378.116850448074
1520 5599.227869056296 2394.3404191095615
1521 5625.178924409709 2408.8812078492483
1522 5652.033968645297 2421.6756758035044
1523 5679.675649621178 2432.667913244397
1524 5707.983177721839 2441.809885895753
1525 5736.832853688957 2449.061644835514
1526 5766.0986091669 2454.3915010656347
1527 5795.652557600759 2457.7761639878736
1528 5825.365553079628 2459.200843180064
1529 5855.107754683118 2458.6593130276306
1530 5884.74919386482 2456.15393992851
1531 5914.160342393621 2451.6956719526206
1532 5943.212678370812 2445.3039910002844
1533 5971.779247849725 2437.0068276696256
1534 5999.73521960367 2426.8404392046505
1535 6026.958430617942 2414.849251056672
1536 6053.329919922184 2401.0856627525645
1537 6078.734448430299 2385.6098189174663
1538 6103.061002516402 2368.489346452465
1539 6126.203279126163 2349.799059016339
1540 6148.060150303707 2329.620630101883
1541 6168.536105104231 2308.0422361362725
1542 6187.541666961184 2285.158171164512
1543 6204.993784684175 2261.0684348000214
1544 6220.816195379088 2235.878295242437
1545 6234.939757704404 2209.697829273122
1546 6247.30275400756 2182.6414412374725
1547 6257.851160020942 2154.827363116725
1548 6266.538880939112 2126.3771378737874
1549 6273.32795284555 2097.415088329988
1550 6278.1887086087045 2068.0677738951053
1551 6281.099907522559 2038.4634375233436
1552 6282.048828124996 2008.7314453126164
1553 6282.048583984371 1577.0754394532414
1554 6282.048339843746 1145.4194335939246
1555 6281.212485295506 1116.3328411560506
1556 6278.686004808176 1087.3441294078366
1557 6274.477455354016 1058.5514806244755
1558 6268.601090928296 1030.0524130325648
1559 6261.076814272263 1001.9434505245299
1560 6251.930109464225 974.3197957405355
1561 6241.1919556072135 947.2750076249358
1562 6228.898721905407 920.9006845506956
1563 6215.092044484725 895.2861540830927
1564 6199.818685374932 870.518170435389
1565 6183.130374130564 846.6806206392357
1566 6165.083632627462 823.8542404269683
1567 6145.7395836279575 802.1163407865679
1568 6125.163743763409 781.5405461156042
1569 6103.42580163493 762.1965448622359
1570 6080.599381784134 744.1498534959974
1571 6056.761795333125 727.4615946094855
1572 6031.993778138367 712.1882899011835
1573 6006.379217345278 698.3816687414073
1574 5980.004867269705 686.0884929692838
1575 5952.960055568463 675.3503985146526
1576 5925.336380694291 666.2037543804036
1577 5897.227401659718 658.6795394641231
1578 5868.728321160768 652.8032376349438
1579 5839.935663133594 648.5947514222353
1580 5810.946945836204 646.0683346069418
1581 5028.578125 65.01508331339573
1582 5035.900111126113 82.70216993842041
1583 5053.5869140625 90.0248413090012
1584 5071.274353824592 82.70251005038153
1585 5078.5966796875 65.01506805454846
1586 5071.274348425963 47.327635924797505
1587 5053.5869140625 40.00531005882658
1588 5035.900105727542 47.32798682228895
1589 4384.29052734375 1287.2380371096078
1590 4382.239119806298 1259.264557867311
1591 4377.067098079406 1231.6969318349147
1592 4368.839565405604 1204.8821687386953
1593 4357.660086519027 1179.157801581663
1594 4343.669384015928 1154.8476379195927
1595 4327.043566997607 1132.2576839072863
1596 4307.9919142828185 1111.6722924211062
1597 4286.7542400936945 1093.3505837441771
1598 4263.597875374784 1077.5231838689651
1599 4238.814302743136 1064.3893214737182
1600 4212.715487427235 1054.1143201154773
1601 4185.629950379425 1046.827517206315
1602 4157.898632991786 1042.6206359682838
1603 4129.87060546875 1041.5466308597242
1604 4029.84814453125 1043.293823242304
1605 4001.8747677324136 1045.3453284895513
1606 3974.3072524750023 1050.517425341066
1607 3947.4926047396875 1058.745010049839
1608 3921.7683537904195 1069.924517928448
1609 3897.458303526255 1083.9152269692277
1610 3874.8684566011616 1100.5410291817388
1611 3854.2831626169136 1119.5926473516156
1612 3835.961538873704 1140.8302693164442
1613 3820.1342087322155 1163.9865666003898
1614 3807.000398643071 1188.7700594101334
1615 3796.7254303847258 1214.8687856357428
1616 3789.438640076285 1241.9542276721913
1617 3785.2317501596663 1269.685447633441
1618 3784.157714843739 1297.713378906541
1619 3786.209192346574 1325.6868811917957
1620 3791.3812892830247 1353.2545217024744
1621 3799.6089013334204 1380.069289834937
1622 3810.7884625569677 1405.793651846354
1623 3824.7792490390457 1430.1037995970692
1624 3841.4051502684124 1452.693726519472
1625 3860.456885946998 1473.2790795084438
1626 3881.694640327878 1491.6007382462267
1627 3904.8510809214677 1507.4280769070028
1628 3929.634723571635 1520.561867183831
1629 3955.7336015434885 1530.8367860963335
1630 3982.819192437797 1538.1234970109654
1631 4010.55055350158 1542.330277680012
1632 4038.57861328125 1543.4041748049203
1633 4138.60009765625 1541.6584472657414
1634 4166.573536175565 1539.6069357118104
1635 4194.141110773493 1534.4348188301665
1636 4220.95581318792 1526.2072009078693
1637 4246.680111974038 1515.0276475083665
1638 4270.990201198747 1501.036881834676
1639 4293.580076364491 1484.41101336875
1640 4314.165386256591 1465.3593210844556
1641 4332.487012228783 1444.121619137586
1642 4348.314329872475 1420.9652381928754
1643 4361.448112013375 1396.181660385686
1644 4371.723036493757 1370.0828502754448
1645 4379.009767173629 1342.997327975696
1646 4383.216581956058 1315.266033890599
1647 3590.5048828125 2560.045898437791
1648 3565.4916821435254 2566.741532113927
1649 3547.1819618011577 2585.0512524563237
1650 3540.486328125 2610.064453125291
1651 3264.8828125 2610.064453125291
1652 2989.279296875 2610.064453125291
1653 2974.2734375 2595.05859375
1654 2974.2734375 2474.9335937501164
1655 2990.6535006846643 2466.968735472765
1656 2997.2822265625 2450.003906250291
1657 2989.9595524955075 2432.3171006146586
1658 2972.2724609375 2424.995117187791
1659 2932.2578125 2424.995117187791
1660 2914.5707209419925 2432.3171006146586
1661 2907.248046875 2450.003906250291
1662 2907.248046875 2610.064453125291
1663 2480.421549479168 2610.064453125291
1664 2053.595052083332 2610.064453125291
1665 1626.7685546875 2610.064453125291
1666 1611.7626953125 2595.05859375
1667 1611.7626953125 2454.9267578126164
1668 1628.1427584971643 2446.961899535265
1669 1634.771484375 2429.997070312791
1670 1627.4491558127374 2412.3096332500572
1671 1609.76171875 2404.9873046879075
1672 1565.7451171875 2404.9873046879075
1673 1548.0583115518639 2412.3099787548417
1674 1540.736328125 2429.997070312791
1675 1540.736328125 2610.064453125291
1676 1409.6865234375 2610.064453125291
1677 1118.0771484375 2610.064453125291
1678 826.4677734375 2610.064453125291
1679 811.462890625 2595.05859375
1680 811.462890625 2454.9267578126164
1681 827.8423359509143 2446.9615889541456
1682 834.470703125 2429.997070312791
1683 827.1487196981361 2412.3099787548417
1684 809.4619140625 2404.9873046879075
1685 765.4453125 2404.9873046879075
1686 747.7578754372626 2412.3096332500572
1687 740.435546875 2429.997070312791
1688 740.435546875 2610.064453125291
1689 399.80810546875 2610.064453125291
1690 59.1806640625 2610.064453125291
1691 52.48503038634226 2585.0512524563237
1692 34.175310043974605 2566.741532113927
1693 9.162109375 2560.045898437791
1694 9.162109375 2161.3959960940992
1695 9.162109375 1762.7460937504075
1696 24.1669921875 1747.7412109379075
1697 164.2998046875 1747.7412109379075
1698 172.26466296500075 1764.1212741224444
1699 189.2294921875 1770.7500000001164
1700 206.91629782308883 1763.4273259332986
1701 214.23828125 1745.7402343754075
1702 214.23828125 1701.7236328129075
1703 206.9162978231834 1684.0365412548417
1704 189.2294921875 1676.713867187791
1705 9.162109375 1676.713867187791
1706 9.162109375 1287.568359375291
1707 9.162109375 898.422851562791
1708 24.1669921875 883.4169921879075
1709 164.2998046875 883.4169921879075
1710 172.2643523680963 899.7976732373936
1711 189.2294921875 906.4267578129075
1712 206.91664333907465 899.1037386105163
1713 214.23828125 881.4160156254075
1714 214.23828125 837.3994140629075
1715 206.91595232517648 819.712953925191
1716 189.2294921875 812.390625000291
1717 9.162109375 812.390625000291
1718 9.162109375 444.50244140659925
1719 9.162109375 76.61425781290745
1720 34.175310043992795 69.91862413671333
1721 52.48503038636409 51.608903794316575
1722 59.1806640625 26.59570312529104
1723 478.3376953125007 26.59570312529104
1724 897.4947265625015 26.59570312529104
1725 1316.6517578124985 26.59570312529104
1726 1735.8087890624993 26.59570312529104
1727 2154.9658203125 26.59570312529104
1728 2631.9921875 26.59570312529104
1729 3109.0185546875 26.59570312529104
1730 3114.184313131722 48.75260428094771
1731 3128.632790853124 66.32687014492694
1732 3149.3724979900435 75.67983101302525
1733 3172.109375 74.87500000029104
1734 3179.5519769813145 102.31746479962021
1735 3187.0023533806707 129.7578199362033
1736 3194.4605036000466 157.19606320752064
1737 3201.926427040864 184.63219241134357
1738 3209.4001231038455 212.06620534550166
1739 3216.881591189118 239.4980998079991
1740 3224.370830696196 266.9278735970729
1741 3231.8678410239554 294.3555245110183
1742 3239.3726215706447 321.78105034847977
1743 3246.885171733931 349.20444890804356
1744 3254.4054909107836 376.6257179886452
1745 3261.9335784975883 404.0448553893366
1746 3269.46943389015 431.4618589093443
1747 3277.0130564835745 458.8767263480113
1748 3284.564445672386 486.28945550497156
1749 3292.123600850482 513.7000441799173
1750 3299.6905214111066 541.1084901727736
1751 3307.26520674695 568.5147912835819
1752 3314.84765625 595.9189453126164
1753 3121.478515624989 649.2480468751164
1754 3106.3747456150486 661.0094148259959
1755 3104.018554687489 680.0068359379075
1756 3116.5205078125 725.3408203129075
1757 3128.2816036276927 740.4452015159186
1758 3147.279296875 742.801757812791
1759 3161.8710758515226 731.9012063454138
1760 3165.194335937489 713.9931640629075
1761 3300.876953125 676.5722656254075
1762 3317.370109116877 697.733481084404
1763 3344.0 701.0000000004075
1764 3351.3478052971514 727.4153447011486
1765 3358.702826753073 753.8286810622085
1766 3366.065063818827 780.240007112443
1767 3373.4345159449767 806.6493208805332
1768 3380.811182581474 833.0566203955677
1769 3388.195063177791 859.461903686577
1770 3395.586157182861 885.8651687829406
1771 3402.9844640450356 912.2664137140964
1772 3410.389983212186 938.6656365095987
1773 3417.8027141315724 965.0628351992345
1774 3425.22265625 991.458007812791
1775 3465.4580078125 1135.3417968754075
1776 3471.3367422696647 1156.5698300496442
1777 3477.144531249989 1177.817382812791
1778 3471.0914575736933 1182.4849096858525
1779 3470.103515624989 1190.0644531251164
1780 3475.2880859375 1209.3886718754075
1781 3479.9372062592083 1215.4558411452454
1782 3487.513671875 1216.4667968751164
1783 3490.8233692888243 1229.0060347545077
1784 3494.1083984375 1241.5517578129075
1785 3495.6933125030882 1247.62191502942
1786 3497.26953125 1253.6943359379075
1787 3303.001953125 1300.3818359379075
1788 3287.515752901778 1311.6345706908614
1789 3284.529296875 1330.5429687502328
1790 3295.5166015625 1376.2617187502328
1791 3306.769055854169 1391.7485347684706
1792 3325.677734375 1394.7353515629075
1793 3340.6235481812437 1384.3257014387054
1794 3344.5400390625 1366.5380859376164
1795 3481.1474609375 1333.7089843754075
1796 3496.853772793602 1355.3605619920418
1797 3523.2646484375 1359.5966796879075
1798 3529.455852073159 1386.6338729730924
1799 3535.47573205371 1413.7097269434016
1800 3541.3240470142373 1440.8231560021522
1801 3547.0005624686564 1467.9730730461306
1802 3552.5050508191234 1495.158389509248
1803 3557.837291365162 1522.3780154060223
1804 3562.9970703125 1549.630859375291
1805 3568.1372071591322 1578.4254536331282
1806 3572.749664589548 1607.3092709315242
1807 3576.8328985239677 1636.2726420389954
1808 3580.385542047017 1665.3058710925397
1809 3583.4064058653203 1694.3992388430052
1810 3585.8944787056353 1723.5430059093633
1811 3587.8489276533983 1752.727416038455
1812 3589.269098431545 1781.9426993716042
1813 3590.1545156195316 1811.1790757147246
1814 3590.5048828125 1840.4267578127328
1815 3590.5048828125 1889.7939453129075
1816 3390.430664062489 1889.7939453129075
1817 3372.7432269997844 1897.116273874999
1818 3365.4208984375 1914.8037109376164
1819 3365.4208984375 1961.8212890627328
1820 3372.743572504445 1979.5080946984817
1821 3390.430664062489 1986.8300781254075
1822 3407.394564851107 1980.2013795739622
1823 3415.359375 1963.8222656252328
1824 3555.492187499989 1963.8222656252328
1825 3565.7434478551877 1988.5837005825597
1826 3590.5048828125 1998.8349609377328
1827 3590.5048828125 2279.440429687733
1828 2723.1787109375 2570.048828125233
1829 2715.856382012651 2552.3623679875745
1830 2698.169921875 2545.040039062733
1831 2680.483461737349 2552.3623679875745
1832 2673.1611328125 2570.048828125233
1833 2680.4831162393893 2587.735919683124
1834 2698.169921875 2595.05859375
1835 2715.8567275106107 2587.735919683124
1836 3270.384765625 2570.048828125233
1837 3263.0620915580075 2552.3620224896003
1838 3245.375 2545.040039062733
1839 3227.6879084419925 2552.3620224896003
1840 3220.365234375 2570.048828125233
1841 3227.687562937288 2587.7362651879084
1842 3245.375 2595.05859375
1843 3263.062437062712 2587.7362651879084
1844 2655.1533203125 1713.728515625291
1845 2656.716264259572 1741.7335339369602
1846 2661.4064296786455 1769.3872171050753
1847 2669.1647787302027 1796.3414721385925
1848 2679.893652563169 1822.2570101552992
1849 2693.4580006036595 1846.807617207989
1850 2709.6870805150684 1869.6842605292331
1851 2728.376607431168 1890.5989785065758
1852 2749.2913254085106 1909.288505422708
1853 2772.16796872978 1925.517585334077
1854 2796.7185757824736 1939.0819333745749
1855 2822.6341137991876 1949.810807207541
1856 2849.588368832734 1957.5691562590655
1857 2877.24205200082 1962.2593216781388
1858 2905.2470703125 1963.8222656252328
1859 3005.2861328125 1963.8222656252328
1860 3033.291075674493 1962.2592200743966
1861 3060.9446737955004 1957.568969861546
1862 3087.898836984372 1949.8105536001385
1863 3113.8142792004437 1939.081630502129
1864 3138.364789323008 1925.5172510906705
1865 3161.2413373399904 1909.2881572489277
1866 3182.1559642690845 1890.598633003654
1867 3200.8454068469146 1869.6839330960065
1868 3217.0744113603505 1846.807321707951
1869 3230.638694907091 1822.256758619449
1870 3241.3675168105765 1796.341274509381
1871 3249.125827821488 1769.3870810256922
1872 3253.8159700527467 1741.7334645904484
1873 3255.37890625 1713.728515625291
1874 3253.8159700527503 1685.7235666601337
1875 3249.125827821499 1658.06995022489
1876 3241.367516810591 1631.115756741201
1877 3230.6386949071093 1605.2002726310748
1878 3217.0744113603723 1580.6497095426312
1879 3200.8454068469364 1557.7730981545756
1880 3182.15596426911 1536.85839824687
1881 3161.2413373400123 1518.1688740015961
1882 3138.3647893230263 1501.9397801598534
1883 3113.8142792004583 1488.3754007483367
1884 3087.898836984383 1477.6464776503271
1885 3060.9446737955113 1469.8880613889778
1886 3033.2910756745005 1465.197811176069
1887 3005.2861328125 1463.634765625291
1888 2905.2470703125 1463.634765625291
1889 2877.2420520008163 1465.197709572385
1890 2849.588368832723 1469.8878749914584
1891 2822.634113799173 1477.6462240429828
1892 2796.718575782459 1488.375097875949
1893 2772.1679687297583 1501.9394459164469
1894 2749.291325408489 1518.1685258278158
1895 2728.376607431146 1536.858052743948
1896 2709.6870805150465 1557.7727707212907
1897 2693.4580006036376 1580.6494140425348
1898 2679.8936525631507 1605.2000210952247
1899 2669.1647787301845 1631.1155591119896
1900 2661.4064296786346 1658.0698141455068
1901 2656.7162642595686 1685.723497313622
1902 609.38671875 652.8798828127328
1903 609.38671875 1071.2622070314828
1904 609.38671875 1489.6445312502328
1905 610.2225380642121 1518.7311292233644
1906 612.7489839614027 1547.719848524197
1907 616.9574995838047 1576.5125068216003
1908 622.8338310463005 1605.0115858263453
1909 630.3580757131094 1633.1205615773215
1910 639.5047496063453 1660.7442313600914
1911 650.2428737180526 1687.7890361502068
1912 662.5360789335136 1714.163377490011
1913 676.3427292103261 1739.7779277243535
1914 691.6160625961566 1764.5459325463162
1915 708.304349607497 1788.3835048262845
1916 726.3510684330358 1811.2099087306997
1917 745.6950963682393 1832.9478331674472
1918 766.2709168327492 1853.5236536319717
1919 788.0088412695004 1872.8676815671497
1920 810.8352451739156 1890.9144003926776
1921 834.6728174538875 1907.6026874040253
1922 859.4408222758539 1922.876020789845
1923 885.0553725102291 1936.6826710666646
1924 911.4297138499896 1948.9758762820857
1925 938.4745186401378 1959.7140003938111
1926 966.0981884228895 1968.860674287018
1927 994.207164173873 1976.384918953816
1928 1022.7062431786144 1982.2612504163408
1929 1051.4989014760285 1986.4697660387028
1930 1080.4876207768866 1988.9962119358825
1931 1109.57421875 1989.8320312501164
1932 1409.6865234375 1989.8320312501164
1933 1689.7685546875 1989.8320312501164
1934 1719.5631814553963 1988.9673919129418
1935 1749.2533431145966 1986.328891188663
1936 1778.7335247038864 1981.925905964512
1937 1807.8989575038395 1975.7740838756436
1938 1836.6459913711515 1967.8952876951662
1939 1864.8724630977522 1958.317517636926
1940 1892.4780594855038 1947.0748118461343
1941 1919.3646738462157 1934.2071254324983
1942 1945.4367546600442 1919.7601884747855
1943 1970.601645153085 1903.785343502299
1944 1994.7699125875042 1886.3393630300416
1945 2017.8556660937866 1867.4842477965285
1946 2039.7768619156996 1847.2870064215385
1947 2060.4555949830938 1825.8194172660587
1948 2079.8183757763654 1803.157773341285
1949 2097.796391498603 1779.3826111733215
1950 2114.325750627315 1754.5784245868563
1951 2129.3477099765514 1728.8333644251106
1952 2142.808883462523 1702.2389252732391
1953 2154.661431830784 1674.8896202985197
1954 2164.8632326706975 1646.88264536293
1955 2173.3780301129846 1618.3175336015993
1956 2180.1755636783637 1589.2958016951452
1957 2185.231675819341 1559.9205890926532
1958 2188.528397772974 1530.296291467559
1959 2190.0540134195253 1500.5281897087698
1960 2189.8031009200204 1470.7220757665345
1961 2187.7765519847453 1440.9838766812463
1962 2183.981568704239 1411.419278132962
1963 2178.4316379539887 1382.133348847914
1964 2171.14648346385 1353.2301671981695
1965 2162.15199572247 1324.8124513207586
1966 2151.4801399658754 1296.981194070424
1967 2139.168842577197 1269.8353041047812
1968 2125.2618563012365 1243.4712543752394
1969 2109.808604752943 1217.9827392751467
1970 2092.86400677231 1193.4603416619939
1971 2074.48828125 1169.991210937791
1972 1851.5934244791679 901.724934896105
1973 1628.6985677083321 633.4586588544189
1974 1405.8037109375 365.19238281273283
1975 1386.0365855040727 342.89670816768194
1976 1364.837302819862 321.9580651969882
1977 1342.298808533662 302.4682568067219
1978 1318.5199199029157 284.5127336657606
1979 1293.6048925415853 268.1702195579419
1980 1267.6629633242155 253.51236622739816
1981 1240.80787145031 240.6034392300644
1982 1213.1573597687711 229.50003616936738
1983 1184.8326585488649 220.25083855108824
1984 1155.9579539610131 212.8963983451249
1985 1126.6598435977867 207.4689601904247
1986 1097.0667814223234 203.99232002237113
1987 1067.3085145777259 202.4817207424203
1988 1037.515514526658 202.94378538732417
1989 1007.8184050152631 205.37648809154052
1990 978.3473893693917 209.76916296908166
1991 949.2316796341438 216.10255087696714
1992 920.5989300595284 224.34888385451632
1993 892.5746774161053 234.47200686851284
1994 865.2817905944466 246.42753633059328
1995 838.8399319015844 260.1630546916276
1996 813.3650324163427 275.61834025982535
1997 788.9687837037709 292.72563123574946
1998 765.7581481172165 311.4099228050327
1999 743.8348898350159 331.5892959883204
2000 723.295128687987 353.1752768046572
2001 704.2289187338356 376.0732241747319
2002 686.7198534262134 400.18274486326845
2003 670.8446991094897 425.3981336407596
2004 656.6730584461693 451.60883673490025
2005 644.2670652525558 478.69993654015707
2006 633.6811120806778 506.5526554599055
2007 624.9616117408477 535.0448766720365
2008 618.1467938103742 564.0516795354197
2009 613.2665370206996 593.445887288719
2010 610.3422382577664 623.098624641716
2011 1234.62109375 2570.048828125233
2012 1227.2984196830075 2552.3620224896003
2013 1209.611328125 2545.040039062733
2014 1191.924867987349 2552.3623679875745
2015 1184.6025390625 2570.048828125233
2016 1191.9245224893893 2587.735919683124
2017 1209.611328125 2595.05859375
2018 1227.298765187712 2587.7362651879084
GTSP_SET_SECTION
1 1 -1
2 2 3 4 5 6 7 8 9 10 11 12 13 14 15 16 17 18 19 20 21 -1
3 22 23 24 25 26 27 28 29 30 31 32 33 34 35 -1
4 36 37 38 39 40 41 42 43 44 45 46 47 48 49 50 51 52 53 54 55 56 57 58 59 60 61 62 63 64 65 66 67 68 -1
5 69 70 71 72 73 74 75 76 77 78 79 80 81 82 -1
6 83 84 85 86 87 88 89 90 91 92 93 94 95 96 -1
7 97 98 99 100 101 102 103 104 105 106 107 108 109 110 -1
8 111 112 113 114 115 116 117 118 119 120 121 122 123 124 -1
9 125 126 127 128 129 130 131 132 133 134 135 136 137 138 -1
10 139 140 141 142 143 144 145 146 147 148 149 150 151 152 153 154 155 156 157 158 -1
11 159 160 161 162 163 164 165 166 167 168 169 170 171 172 -1
12 173 174 175 176 177 178 179 180 181 182 183 184 185 186 187 188 189 190 191 192 -1
13 193 194 195 196 197 198 199 200 201 202 203 204 205 206 207 208 209 210 211 212 -1
14 213 214 215 216 217 218 219 220 221 222 223 224 225 226 227 228 229 230 231 232 -1
15 233 234 235 236 237 238 239 240 241 242 243 244 245 246 247 248 249 250 251 252 -1
16 253 254 255 256 257 258 259 260 261 262 263 264 265 266 267 268 269 270 271 272 -1
17 273 274 275 276 277 278 279 280 281 282 283 284 285 286 -1
18 287 288 289 290 291 292 293 294 295 296 297 298 299 300 -1
19 301 302 303 304 305 306 307 308 309 310 311 312 313 314 -1
20 315 316 317 318 319 320 321 322 323 324 325 326 327 328 -1
21 329 330 331 332 333 334 335 336 337 338 339 340 341 342 -1
22 343 344 345 346 347 348 349 350 351 352 353 354 355 356 -1
23 357 358 359 360 361 362 363 364 365 366 367 368 369 370 -1
24 371 372 373 374 375 376 377 378 379 380 381 382 383 384 -1
25 385 386 387 388 389 390 391 392 393 394 395 396 397 398 -1
26 399 400 401 402 403 404 405 406 407 408 409 410 411 412 -1
27 413 414 415 416 417 418 419 420 421 422 423 424 425 426 -1
28 427 428 429 430 431 432 433 434 435 436 437 438 439 440 -1
29 441 442 443 444 445 446 447 448 449 450 451 452 453 454 455 456 457 458 459 460 -1
30 461 462 463 464 465 466 467 468 469 470 471 472 473 474 475 476 477 478 479 480 -1
31 481 482 483 484 485 486 487 488 489 490 491 492 493 494 495 496 497 498 499 500 -1
32 501 502 503 504 505 506 507 508 509 510 511 512 513 514 515 516 517 518 519 520 -1
33 521 522 523 524 525 526 527 528 529 530 531 532 533 534 535 536 537 538 539 540 -1
34 541 542 543 544 545 546 547 548 549 550 551 552 553 554 555 556 557 558 559 560 -1
35 561 562 563 564 565 566 567 568 569 570 571 572 573 574 575 576 577 578 579 580 -1
36 581 582 583 584 585 586 587 588 589 590 591 592 593 594 595 596 597 598 599 600 -1
37 601 602 603 604 605 606 607 608 609 610 611 612 613 614 615 616 617 618 619 620 -1
38 621 622 623 624 625 626 627 628 629 630 631 632 633 634 635 636 637 638 639 640 -1
39 641 642 643 644 645 646 647 648 649 650 651 652 653 654 655 656 657 658 659 660 -1
40 661 662 663 664 665 666 667 668 669 670 671 672 673 674 675 676 677 678 679 680 -1
41 681 682 683 684 685 686 687 688 689 690 691 692 693 694 695 696 697 698 699 700 -1
42 701 702 703 704 705 706 707 708 709 710 711 712 713 714 715 716 717 718 719 720 -1
43 721 722 723 724 725 726 727 728 729 730 731 732 733 734 735 736 737 738 739 740 -1
44 741 742 743 744 745 746 747 748 749 750 751 752 753 754 755 756 757 758 759 760 -1
45 761 762 763 764 765 766 767 768 769 770 771 772 773 774 775 776 777 778 779 780 -1
46 781 782 783 784 785 786 787 788 789 790 791 792 793 794 795 796 797 798 799 800 -1
47 801 802 803 804 805 806 807 808 809 810 811 812 813 814 815 816 817 818 819 820 -1
48 821 822 823 824 825 826 827 828 829 830 831 832 833 834 835 836 837 838 839 840 -1
49 841 842 843 844 845 846 847 848 849 850 851 852 853 854 855 856 857 858 859 860 -1
50 861 862 863 864 865 866 867 868 869 870 871 872 873 874 875 876 877 878 879 880 881 882 883 884 885 886 887 888 889 890 891 892 893 894 895 896 897 898 899 900 901 902 903 904 905 906 907 908 909 910 911 912 913 914 915 916 917 918 919 920 921 922 923 924 925 926 927 928 929 930 931 932 933 934 935 936 937 -1
51 938 939 940 941 942 943 944 945 946 947 948 949 950 951 952 953 954 955 956 957 958 959 960 961 962 963 964 965 966 967 968 969 970 971 972 973 974 975 976 977 978 979 980 981 982 983 984 985 986 987 988 989 990 991 992 993 994 995 996 997 998 999 1000 1001 1002 1003 -1
52 1004 1005 1006 1007 1008 1009 1010 1011 1012 1013 1014 1015 1016 1017 1018 1019 1020 1021 1022 1023 1024 1025 1026 1027 1028 1029 1030 1031 1032 1033 1034 1035 1036 1037 1038 1039 1040 1041 1042 1043 1044 1045 1046 1047 1048 1049 1050 1051 1052 1053 1054 1055 1056 1057 1058 1059 1060 1061 1062 1063 1064 1065 1066 1067 1068 1069 -1
53 1070 1071 1072 1073 1074 1075 1076 1077 -1
54 1078 1079 1080 1081 1082 1083 1084 1085 1086 1087 1088 1089 1090 1091 1092 1093 1094 1095 1096 1097 1098 1099 1100 1101 1102 1103 1104 1105 1106 1107 1108 1109 1110 1111 1112 1113 1114 1115 1116 1117 1118 1119 1120 1121 1122 1123 1124 1125 1126 1127 1128 1129 1130 1131 1132 1133 1134 1135 1136 1137 1138 1139 1140 1141 1142 1143 1144 1145 1146 1147 1148 1149 1150 1151 1152 1153 1154 -1
55 1155 1156 1157 1158 1159 1160 1161 1162 1163 1164 1165 1166 1167 1168 1169 1170 1171 1172 1173 1174 1175 1176 1177 1178 1179 1180 1181 1182 1183 1184 1185 1186 1187 1188 1189 1190 1191 1192 1193 1194 1195 1196 1197 1198 1199 1200 1201 1202 1203 1204 1205 1206 1207 1208 1209 1210 1211 1212 1213 1214 1215 1216 1217 1218 1219 1220 -1
56 1221 1222 1223 1224 1225 1226 1227 1228 1229 1230 1231 1232 1233 1234 1235 1236 1237 1238 1239 1240 1241 1242 1243 1244 1245 1246 1247 1248 1249 1250 1251 1252 1253 1254 1255 1256 1257 1258 1259 1260 1261 1262 1263 1264 1265 1266 1267 1268 1269 1270 1271 1272 1273 1274 1275 1276 1277 1278 1279 1280 1281 1282 1283 1284 1285 1286 -1
57 1287 1288 1289 1290 1291 1292 1293 1294 -1
58 1295 1296 1297 1298 1299 1300 1301 1302 1303 1304 1305 1306 1307 1308 1309 1310 1311 1312 1313 1314 1315 1316 1317 1318 1319 1320 1321 1322 1323 1324 1325 1326 1327 1328 1329 1330 1331 1332 1333 1334 1335 1336 1337 1338 1339 1340 1341 1342 1343 1344 1345 1346 1347 1348 1349 1350 1351 1352 1353 1354 1355 1356 1357 1358 1359 1360 1361 1362 1363 1364 1365 1366 1367 1368 1369 1370 1371 1372 1373 1374 1375 1376 1377 1378 1379 1380 1381 1382 1383 1384 1385 1386 1387 1388 1389 1390 1391 1392 1393 1394 1395 1396 1397 1398 1399 1400 1401 1402 1403 1404 1405 1406 1407 1408 1409 1410 1411 1412 1413 1414 1415 1416 1417 1418 1419 1420 1421 1422 1423 1424 1425 1426 1427 1428 1429 1430 1431 1432 1433 1434 1435 1436 1437 1438 1439 1440 1441 1442 1443 1444 1445 1446 1447 1448 1449 1450 1451 1452 1453 1454 1455 1456 1457 1458 1459 1460 1461 1462 1463 1464 1465 1466 1467 1468 1469 1470 1471 -1
59 1472 1473 1474 1475 1476 1477 1478 1479 1480 1481 1482 1483 1484 1485 1486 1487 1488 1489 1490 1491 1492 1493 1494 1495 1496 1497 1498 1499 1500 1501 1502 1503 1504 1505 1506 1507 1508 1509 1510 1511 1512 1513 1514 1515 1516 1517 1518 1519 1520 1521 1522 1523 1524 1525 1526 1527 1528 1529 1530 1531 1532 1533 1534 1535 1536 1537 1538 1539 1540 1541 1542 1543 1544 1545 1546 1547 1548 1549 1550 1551 1552 1553 1554 1555 1556 1557 1558 1559 1560 1561 1562 1563 1564 1565 1566 1567 1568 1569 1570 1571 1572 1573 1574 1575 1576 1577 1578 1579 1580 -1
60 1581 1582 1583 1584 1585 1586 1587 1588 -1
61 1589 1590 1591 1592 1593 1594 1595 1596 1597 1598 1599 1600 1601 1602 1603 1604 1605 1606 1607 1608 1609 1610 1611 1612 1613 1614 1615 1616 1617 1618 1619 1620 1621 1622 1623 1624 1625 1626 1627 1628 1629 1630 1631 1632 1633 1634 1635 1636 1637 1638 1639 1640 1641 1642 1643 1644 1645 1646 -1
62 1647 1648 1649 1650 1651 1652 1653 1654 1655 1656 1657 1658 1659 1660 1661 1662 1663 1664 1665 1666 1667 1668 1669 1670 1671 1672 1673 1674 1675 1676 1677 1678 1679 1680 1681 1682 1683 1684 1685 1686 1687 1688 1689 1690 1691 1692 1693 1694 1695 1696 1697 1698 1699 1700 1701 1702 1703 1704 1705 1706 1707 1708 1709 1710 1711 1712 1713 1714 1715 1716 1717 1718 1719 1720 1721 1722 1723 1724 1725 1726 1727 1728 1729 1730 1731 1732 1733 1734 1735 1736 1737 1738 1739 1740 1741 1742 1743 1744 1745 1746 1747 1748 1749 1750 1751 1752 1753 1754 1755 1756 1757 1758 1759 1760 1761 1762 1763 1764 1765 1766 1767 1768 1769 1770 1771 1772 1773 1774 1775 1776 1777 1778 1779 1780 1781 1782 1783 1784 1785 1786 1787 1788 1789 1790 1791 1792 1793 1794 1795 1796 1797 1798 1799 1800 1801 1802 1803 1804 1805 1806 1807 1808 1809 1810 1811 1812 1813 1814 1815 1816 1817 1818 1819 1820 1821 1822 1823 1824 1825 1826 1827 -1
63 1828 1829 1830 1831 1832 1833 1834 1835 -1
64 1836 1837 1838 1839 1840 1841 1842 1843 -1
65 1844 1845 1846 1847 1848 1849 1850 1851 1852 1853 1854 1855 1856 1857 1858 1859 1860 1861 1862 1863 1864 1865 1866 1867 1868 1869 1870 1871 1872 1873 1874 1875 1876 1877 1878 1879 1880 1881 1882 1883 1884 1885 1886 1887 1888 1889 1890 1891 1892 1893 1894 1895 1896 1897 1898 1899 1900 1901 -1
66 1902 1903 1904 1905 1906 1907 1908 1909 1910 1911 1912 1913 1914 1915 1916 1917 1918 1919 1920 1921 1922 1923 1924 1925 1926 1927 1928 1929 1930 1931 1932 1933 1934 1935 1936 1937 1938 1939 1940 1941 1942 1943 1944 1945 1946 1947 1948 1949 1950 1951 1952 1953 1954 1955 1956 1957 1958 1959 1960 1961 1962 1963 1964 1965 1966 1967 1968 1969 1970 1971 1972 1973 1974 1975 1976 1977 1978 1979 1980 1981 1982 1983 1984 1985 1986 1987 1988 1989 1990 1991 1992 1993 1994 1995 1996 1997 1998 1999 2000 2001 2002 2003 2004 2005 2006 2007 2008 2009 2010 -1
67 2011 2012 2013 2014 2015 2016 2017 2018 -1
GTSP_SET_ORDERING
2 66 62 -1
3 66 62 -1
4 66 62 -1
5 66 62 -1
6 66 62 -1
7 66 62 -1
8 66 62 -1
9 66 62 -1
10 66 62 -1
11 66 62 -1
12 65 62 -1
13 65 62 -1
14 61 58 -1
15 61 58 -1
16 59 58 -1
17 59 58 -1
18 59 58 -1
19 59 58 -1
20 59 58 -1
21 59 58 -1
22 59 58 -1
23 59 58 -1
24 59 58 -1
25 59 58 -1
26 59 58 -1
27 59 58 -1
28 59 58 -1
29 59 58 -1
30 55 54 -1
31 55 54 -1
32 55 54 -1
33 55 54 -1
34 55 54 -1
35 56 54 -1
36 56 54 -1
37 56 54 -1
38 56 54 -1
39 56 54 -1
40 51 50 -1
41 51 50 -1
42 51 50 -1
43 51 50 -1
44 51 50 -1
45 52 50 -1
46 52 50 -1
47 52 50 -1
48 52 50 -1
49 52 50 -1
51 50 -1
52 50 -1
53 50 -1
55 54 -1
56 54 -1
57 54 -1
59 58 -1
60 58 -1
61 58 -1
63 62 -1
64 62 -1
65 62 -1
66 62 -1
67 62 -1
EOF