NAME: Lc67v993
TYPE: PCGTSP 
COMMENT: 
DIMENSION: 994
GTSP_SETS: 68
EDGE_WEIGHT_TYPE: EUC_2D
NODE_COORD_SECTION
1 0.0 0.0
2 2291.0 159.9999847409781
3 2288.0 159.9999847409781
4 1866.4583129882812 160.00014953583013
5 1444.9166259765589 160.00031433079857
6 1023.3749389648401 160.0004791256506
7 601.8332519531177 160.00064392061904
8 180.29156494139897 160.00080871547107
9 152.4048179679412 162.61584171967115
10 125.49040065716326 170.36975654994603
11 100.48673985677306 182.9921969223069
12 78.2656399352345 200.04305533634033
13 59.60188551862302 220.92781833349727
14 45.14622702153429 244.9182954399148
15 35.402690887447534 271.17800903273746
16 25.00011634827024 310.00088500929996
17 10.000116348259326 310.00088500929996
18 10.00001335144043 45.0008811946027
19 34.74874745682246 34.74960842076689
20 45.0 10.000865935580805
21 489.59999999999854 10.000692748348229
22 934.2000000000007 10.000519561232068
23 1378.7999999999993 10.000346373999491
24 1823.4000000000015 10.00017318688333
25 2268.0 9.999999999650754
26 2270.9289335368776 17.071065345429815
27 2278.0 19.999996184837073
28 2288.0 19.999992370139807
29 2291.0 19.99999046267476
30 2405.0 475.9999999993015
31 2390.0 475.9999999993015
32 2379.5974121093677 437.17715454031713
33 2369.853867255024 410.9174431459978
34 2355.398200442236 386.92696991504636
35 2336.73443843942 366.04221239325125
36 2314.513331970862 348.9913609143114
37 2289.509665944708 336.36892873607576
38 2262.5952449721553 328.61502310365904
39 2234.70849609375 325.9999999994179
40 1813.1667968750007 325.9999999994179
41 1391.6250976562515 325.9999999994179
42 970.0833984374985 325.9999999994179
43 548.5416992187493 325.9999999994179
44 127.0 325.9999999994179
45 123.99999237059819 325.9999999994179
46 124.0 185.99999999941792
47 127.0 185.99999999941792
48 137.0 185.99999999941792
49 144.07106781181574 183.07106781145558
50 147.0 175.99999999965075
51 591.5999999999985 175.99999999965075
52 1036.2000000000007 175.99999999965075
53 1480.7999999999993 175.99999999965075
54 1925.4000000000015 175.99999999965075
55 2370.0 175.99999999965075
56 2380.251262658472 200.74873734114226
57 2405.0 210.99999999965075
58 2286.0 360.99999999953434
59 2052.1730957031177 496.00009155250154
60 1600.0865631103443 496.00026702845935
61 1148.0000305175745 496.00044250441715
62 695.913497924801 496.00061798037495
63 243.8269653320276 496.00079345633276
64 10.000005722049536 361.00088500906713
65 10.0 346.00088500929996
66 465.2000000000007 346.0007080073701
67 920.4000000000015 346.0005310054403
68 1375.5999999999985 346.000354003394
69 1830.7999999999993 346.0001770014642
70 2286.0 345.99999999953434
71 2286.0 520.9999999995343
72 2052.1730957031177 656.0000610345742
73 1600.0865631103443 656.0002441400429
74 1148.0000305175745 656.0004272455117
75 695.913497924801 656.0006103509804
76 243.8269653320276 656.0007934564492
77 10.000005722049536 521.0009155271109
78 10.0 506.0008850094164
79 465.2000000000007 506.00070800748654
80 920.4000000000015 506.0005310055567
81 1375.5999999999985 506.00035400351044
82 1830.7999999999993 506.0001770015806
83 2286.0 505.99999999965075
84 2286.0 680.9999999996508
85 2052.1730957031177 815.9999999995343
86 1600.086536407467 815.9999999995343
87 1147.9999771118128 815.9999999995343
88 695.9134178161585 815.9999999995343
89 243.8268585205078 815.9999999995343
90 9.999999046318408 680.9999999996508
91 10.0 665.9999999996508
92 465.2000000000007 665.9999999996508
93 920.4000000000015 665.9999999996508
94 1375.5999999999985 665.9999999996508
95 1830.7999999999993 665.9999999996508
96 2286.0 665.9999999996508
97 2286.0 840.9999999997672
98 2052.1730957031177 975.9999999995343
99 1600.086536407467 975.9999999995343
100 1147.9999771118128 975.9999999995343
101 695.9134178161585 975.9999999995343
102 243.8268585205078 975.9999999995343
103 9.999999046318408 840.9999999997672
104 10.0 825.9999999995343
105 465.2000000000007 825.9999999995343
106 920.4000000000015 825.9999999995343
107 1375.5999999999985 825.9999999995343
108 1830.7999999999993 825.9999999995343
109 2286.0 825.9999999995343
110 2286.0 1000.9999999994179
111 2052.1730957031177 1135.9999999996508
112 1600.086536407467 1135.9999999996508
113 1147.9999771118128 1135.9999999996508
114 695.9134178161585 1135.9999999996508
115 243.8268585205078 1135.9999999996508
116 9.999999046318408 1000.9999999994179
117 10.0 985.9999999996508
118 465.2000000000007 985.9999999996508
119 920.4000000000015 985.9999999996508
120 1375.5999999999985 985.9999999996508
121 1830.7999999999993 985.9999999996508
122 2286.0 985.9999999996508
123 2286.0 1160.9999999996508
124 2052.1730957031177 1296.0001220697304
125 1600.0865631103443 1296.0003051753156
126 1148.0000305175745 1296.0004882807843
127 695.913497924801 1296.000671386253
128 243.8269653320276 1296.0008544918383
129 10.000005722049536 1161.0008544918383
130 10.0 1146.000854491489
131 465.2000000000007 1146.000683593098
132 920.4000000000015 1146.0005126947071
133 1375.5999999999985 1146.0003417963162
134 1830.7999999999993 1146.0001708979253
135 2286.0 1145.9999999995343
136 2286.0 1320.9999999995343
137 2052.1730957031177 1456.0001220698468
138 1600.0865631103443 1456.0003051753156
139 1148.0000305175745 1456.0004882807843
140 695.913497924801 1456.0006713863695
141 243.8269653320276 1456.0008544918383
142 10.000005722049536 1321.000854491489
143 10.0 1306.0008544919547
144 465.2000000000007 1306.0006835934473
145 920.4000000000015 1306.00051269494
146 1375.5999999999985 1306.0003417964326
147 1830.7999999999993 1306.0001708979253
148 2286.0 1305.999999999418
149 2307.0 1480.9999999993015
150 2073.1730957031177 1616.0001220699633
151 1621.0865631103443 1616.000305175432
152 1169.0000305175745 1616.0004882809008
153 716.913497924801 1616.0006713863695
154 264.8269653320276 1616.0008544918383
155 31.000005722049536 1481.0008544919547
156 31.0 1466.0008544918383
157 486.2000000000007 1466.000683593331
158 941.4000000000015 1466.00051269494
159 1396.5999999999985 1466.0003417964326
160 1851.7999999999993 1466.0001708980417
161 2307.0 1465.9999999995343
162 2291.0 1780.9999999995343
163 2288.0 1780.9999999995343
164 2278.0 1780.9999999995343
165 2270.9289321880897 1783.9289321877295
166 2268.0 1790.9999999996508
167 1823.4000000000015 1791.0001708980417
168 1378.7999999999993 1791.000341796549
169 934.2000000000007 1791.00051269494
170 489.59999999999854 1791.0006835934473
171 45.0 1791.0008544918383
172 34.74873262117762 1766.252112429589
173 9.99998664855957 1756.0008544913726
174 9.99988365172976 1491.0008544918383
175 24.99988365172976 1491.0008544918383
176 35.40248489379883 1529.8237304684008
177 45.146036428668594 1556.0834421972977
178 59.601710291401105 1580.0739142596722
179 78.26547937286887 1600.9586689930875
180 100.48659257941472 1618.0095160236815
181 125.49026462203256 1630.631942137028
182 152.40469051554828 1638.385840216186
183 180.2914428710901 1641.0008544917218
184 601.8331542968735 1641.000683593331
185 1023.3748657226533 1641.0005126948236
186 1444.9165771484368 1641.0003417964326
187 1866.4582885742166 1641.0001708979253
188 2288.0 1640.9999999995343
189 2291.0 1640.9999999995343
190 4272.0 1600.9999999995343
191 4250.786796564447 1609.786796563887
192 4242.0 1630.999999999418
193 3812.5999999999985 1631.0001708979253
194 3383.2000000000007 1631.0003417964326
195 2953.7999999999993 1631.0005126948236
196 2524.4000000000015 1631.000683593331
197 2095.0 1631.0008544918383
198 2095.0 1616.0008544918383
199 2328.8269042968677 1481.0007324215258
200 2805.95989990234 1481.0005493159406
201 3283.092895507809 1481.0003662104718
202 3760.2258911132812 1481.0001831048867
203 4237.35888671875 1480.9999999993015
204 4272.0 1500.9999999996508
205 4254.0 1425.9982910153922
206 4232.786796564447 1434.7850875797449
207 4224.0 1455.9982910152758
208 3798.7999999999993 1455.9986328120576
209 3373.5999999999985 1455.998974608956
210 2948.4000000000015 1455.9993164057378
211 2523.2000000000007 1455.999658202636
212 2098.0 1455.999999999418
213 2098.0 1440.999999999418
214 2331.82666015625 1305.9998779293383
215 2803.709594726559 1305.9994812007062
216 3275.5925292968714 1305.9990844721906
217 3747.47546386718 1305.998687743675
218 4219.358398437489 1305.998291015043
219 4254.0 1325.9982910152758
220 4256.0 1295.998291015043
221 3824.4000000000015 1295.9986328119412
222 3392.7999999999993 1295.9989746088395
223 2961.2000000000007 1295.9993164057378
224 2529.5999999999985 1295.999658202636
225 2098.0 1295.9999999995343
226 2098.0 1280.9999999996508
227 2331.82666015625 1145.9998779293383
228 2812.8699951171875 1145.9994812008226
229 3293.913330078125 1145.9990844724234
230 3774.9566650390625 1145.9986877439078
231 4256.0 1145.9982910153922
232 4261.0 965.9999999993015
233 4258.0 965.9999999993015
234 4248.0 965.9999999993015
235 4240.928932188086 968.9289321874967
236 4238.0 975.9999999995343
237 3810.0 976.0001708979253
238 3382.0 976.0003417964326
239 2954.0 976.0005126948236
240 2526.0 976.0006835933309
241 2098.0 976.0008544917218
242 2098.0 961.0008544918383
243 2331.8269042968677 826.0007324216422
244 2813.3701782226526 826.0005493161734
245 3294.913452148434 826.0003662105883
246 3776.456726074215 826.0001831050031
247 4258.0 825.9999999995343
248 4261.0 825.9999999995343
249 4289.0 617.9999999995343
250 4267.786796564404 626.786796563887
251 4259.0 647.9999999995343
252 3829.5999999999985 648.0001708979253
253 3400.2000000000007 648.0003417963162
254 2970.7999999999993 648.0005126947071
255 2541.4000000000015 648.0006835930981
256 2112.0 648.000854491489
257 2112.0 633.0008544918383
258 2345.8269042968677 498.0007324211765
259 2822.95989990234 498.0005493158242
260 3300.092895507809 498.00036621047184
261 3777.2258911132812 498.0001831050031
262 4254.35888671875 497.99999999965075
263 4289.0 517.9999999994179
264 4459.0 807.9999999995343
265 4456.0 807.9999999995343
266 3974.456726074215 808.0001831050031
267 3492.913452148434 808.0003662104718
268 3011.3701782226526 808.000549316057
269 2529.8269042968677 808.0007324215258
270 2296.0 673.0008544917218
271 2296.0 658.0008544918383
272 2724.0 658.0006835933309
273 3152.0 658.0005126948236
274 3580.0 658.0003417963162
275 4008.0 658.0001708978089
276 4436.0 657.9999999993015
277 4438.928932188086 665.0710678113392
278 4446.0 667.9999999995343
279 4456.0 667.9999999995343
280 4459.0 667.9999999995343
281 4454.0 1135.9999999996508
282 3973.956726074215 1135.9999999996508
283 3493.913452148434 1135.9999999996508
284 3013.8701782226526 1135.9999999996508
285 2533.8269042968677 1135.9999999996508
286 2300.0 1000.9999999994179
287 2300.0 985.9999999996508
288 2730.7999999999993 985.9999999996508
289 3161.5999999999985 985.9999999996508
290 3592.4000000000015 985.9999999996508
291 4023.2000000000007 985.9999999996508
292 4454.0 985.9999999996508
293 4480.0 1790.9982910152758
294 4048.5999999999985 1790.998632812174
295 3617.2000000000007 1790.9989746090723
296 3185.7999999999993 1790.9993164058542
297 2754.4000000000015 1790.9996582027525
298 2323.0 1790.9999999996508
299 2308.0 1775.9999999995343
300 2308.0 1655.9999999995343
301 2333.9807128906177 1640.9999999995343
302 2736.1845703124927 1640.9996826167917
303 3138.3884277343714 1640.9993652339326
304 3540.5922851562464 1640.99904785119
305 3942.796142578125 1640.998730468331
306 4345.0 1640.9984130855883
307 4480.0 1775.9982910152758
308 4592.0 344.99999999953434
309 4358.1728515625 479.99999999953434
310 3881.0399169921875 479.99999999953434
311 3403.906982421875 479.99999999953434
312 2926.7740478515625 479.99999999953434
313 2449.64111328125 479.99999999953434
314 2415.0 459.99999999953434
315 2415.0 359.99999999965075
316 2436.2132034355964 351.21320343529806
317 2445.0 329.99999999965075
318 2874.4000000000015 329.99999999965075
319 3303.7999999999993 329.99999999965075
320 3733.2000000000007 329.99999999965075
321 4162.5999999999985 329.99999999965075
322 4592.0 329.99999999965075
323 4597.0 184.99999999965075
324 4363.1728515625 319.99999999953434
325 3886.0399169921875 319.99999999953434
326 3408.906982421875 319.99999999953434
327 2931.7740478515625 319.99999999953434
328 2454.64111328125 319.99999999953434
329 2420.0 299.9999999994179
330 2420.0 199.99999999953434
331 2441.2132034355964 191.21320343518164
332 2450.0 169.99999999953434
333 2879.4000000000015 169.99999999953434
334 3308.7999999999993 169.99999999953434
335 3738.2000000000007 169.99999999953434
336 4167.5999999999985 169.99999999953434
337 4597.0 169.99999999953434
338 4473.0 24.99999999953434
339 4338.0 159.9999999993015
340 3935.796142578125 159.9999999993015
341 3533.5922851562464 159.9999999993015
342 3131.3884277343714 159.9999999993015
343 2729.1845703124927 159.9999999993015
344 2326.9807128906177 159.9999999993015
345 2301.0 144.99999999953434
346 2301.0 24.99999999953434
347 2316.0 9.999999999650754
348 2747.4000000000015 9.999999999650754
349 3178.7999999999993 9.999999999650754
350 3610.2000000000007 9.999999999650754
351 4041.5999999999985 9.999999999650754
352 4473.0 9.999999999650754
353 5694.0 144.99999999953434
354 5679.0 159.9999999993015
355 5241.666666666668 160.0001678459812
356 4804.333333333332 160.0003356927773
357 4367.0 160.000503539457
358 4367.0 145.000503539457
359 4600.82666015625 10.000419616349973
360 4956.557454427082 10.00028101564385
361 5312.288248697918 10.000142414937727
362 5668.01904296875 10.000003814231604
363 5694.0 24.999994277837686
364 6350.999999999996 511.99999999953434
365 6117.173339843746 647.0000610346906
366 5720.836791992184 647.0002288813703
367 5324.500244140621 647.00039672805
368 4928.1636962890625 647.0005645747297
369 4531.8271484375 647.0007324214093
370 4298.0 512.000793456682
371 4298.0 497.0007934567984
372 4708.5999999999985 497.0006347653689
373 5119.199999999997 497.00047607393935
374 5529.799999999999 497.00031738262624
375 5940.399999999998 497.0001586911967
376 6350.999999999996 496.99999999976717
377 6337.999999999996 1295.9999999995343
378 5923.599999999995 1296.0001708980417
379 5509.199999999997 1296.0003417964326
380 5094.799999999999 1296.00051269494
381 4680.399999999998 1296.000683593331
382 4266.0 1296.0008544918383
383 4267.5234375 1281.0008544918383
384 4501.3505859375 1146.0007324214093
385 4901.5091552734375 1146.0005798335187
386 5301.667724609371 1146.000427245628
387 5701.826293945309 1146.0002746578539
388 6101.984863281246 1146.0001220699633
389 6335.811523437489 1280.9999999996508
390 6318.999999999996 1455.998413085239
391 5904.599999999995 1455.998730468098
392 5490.199999999997 1455.9990478509571
393 5075.799999999999 1455.9993652336998
394 4661.399999999998 1455.9996826165589
395 4247.0 1455.999999999418
396 4249.1884765625 1440.999999999418
397 4483.01513671875 1305.9997558591422
398 4883.1737060546875 1305.999450683361
399 5283.332275390621 1305.9991455075797
400 5683.490844726559 1305.998840331682
401 6083.649414062496 1305.9985351559008
402 6317.476074218746 1440.9984130855883
403 6370.999999999996 1615.9999999996508
404 5953.200000000001 1616.0001708980417
405 5535.399999999998 1616.000341796549
406 5117.5999999999985 1616.00051269494
407 4699.799999999999 1616.0006835934473
408 4282.0 1616.0008544918383
409 4282.0 1601.000854491489
410 4515.82666015625 1466.0007324215258
411 4921.1632080078125 1466.0005798335187
412 5326.499755859371 1466.000427245628
413 5731.836303710934 1466.0002746577375
414 6137.172851562496 1466.0001220697304
415 6370.999999999996 1600.9999999995343
416 6514.999999999996 1755.999999999418
417 6480.358398437496 1775.9999999995343
418 6008.475463867184 1775.9999999995343
419 5536.592529296871 1775.9999999995343
420 5064.7095947265625 1775.9999999995343
421 4592.82666015625 1775.9999999995343
422 4359.0 1640.9999999995343
423 4359.0 1625.9999999995343
424 4784.200000000001 1625.9999999995343
425 5209.399999999998 1625.9999999995343
426 5634.5999999999985 1625.9999999995343
427 6059.799999999999 1625.9999999995343
428 6484.999999999996 1625.9999999995343
429 6493.7867965644 1647.2132034351816
430 6514.999999999996 1655.9999999995343
431 6630.999999999996 1284.9999999995343
432 6615.999999999996 1284.9999999995343
433 6605.597656249996 1246.1771240230883
434 6595.854092183432 1219.9173862716416
435 6581.398396550187 1195.926893753698
436 6562.734598253413 1175.0421265625628
437 6540.51345074167 1157.991277001449
438 6515.509742091013 1145.3688595941057
439 6488.595280353165 1137.6149820573628
440 6460.708496093746 1134.9999999996508
441 6051.738037109371 1134.9999999996508
442 5642.767578124996 1134.9999999996508
443 5233.797119140625 1134.9999999996508
444 4824.82666015625 1134.9999999996508
445 4591.0 999.9999999993015
446 4591.0 984.9999999995343
447 4992.0 984.9999999995343
448 5393.0 984.9999999995343
449 5793.999999999996 984.9999999995343
450 6194.999999999996 984.9999999995343
451 6595.999999999996 984.9999999995343
452 6606.2512626584685 1009.7487373410258
453 6630.999999999996 1019.9999999995343
454 6507.999999999996 831.9999999993015
455 6274.173339843746 967.0000610346906
456 5865.202880859371 967.0002288813703
457 5456.232421874996 967.0003967281664
458 5047.261962890625 967.0005645748461
459 4638.29150390625 967.0007324216422
460 4610.404784120077 969.615800856729
461 4583.490398876002 977.369741163915
462 4558.486772311502 989.9921966292895
463 4536.265706122209 1007.0430599729298
464 4517.601982443535 1027.9278185734292
465 4503.14634951426 1051.9182833451778
466 4493.40283203125 1078.177978515043
467 4483.0 1117.0007324216422
468 4468.0 1117.0008544916054
469 4468.0 852.000793456682
470 4492.7487373415315 841.7495307981735
471 4503.0 817.0007934565656
472 4904.0 817.000634765136
473 5305.0 817.0004760737065
474 5705.999999999996 817.0003173823934
475 6106.999999999996 817.0001586909639
476 6507.999999999996 816.9999999995343
477 6521.999999999996 671.9999999997672
478 6288.173339843746 807.0000610345742
479 5891.836791992184 807.0002288813703
480 5495.500244140621 807.00039672805
481 5099.1636962890625 807.0005645747297
482 4702.8271484375 807.0007324215258
483 4469.0 672.0007934562163
484 4469.0 657.0007934563328
485 4879.5999999999985 657.0006347649032
486 5290.199999999997 657.0004760734737
487 5700.799999999999 657.0003173821606
488 6111.399999999998 657.000158690731
489 6521.999999999996 656.9999999993015
490 6443.999999999996 486.99999999965075
491 6033.399999999998 487.0001586909639
492 5622.799999999999 487.000317382277
493 5212.199999999997 487.0004760737065
494 4801.5999999999985 487.00063476501964
495 4391.0 487.00079345633276
496 4391.0 472.0007934565656
497 4624.82666015625 337.0007019035984
498 5021.1632080078125 337.0005493158242
499 5417.499755859371 337.00039672804996
500 5813.836303710934 337.00024414015934
501 6210.172851562496 337.00009155238513
502 6443.999999999996 471.99999999965075
503 6461.999999999996 319.99999999953434
504 6051.399999999998 320.0001586909639
505 5640.799999999999 320.0003173823934
506 5230.199999999997 320.0004760737065
507 4819.5999999999985 320.00063476513606
508 4409.0 320.0007934565656
509 4409.0 305.0007934564492
510 4642.82666015625 170.00070190394763
511 5039.1632080078125 170.000549316057
512 5435.499755859371 170.00039672804996
513 5831.836303710934 170.00024414015934
514 6228.172851562496 170.0000915522687
515 6461.999999999996 304.99999999953434
516 7678.999999999996 24.99999999953434
517 7445.173339843746 160.00009155238513
518 7018.540283203121 160.0002593989484
519 6591.907226562489 160.0004272456281
520 6165.274169921864 160.00059509219136
521 5738.641113281239 160.00076293875463
522 5703.999999999989 140.0007629392203
523 5703.999999999989 40.000770568381995
524 5725.213208156081 31.213969283387996
525 5733.999999999996 10.000757216708735
526 6220.249999999996 10.000567912473343
527 6706.499999999996 10.000378608237952
528 7192.749999999996 10.000189303886145
529 7678.999999999996 9.999999999650754
530 8427.999999999996 184.99999999965075
531 8194.172851562496 320.0000915520359
532 7771.789916992184 320.00025939871557
533 7349.406982421871 320.00042724539526
534 6927.024047851559 320.00059509219136
535 6504.641113281246 320.00076293887105
536 6469.999999999996 300.00076293887105
537 6469.999999999996 200.00076293910388
538 6491.21320883049 191.21396097971592
539 6499.999999999996 170.00074767996557
540 6981.999999999996 170.00056075979955
541 7463.999999999996 170.00037383974995
542 7945.999999999996 170.00018691970035
543 8427.999999999996 169.99999999953434
544 8401.999999999996 344.99999999953434
545 8168.173339843746 480.0000915520359
546 7745.607299804684 480.00025939871557
547 7323.041259765621 480.0004272455117
548 6900.475219726559 480.0005950923078
549 6477.909179687496 480.00076293898746
550 6443.268554687496 460.00076293887105
551 6455.395996093746 359.78347778273746
552 6478.898244464199 352.45202290196903
553 6488.999999999996 330.00073242164217
554 6967.249999999996 330.0005493161734
555 7445.499999999996 330.00036621070467
556 7923.749999999996 330.0001831051195
557 8401.999999999996 329.99999999965075
558 8378.999999999996 639.9999999996508
559 7896.999999999996 640.0001831051195
560 7414.999999999996 640.0003662105883
561 6932.999999999996 640.000549316057
562 6450.999999999996 640.0007324215258
563 6435.999999999996 625.0007324215258
564 6435.999999999996 505.0007629391039
565 6461.980468749996 490.0007324211765
566 6882.778564453121 490.00057220389135
567 7303.576660156246 490.0004119867226
568 7724.374755859371 490.00025176955387
569 8145.172851562496 490.0000915522687
570 8378.999999999996 624.9999999995343
571 8276.999999999996 791.9984741207445
572 8261.999999999996 806.9984741206281
573 7779.999999999996 806.9988555903547
574 7297.999999999996 806.9992370600812
575 6815.999999999996 806.9996185298078
576 6333.999999999996 806.9999999995343
577 6333.999999999996 791.9999999996508
578 6567.826660156246 656.999816894182
579 6988.624877929684 656.9994964596117
580 7409.423095703121 656.9991760250414
581 7830.221313476559 656.9988555904711
582 8251.019531249996 656.9985351559008
583 8276.999999999996 671.9984741209773
584 8248.999999999996 958.9984741208609
585 8233.999999999996 973.9984741206281
586 7751.999999999996 973.9988555903547
587 7269.999999999996 973.9992370600812
588 6787.999999999996 973.9996185296914
589 6305.999999999996 973.9999999994179
590 6305.999999999996 958.9999999996508
591 6539.826660156246 823.999816894182
592 6960.624877929684 823.9994964594953
593 7381.423095703121 823.999176024925
594 7802.221313476559 823.9988555902382
595 8223.019531249996 823.9985351555515
596 8248.999999999996 838.9984741202788
597 8034.999999999996 1435.9999999996508
598 8000.358886718746 1455.999999999418
599 7590.975952148434 1456.0001525873085
600 7181.593017578121 1456.0003051753156
601 6772.210083007809 1456.0004577632062
602 6362.827148437496 1456.0006103510968
603 6128.999999999996 1321.0007324214093
604 6128.999999999996 1306.0007324214093
605 6597.999999999996 1306.0005493159406
606 7066.999999999996 1306.0003662104718
607 7535.999999999996 1306.0001831048867
608 8004.999999999996 1305.999999999418
609 8013.7867965644 1327.2132034350652
610 8034.999999999996 1335.999999999418
611 8369.999999999996 1486.9999999996508
612 8136.172851562496 1621.9999999995343
613 7726.789916992184 1621.9999999995343
614 7317.406982421871 1621.9999999995343
615 6908.024047851559 1621.9999999995343
616 6498.641113281246 1621.9999999995343
617 6463.999999999996 1601.9999999993015
618 6463.999999999996 1501.9999999995343
619 6485.213203435593 1493.2132034351816
620 6493.999999999996 1471.9999999995343
621 6962.999999999996 1471.9999999995343
622 7431.999999999996 1471.9999999995343
623 7900.999999999996 1471.9999999995343
624 8369.999999999996 1471.9999999995343
625 8467.999999999996 1790.9999999996508
626 7985.999999999996 1791.000183105003
627 7503.999999999996 1791.0003662104718
628 7021.999999999996 1791.0005493158242
629 6539.999999999996 1791.0007324211765
630 6524.999999999996 1776.000732421293
631 6524.999999999996 1656.0007324214093
632 6550.980468749996 1641.0007324216422
633 6971.778564453121 1641.0005798337515
634 7392.576660156246 1641.0004272457445
635 7813.374755859371 1641.0002746577375
636 8234.172851562496 1641.0001220698468
637 8467.999999999996 1775.9999999995343
638 8503.999999999989 1273.9999999995343
639 8469.358398437496 1293.999999999418
640 8070.725463867184 1293.999999999418
641 7672.092529296871 1293.999999999418
642 7273.459594726559 1293.999999999418
643 6874.826660156246 1293.999999999418
644 6640.999999999996 1158.9999999995343
645 6640.999999999996 1143.9999999996508
646 7099.249999999996 1143.9999999996508
647 7557.499999999996 1143.9999999996508
648 8015.749999999996 1143.9999999996508
649 8473.999999999996 1143.9999999996508
650 8482.786796564444 1165.2132034351816
651 8503.999999999989 1173.999999999418
652 8518.999999999996 998.9999999995343
653 8285.172851562496 1134.0001220699633
654 7882.789916992184 1134.0002746578539
655 7480.406982421871 1134.000427245861
656 7078.024047851559 1134.0005798337515
657 6675.641113281246 1134.0007324216422
658 6640.999999999996 1114.0007324216422
659 6640.999999999996 1014.0007324212929
660 6662.213203435542 1005.2139358570566
661 6670.999999999996 984.0007324215258
662 7132.999999999996 984.000549316057
663 7594.999999999996 984.0003662104718
664 8056.999999999996 984.0001831050031
665 8518.999999999996 983.9999999995343
666 9299.999999999996 1243.999999999418
667 8907.499999999996 1243.999999999418
668 8514.999999999996 1243.999999999418
669 8514.999999999996 1143.9999999996508
670 8907.499999999996 1143.9999999996508
671 9299.999999999996 1143.9999999996508
672 9353.999999999996 129.99855041468982
673 9332.786791169598 138.78535237384494
674 9323.999999999996 159.99856567347888
675 8865.749999999996 159.99892425490543
676 8407.499999999996 159.9992828364484
677 7949.249999999996 159.99964141787495
678 7490.999999999996 159.9999999993015
679 7490.999999999996 144.99999999953434
680 7724.826660156246 9.999817847739905
681 8123.459594726559 9.999507426749915
682 8522.092529296871 9.999197005759925
683 8920.725463867184 9.99888658488635
684 9319.358398437496 9.99857616389636
685 9353.999999999996 29.998548507108353
686 10136.999999999996 319.99999999953434
687 9662.749999999996 320.0001831050031
688 9188.499999999996 320.00036621047184
689 8714.249999999996 320.0005493158242
690 8239.999999999996 320.0007324212929
691 8239.999999999996 305.00073242152575
692 8473.827148437489 170.00064086855855
693 8950.275716145825 170.0004577630898
694 9426.72428385416 170.00027465773746
695 9903.172851562496 170.0000915522687
696 10136.999999999996 304.99999999953434
697 9995.999999999996 448.99999999965075
698 9974.7867965644 457.78679656400345
699 9965.999999999996 478.99999999953434
700 9528.249999999996 479.000167846214
701 9090.499999999996 479.0003356928937
702 8652.749999999996 479.0005035396898
703 8214.999999999996 479.0006713863695
704 8214.999999999996 464.0006713863695
705 8448.827148437496 329.0005798335187
706 8826.960205078121 329.0004348750226
707 9205.093261718746 329.0002899165265
708 9583.226318359371 329.00014495803043
709 9961.359374999996 328.99999999953434
710 9995.999999999996 348.99999999953434
711 10068.999999999996 503.99999999965075
712 9835.172851562489 638.9999999996508
713 9365.057617187489 638.9999999996508
714 8894.942382812496 638.9999999996508
715 8424.827148437496 638.9999999996508
716 8190.999999999996 503.99999999965075
717 8190.999999999996 488.9999999994179
718 8660.499999999996 488.9999999994179
719 9129.999999999996 488.9999999994179
720 9599.499999999996 488.9999999994179
721 10068.999999999996 488.9999999994179
722 10037.999999999996 789.9999999993015
723 10027.999999999996 789.9999999993015
724 10020.928932188082 792.9289321874967
725 10017.999999999996 799.9999999995343
726 9585.999999999996 800.000167846214
727 9153.999999999996 800.0003356928937
728 8721.999999999996 800.0005035396898
729 8289.999999999996 800.0006713863695
730 8289.999999999996 650.0006713861367
731 8726.999999999996 650.000503539457
732 9163.999999999996 650.0003356927773
733 9600.999999999996 650.0001678460976
734 10037.999999999996 649.9999999994179
735 10010.999999999996 959.9999999996508
736 9573.999999999996 959.9999999996508
737 9136.999999999996 959.9999999996508
738 8699.999999999996 959.9999999996508
739 8262.999999999996 959.9999999996508
740 8262.999999999996 819.9999999997672
741 8272.999999999996 819.9999999997672
742 8280.071067811816 817.0710678116884
743 8282.999999999996 809.9999999998836
744 8714.999999999996 809.9999999998836
745 9146.999999999996 809.9999999998836
746 9578.999999999996 809.9999999998836
747 10010.999999999996 809.9999999998836
748 10094.999999999989 1243.999999999418
749 9702.499999999989 1243.999999999418
750 9309.999999999996 1243.999999999418
751 9309.999999999996 1143.9999999996508
752 9702.499999999989 1143.9999999996508
753 10094.999999999989 1143.9999999996508
754 10124.999999999996 1600.998535155435
755 9650.749999999996 1600.998901366489
756 9176.499999999996 1600.9992675774265
757 8702.249999999996 1600.9996337884804
758 8227.999999999996 1600.9999999995343
759 8227.999999999996 1585.9999999995343
760 8461.827148437496 1450.9998779293383
761 8938.275716145832 1450.999471028219
762 9414.72428385416 1450.9990641270997
763 9891.172851562496 1450.9986572259804
764 10124.999999999996 1585.998535155668
765 10131.999999999996 1625.9999999995343
766 9898.172851562496 1761.0001220697304
767 9421.72428385416 1761.0002848302247
768 8945.275716145832 1761.0004475908354
769 8468.827148437496 1761.0006103513297
770 8234.999999999996 1626.0007324216422
771 8234.999999999996 1611.0007324211765
772 8709.249999999996 1611.0005493158242
773 9183.499999999996 1611.0003662104718
774 9657.749999999996 1611.0001831051195
775 10131.999999999996 1610.9999999997672
776 10158.000000000011 1440.999999999418
777 9683.750000000004 1441.0001831048867
778 9209.500000000004 1441.000366210239
779 8735.250000000004 1441.0005493157078
780 8260.999999999996 1441.0007324211765
781 8260.999999999996 1426.000732421293
782 8494.827148437496 1291.0006103513297
783 8971.275716145825 1291.0004475908354
784 9447.72428385416 1291.0002848302247
785 9924.172851562489 1291.0001220697304
786 10158.000000000011 1425.9999999995343
787 10208.999999999996 1133.9985351560172
788 9739.499999999996 1133.9989013669547
789 9269.999999999996 1133.9992675778922
790 8800.499999999996 1133.9996337887133
791 8330.999999999996 1133.9999999996508
792 8330.999999999996 1118.9999999995343
793 8564.827148437496 983.999816894182
794 9034.942382812496 983.9994506832445
795 9505.057617187489 983.999084472307
796 9975.172851562489 983.9987182613695
797 10208.999999999996 1118.9985351560172
798 11175.983398437496 1755.9855957027758
799 11151.220856981137 1766.2369851139374
800 11140.969726562489 1790.9996337884804
801 10805.979817708325 1790.9997558589093
802 10470.98990885416 1790.9998779292218
803 10135.999999999996 1790.9999999996508
804 10131.707144817916 1770.7157728238963
805 10119.554882868902 1753.9169333623722
806 10101.632812499996 1743.4920654292218
807 10110.925558163832 1716.0682980720885
808 10120.387918658624 1688.7025919437874
809 10130.019531249996 1661.3959960936336
810 10140.096726696534 1633.406618755078
811 10150.290150522367 1605.4593608828727
812 10160.599626688072 1577.554705123417
813 10171.02497715005 1549.6931333871325
814 10181.56602186355 1521.8751268407796
815 10192.222578785779 1494.101165898377
816 10202.99446387908 1466.3717302134028
817 10213.88149111409 1438.6872986705275
818 10224.883472472935 1411.0483493770007
819 10236.000217952515 1383.4553596548503
820 10247.231535567746 1355.9088060320355
821 10258.577231354913 1328.4091642348794
822 10270.037109374989 1300.9569091793383
823 10280.52996672798 1275.946062931791
824 10291.032158587 1250.9391348597128
825 10301.5436834889 1225.9361284468323
826 10312.064539969306 1200.9370471764123
827 10322.594726562496 1175.9418945311336
828 10349.454941285072 1176.0936298369197
829 10368.512695312489 1157.1649169917218
830 10520.839843749996 1220.7388916010968
831 10521.227743683132 1243.3013218449196
832 10528.309341591226 1264.7271169511368
833 10541.443562478937 1283.076666442561
834 10559.441406249996 1296.6888427732047
835 10867.711914062496 1463.8137207028922
836 11175.982421874996 1630.9385986324633
837 10794.839843749996 1257.2608642573468
838 10642.513671874996 1320.8349609371508
839 10623.455948359751 1301.9061744627543
840 10596.595703124996 1302.0578613278922
841 10586.065321200967 1277.0627332577715
842 10575.544269398877 1252.06367648195
843 10565.03254918443 1227.0606944829924
844 10554.530162022103 1202.0537907442776
845 10544.037109374996 1177.0429687495343
846 10532.57730752591 1149.5907208716962
847 10521.231687741089 1122.0910866257036
848 10510.000445957758 1094.5445409263484
849 10498.883776137864 1066.9515594984405
850 10487.881870264708 1039.3126188688911
851 10476.994918339635 1011.6281963583315
852 10466.223108378752 983.8987700726138
853 10455.566626409684 956.1248188951286
854 10445.025656468355 928.3068224780727
855 10434.600380595813 900.4452612341847
856 10424.290978835092 872.5406163287116
857 10414.097629228087 844.5933696709108
858 10404.020507812496 816.6040039056679
859 10394.388569318671 789.2974305932876
860 10384.925883298161 761.9317448080983
861 10375.632812499996 734.5079956050031
862 10393.554897959159 724.0831140222726
863 10405.707161327042 707.2842510173796
864 10409.999999999989 686.9999999996508
865 10744.98990885416 686.9998779293383
866 11079.979817708325 686.9997558590258
867 11414.969726562496 686.9996337887133
868 11425.220878576027 711.762242998695
869 11449.983398437496 722.0136108391453
870 11449.983398437496 847.0606079095742
871 11141.712890624996 1014.1856994623085
872 10833.442382812496 1181.310791015043
873 10815.44423115769 1194.9228347057942
874 10802.309717837856 1213.2723784679547
875 10795.227886868528 1234.6982709009899
876 11240.999999999996 24.99999999953434
877 11007.172851562496 160.00009155238513
878 10537.057617187496 160.00027465785388
879 10066.942382812496 160.00045776332263
880 9596.827148437496 160.00064086879138
881 9362.999999999996 25.00073051417712
882 9362.999999999996 10.000731467735022
883 9832.499999999996 10.000548600684851
884 10301.999999999996 10.00036573363468
885 10771.499999999996 10.000182866700925
886 11240.999999999996 9.999999999650754
887 11988.999999999996 159.9999999993015
888 11522.999999999996 160.00018310477026
889 11056.999999999996 160.000366210239
890 11059.081054687496 145.00036621047184
891 11292.908203124996 10.000270842923783
892 11755.172851562496 10.000090598361567
893 11988.999999999996 144.99999999953434
894 11827.999999999996 184.99999999965075
895 11594.172851562496 319.99999999953434
896 11124.057617187496 319.99999999953434
897 10653.942382812496 319.99999999953434
898 10183.827148437496 319.99999999953434
899 9949.999999999996 184.99999999965075
900 9949.999999999996 169.99999999953434
901 10419.499999999996 169.99999999953434
902 10888.999999999996 169.99999999953434
903 11358.499999999996 169.99999999953434
904 11827.999999999996 169.99999999953434
905 11756.999999999996 478.99999999953434
906 11319.999999999996 479.000167846214
907 10882.999999999996 479.0003356928937
908 10445.999999999996 479.0005035396898
909 10008.999999999996 479.0006713863695
910 10008.999999999996 329.0006713861367
911 10440.999999999996 329.000503539457
912 10872.999999999996 329.0003356928937
913 11304.999999999996 329.000167846214
914 11736.999999999996 328.99999999953434
915 11739.928932188126 336.0710678114556
916 11746.999999999996 338.99999999965075
917 11756.999999999996 338.99999999965075
918 11801.999999999996 676.9999999995343
919 11364.999999999996 677.000167846214
920 10927.999999999996 677.0003356928937
921 10490.999999999996 677.0005035395734
922 10053.999999999996 677.0006713862531
923 10053.999999999996 527.0006713863695
924 10485.999999999996 527.0005035396898
925 10917.999999999996 527.0003356928937
926 11349.999999999996 527.000167846214
927 11781.999999999996 526.9999999995343
928 11784.928932188133 534.0710678114556
929 11791.999999999996 536.9999999995343
930 11801.999999999996 536.9999999995343
931 11969.999999999996 1166.9999999995343
932 11954.999999999996 1165.8194580074633
933 11819.999999999996 931.9926757811336
934 11819.999999999996 466.8268737788312
935 11954.999999999996 232.99999999953434
936 11969.999999999996 232.99999999953434
937 11969.999999999996 699.9999999995343
938 11925.999999999996 1336.9999999997672
939 11455.048828124996 1336.9999999997672
940 10984.097656249996 1336.9999999997672
941 10973.846870964127 1312.237696834025
942 10949.084960937489 1301.9859619134804
943 10949.084960937489 1176.9389648435172
944 11216.574218749989 1011.2579956052359
945 11484.063476562496 845.5770263668383
946 11505.343114064355 825.7811363863293
947 11517.499125166902 799.3816737703746
948 11518.706054687496 770.3430175778922
949 11669.754882812496 703.7899780267617
950 11689.200085961955 722.347681039595
951 11716.070312499996 721.6439819331281
952 11726.039144479113 743.9956547055626
953 11736.002662594106 766.3496967009269
954 11745.960866281875 788.7061066557653
955 11755.913754979669 811.0648833066225
956 11765.861328124996 833.4260253900429
957 11777.650651583997 860.00353904441
958 11789.383438379915 886.6060594827868
959 11801.059635470217 913.2334664384834
960 11812.67919006827 939.88563953212
961 11824.242049643504 966.5624582726741
962 11835.74816192166 993.2638020574814
963 11847.19747488503 1019.9895501730498
964 11858.589936772685 1046.7395817956422
965 11869.925496080712 1073.5137759917416
966 11881.204101562496 1100.3120117182843
967 11892.497534699072 1127.3272250930313
968 11903.686087286525 1154.3860439270502
969 11914.769590962609 1181.4880610466935
970 11925.747878945858 1208.6328686284833
971 11936.620786038035 1235.8200582046993
972 11947.388148626673 1263.0492206703639
973 11958.049804687496 1290.319946288364
974 11941.24757261622 1301.0386078177253
975 11929.966871368375 1317.4687778386287
976 11827.886718750011 1547.0700683589093
977 11474.716796875004 1547.070129394182
978 11121.546874999996 1547.0701904294547
979 10800.999999999996 1361.9999999995343
980 10800.999999999996 1346.9999999995343
981 11143.295572916668 1346.9999186194036
982 11485.59114583334 1346.999837239273
983 11827.886718750011 1346.9997558591422
984 11980.999999999989 1759.9993896478554
985 11961.068267724495 1769.4631061907858
986 11952.999999999996 1789.9993896479718
987 11579.499999999996 1789.999694823753
988 11205.999999999996 1789.9999999995343
989 11190.999999999996 1774.9999999995343
990 11190.999999999996 1686.999999999418
991 11272.406249999996 1639.9999999995343
992 11601.722167968746 1639.999694823753
993 11931.038085937496 1639.9993896478554
994 11980.999999999989 1669.9993896482047
GTSP_SET_SECTION
1 1 -1
2 2 3 4 5 6 7 8 9 10 11 12 13 14 15 16 17 18 19 20 21 22 23 24 25 26 27 28 29 -1
3 30 31 32 33 34 35 36 37 38 39 40 41 42 43 44 45 46 47 48 49 50 51 52 53 54 55 56 57 -1
4 58 59 60 61 62 63 64 65 66 67 68 69 70 -1
5 71 72 73 74 75 76 77 78 79 80 81 82 83 -1
6 84 85 86 87 88 89 90 91 92 93 94 95 96 -1
7 97 98 99 100 101 102 103 104 105 106 107 108 109 -1
8 110 111 112 113 114 115 116 117 118 119 120 121 122 -1
9 123 124 125 126 127 128 129 130 131 132 133 134 135 -1
10 136 137 138 139 140 141 142 143 144 145 146 147 148 -1
11 149 150 151 152 153 154 155 156 157 158 159 160 161 -1
12 162 163 164 165 166 167 168 169 170 171 172 173 174 175 176 177 178 179 180 181 182 183 184 185 186 187 188 189 -1
13 190 191 192 193 194 195 196 197 198 199 200 201 202 203 204 -1
14 205 206 207 208 209 210 211 212 213 214 215 216 217 218 219 -1
15 220 221 222 223 224 225 226 227 228 229 230 231 -1
16 232 233 234 235 236 237 238 239 240 241 242 243 244 245 246 247 248 -1
17 249 250 251 252 253 254 255 256 257 258 259 260 261 262 263 -1
18 264 265 266 267 268 269 270 271 272 273 274 275 276 277 278 279 280 -1
19 281 282 283 284 285 286 287 288 289 290 291 292 -1
20 293 294 295 296 297 298 299 300 301 302 303 304 305 306 307 -1
21 308 309 310 311 312 313 314 315 316 317 318 319 320 321 322 -1
22 323 324 325 326 327 328 329 330 331 332 333 334 335 336 337 -1
23 338 339 340 341 342 343 344 345 346 347 348 349 350 351 352 -1
24 353 354 355 356 357 358 359 360 361 362 363 -1
25 364 365 366 367 368 369 370 371 372 373 374 375 376 -1
26 377 378 379 380 381 382 383 384 385 386 387 388 389 -1
27 390 391 392 393 394 395 396 397 398 399 400 401 402 -1
28 403 404 405 406 407 408 409 410 411 412 413 414 415 -1
29 416 417 418 419 420 421 422 423 424 425 426 427 428 429 430 -1
30 431 432 433 434 435 436 437 438 439 440 441 442 443 444 445 446 447 448 449 450 451 452 453 -1
31 454 455 456 457 458 459 460 461 462 463 464 465 466 467 468 469 470 471 472 473 474 475 476 -1
32 477 478 479 480 481 482 483 484 485 486 487 488 489 -1
33 490 491 492 493 494 495 496 497 498 499 500 501 502 -1
34 503 504 505 506 507 508 509 510 511 512 513 514 515 -1
35 516 517 518 519 520 521 522 523 524 525 526 527 528 529 -1
36 530 531 532 533 534 535 536 537 538 539 540 541 542 543 -1
37 544 545 546 547 548 549 550 551 552 553 554 555 556 557 -1
38 558 559 560 561 562 563 564 565 566 567 568 569 570 -1
39 571 572 573 574 575 576 577 578 579 580 581 582 583 -1
40 584 585 586 587 588 589 590 591 592 593 594 595 596 -1
41 597 598 599 600 601 602 603 604 605 606 607 608 609 610 -1
42 611 612 613 614 615 616 617 618 619 620 621 622 623 624 -1
43 625 626 627 628 629 630 631 632 633 634 635 636 637 -1
44 638 639 640 641 642 643 644 645 646 647 648 649 650 651 -1
45 652 653 654 655 656 657 658 659 660 661 662 663 664 665 -1
46 666 667 668 669 670 671 -1
47 672 673 674 675 676 677 678 679 680 681 682 683 684 685 -1
48 686 687 688 689 690 691 692 693 694 695 696 -1
49 697 698 699 700 701 702 703 704 705 706 707 708 709 710 -1
50 711 712 713 714 715 716 717 718 719 720 721 -1
51 722 723 724 725 726 727 728 729 730 731 732 733 734 -1
52 735 736 737 738 739 740 741 742 743 744 745 746 747 -1
53 748 749 750 751 752 753 -1
54 754 755 756 757 758 759 760 761 762 763 764 -1
55 765 766 767 768 769 770 771 772 773 774 775 -1
56 776 777 778 779 780 781 782 783 784 785 786 -1
57 787 788 789 790 791 792 793 794 795 796 797 -1
58 798 799 800 801 802 803 804 805 806 807 808 809 810 811 812 813 814 815 816 817 818 819 820 821 822 823 824 825 826 827 828 829 830 831 832 833 834 835 836 -1
59 837 838 839 840 841 842 843 844 845 846 847 848 849 850 851 852 853 854 855 856 857 858 859 860 861 862 863 864 865 866 867 868 869 870 871 872 873 874 875 -1
60 876 877 878 879 880 881 882 883 884 885 886 -1
61 887 888 889 890 891 892 893 -1
62 894 895 896 897 898 899 900 901 902 903 904 -1
63 905 906 907 908 909 910 911 912 913 914 915 916 917 -1
64 918 919 920 921 922 923 924 925 926 927 928 929 930 -1
65 931 932 933 934 935 936 937 -1
66 938 939 940 941 942 943 944 945 946 947 948 949 950 951 952 953 954 955 956 957 958 959 960 961 962 963 964 965 966 967 968 969 970 971 972 973 974 975 -1
67 976 977 978 979 980 981 982 983 -1
68 984 985 986 987 988 989 990 991 992 993 994 -1
GTSP_SET_ORDERING
EOF