NAME: Lc70v1056
TYPE: PCGTSP 
COMMENT: 
DIMENSION: 1057
GTSP_SETS: 71
EDGE_WEIGHT_TYPE: EUC_2D
NODE_COORD_SECTION
1 0.0 0.0
2 258.005859375 2433.999999999767
3 253.61038969327274 2444.6086738571757
4 243.0 2448.9999999998836
5 24.41796875 2448.9999999998836
6 13.808206098194205 2444.6083307871595
7 9.413079261779785 2433.999999999767
8 9.412985801700415 2233.921875
9 13.80534437742972 2223.308497761842
10 24.4178619384802 2218.914062499767
11 242.9998931884693 2218.914062499767
12 253.61305637984333 2223.308144479757
13 258.00576782225835 2233.921875
14 1695.0 2032.2094726560172
15 1560.0 2167.2094726559008
16 1545.0 2166.9999999998836
17 1545.0 1906.9999999998836
18 1569.5753628047933 1896.9208991231862
19 1579.99658203125 1872.4886474605883
20 1695.0 1874.0944824217586
21 1794.005859375 1848.0781249998836
22 1789.613153324848 1858.6918501210166
23 1779.0 1863.0859375
24 1560.41796875 1863.0859375
25 1549.805446872524 1858.6915045997594
26 1545.4130859375 1848.0781249998836
27 1545.4130859375 1648.0
28 1549.8082104140922 1637.391671573976
29 1560.41796875 1633.0
30 1779.0 1633.0
31 1789.610389693229 1637.3913261427078
32 1794.005859375 1648.0
33 1977.0 2469.999999999767
34 1721.40478515625 2469.999999999767
35 1465.8095703125 2469.999999999767
36 1465.8095703125 2590.044921875
37 1080.3310546875 2590.044921875
38 694.8525390625 2590.044921875
39 309.3740234375 2590.044921875
40 309.3740234375 2309.9404296871508
41 647.2936197916679 2309.9404296871508
42 985.2132161458321 2309.9404296871508
43 1323.1328125 2309.9404296871508
44 1352.5497103861453 2308.4991730645997
45 1381.6835231492332 2304.1803704779595
46 1410.2534555080638 2297.025647079572
47 1437.9841469303356 2287.103960975888
48 1464.6083255914236 2274.5109386016848
49 1489.8693843731744 2259.3679530598456
50 1513.523854074996 2241.8209543129196
51 1535.34375 2222.0390624995343
52 1842.3203125 1915.0634765625
53 1860.0104526949435 1895.7620582521195
54 1875.9503436238228 1874.9917504526675
55 1890.0185789641 1852.910750400275
56 1902.10800787486 1829.6872382300207
57 1912.1265511121455 1805.4980960312532
58 1919.9979023513442 1780.5275606230134
59 1925.662109375 1754.9658203125
60 1945.98828125 1639.689453125
61 1977.0 1639.689453125
62 1977.0 2054.8447265623836
63 2234.79052734375 2494.9999999998836
64 2087.5661621093677 2579.9999999998836
65 1783.08489990234 2579.9999999998836
66 1478.6036376953089 2579.9999999998836
67 1479.5113525390589 2514.9965820313664
68 1504.5753647376478 2504.920897124335
69 1515.0 2480.0
70 1875.0 2480.0
71 2235.0 2480.0
72 2868.0 1783.9999999997672
73 2470.5 1784.0001831053523
74 2073.0 1784.000366210821
75 2070.0710678118667 1776.9292983988998
76 2063.0 1774.000366210821
77 2056.1398925781177 1774.000366210821
78 2058.0949707031286 1634.000366210821
79 2346.2387695312464 1634.0002441405086
80 2634.3825683593677 1634.000122070196
81 2868.20947265625 1768.9999999997672
82 2873.9050292968677 1943.9999999997672
83 2585.7612304687427 1943.9999999997672
84 2297.6174316406177 1943.9999999997672
85 2063.79052734375 1808.9999999998836
86 2064.0 1794.0
87 2461.5 1794.0
88 2859.0 1794.0
89 2861.9289321881843 1801.0710678118048
90 2869.0 1803.9999999997672
91 2875.8601074218677 1803.9999999997672
92 2896.0 1969.0
93 2761.0 2103.999999999767
94 2324.0 2103.999999999767
95 2189.0 1969.0
96 2189.0 1953.9999999998836
97 2542.5 1953.9999999998836
98 2896.0 1953.9999999998836
99 2994.999999999989 2128.9999999998836
100 2860.0 2263.9999999998836
101 2500.0 2264.000244140392
102 2365.0 2129.000244140392
103 2365.0 2114.000244140392
104 2679.9999999999964 2114.0001220700797
105 2994.999999999989 2113.999999999767
106 3164.51123046875 2248.00341796875
107 3140.0790574179373 2258.424679560354
108 3130.0 2283.0
109 2870.0 2283.0
110 2869.79052734375 2267.9999999998836
111 3004.79052734375 2132.999999999767
112 3162.9055175781177 2132.999999999767
113 3275.0007324218677 2293.310546875
114 3243.9890136718677 2293.310546875
115 3223.66259765625 2178.0341796875
116 3217.998382009526 2152.4724578849273
117 3210.1270251438073 2127.501941240276
118 3200.1084792452057 2103.3128176826285
119 3188.019050564155 2080.0893236610573
120 3173.950818228881 2058.008340907283
121 3158.0109329247825 2037.2380492170341
122 3140.320800781239 2017.936645507696
123 2833.3439941406177 1710.961303710821
124 2811.5240917213305 1691.1794284601929
125 2787.8696175503173 1673.6324463346973
126 2762.608556269781 1658.4894772400148
127 2735.984377000026 1645.8964709178545
128 2708.2536867550552 1635.9748002643464
129 2679.683757233568 1628.8200915241614
130 2650.549948822467 1624.5013026330853
131 2621.1330566406286 1623.0600585935172
132 2283.2134195963554 1623.060343424324
133 1945.2937825520821 1623.0606282550143
134 1607.3741455078089 1623.060913085821
135 1607.3739013671875 1342.9564208980883
136 1992.8524576822929 1342.9560953773325
137 2378.3310139973946 1342.9557698564604
138 2763.8095703125 1342.9554443357047
139 2763.8095703125 1463.0003662107047
140 3019.4047851562464 1463.0001831053523
141 3274.999999999989 1462.9999999998836
142 3275.0003662109266 1878.1552734373836
143 3532.79052734375 1327.9999999997672
144 3385.5661621093677 1412.9999999997672
145 3081.0849609374927 1412.9999999997672
146 2776.6037597656177 1412.9999999997672
147 2777.51123046875 1347.9965820310172
148 2802.5753218815626 1337.9209410905605
149 2813.0 1313.0
150 3173.0 1313.0
151 3533.0 1313.0
152 3615.35205078125 1303.6545410155086
153 3132.670928955078 1303.6547851561336
154 2649.9898071289026 1303.6550292967586
155 2167.3086853027307 1303.6552734373836
156 1684.6275634765589 1303.6555175780086
157 1655.3484568826098 1306.5297407459002
158 1627.1935135924505 1315.0635798635194
159 1601.2457945130955 1328.9287562540267
160 1578.503453321202 1347.5919060114538
161 1559.8413396097858 1370.3350973790511
162 1545.9773452813497 1396.2834480592282
163 1537.4447887701463 1424.4387800788973
164 1534.5718994140589 1453.7180175776593
165 1534.5720825195276 1831.3586425777758
166 1534.572265625 2208.999267577892
167 1153.17919921875 2208.999450683361
168 771.7861328125 2208.9996337888297
169 390.39306640625 2208.9998168942984
170 9.0 2208.999999999767
171 8.999795722960698 1769.7328124998603
172 8.999591445921396 1330.465624999837
173 8.999387168878457 891.1984374999302
174 8.999182891839155 451.93124999990687
175 8.998978614799853 12.6640625
176 459.79305160044896 12.66385293006897
177 910.5871245861017 12.66364336013794
178 1361.3811975717508 12.66343379020691
179 1812.1752705574 12.663224220392294
180 2262.969343543049 12.663014650461264
181 2713.763416528698 12.662805080530234
182 3164.557489514351 12.662595510599203
183 3615.3515625 12.662385940668173
184 3615.351725260418 442.9931042989483
185 3615.351888020832 873.3238226572284
186 3579.0625 2249.9812011719914
187 3572.3674355938783 2274.993658824824
188 3554.058907769104 2293.303348448826
189 3529.046875 2299.999999999767
190 3399.0 2299.999999999767
191 3373.9847352738143 2293.3059951968025
192 3355.6730091427453 2274.9960564823123
193 3348.9765625 2249.9814453123836
194 3348.9763183593677 2139.940429687267
195 3355.6727650021094 2114.925818517222
196 3373.9844911331784 2096.615879802848
197 3398.9997558593677 2089.921874999767
198 3529.0466308593786 2089.921874999767
199 3554.058522590418 2096.618445242988
200 3572.367028582259 2114.927934294683
201 3579.0622558593677 2139.9401855467586
202 3654.625976562489 2590.044189452892
203 3269.1474609374927 2590.0443522133864
204 2883.6689453124964 2590.0445149737643
205 2498.1904296875 2590.0446777342586
206 2498.1904296875 2469.9997558589093
207 2242.59521484375 2469.9998779293383
208 1987.0 2469.999999999767
209 1986.9998168945276 2054.8447265623836
210 1986.9996337890589 1639.689453125
211 2018.0113525390589 1639.689453125
212 2038.3376464843677 1754.9658203125
213 2044.0018535080235 1780.5275606230134
214 2051.873204747222 1805.4980960312532
215 2061.8917479845077 1829.6872382300207
216 2073.9811768952677 1852.910750400275
217 2088.049412235545 1874.9917504526675
218 2103.989303164424 1895.7620582521195
219 2121.6794433593677 1915.0634765625
220 2428.65625 2222.0388183592586
221 2450.4761459250367 2241.820710172644
222 2474.1306156268583 2259.3677089194534
223 2499.3916744086127 2274.5106944612926
224 2526.0158530696935 2287.1037168356124
225 2553.7465444919617 2297.02540293918
226 2582.316476850785 2304.1801263375673
227 2611.450289613862 2308.498928924091
228 2640.8671875 2309.9401855467586
229 2978.7867838541642 2309.9400227863807
230 3316.706380208325 2309.9398600258864
231 3654.625976562489 2309.9396972655086
232 4326.0234375 2103.9814453123836
233 4319.326990857255 2128.9960564823123
234 4301.015264726186 2147.3059951968025
235 4276.0 2153.999999999767
236 4145.953125 2153.999999999767
237 4120.941162750114 2147.30338910257
238 4102.632645841844 2128.9937997647794
239 4095.9375 2103.9814453123836
240 4095.9375 1993.940551757696
241 4102.632605124007 1968.9281457050238
242 4120.941127490514 1950.618506224011
243 4145.953125 1943.9218749997672
244 4276.0 1943.9218749997672
245 4301.015264726189 1950.6158798028482
246 4319.326990857258 1968.925818517222
247 4326.0234375 1993.9404296872672
248 4546.0703125 1929.9808349609375
249 4539.3753295302995 1954.9933958144393
250 4521.066790788911 1973.303185725119
251 4496.0546875 1979.9998779296875
252 4366.0 1979.9999999997672
253 4340.987896711089 1973.3033077951986
254 4322.6793579697005 1954.993517884519
255 4315.984375 1929.9809570310172
256 4315.984375 1819.9399414059008
257 4322.679357969704 1794.927380552399
258 4340.987896711093 1776.6175906417193
259 4366.0 1769.9208984372672
260 4496.0546875 1769.9207763671875
261 4521.066790788907 1776.6174685716396
262 4539.375329530296 1794.9272584823193
263 4546.0703125 1819.939819335821
264 4778.279296875 2383.999999999767
265 4763.272460937489 2399.005859375
266 4405.639160156246 2399.005859375
267 4048.005859375 2399.005859375
268 4033.0 2383.999999999767
269 4033.0 2238.9453124998836
270 4198.9326171875 2194.4833984375
271 4227.693228808446 2186.200519460719
272 4256.123888483558 2176.84763459058
273 4284.184803112745 2166.437834634329
274 4311.83669711123 2154.9856897150166
275 4339.040867381795 2142.507228878676
276 4365.759237485745 2129.0199176586466
277 4391.95441093676 2114.5426336306846
278 4417.589723543053 2099.0956399900606
279 4442.629294724578 2082.7005571905756
280 4467.038077733447 2065.3803326833295
281 4490.781908707249 2047.1592087980825
282 4513.827554486677 2028.0626888123807
283 4536.142759130449 2008.1175012559397
284 4557.6962890625 1987.3515624997672
285 4763.2744140625 1781.7744140623836
286 4778.279296875 1781.7744140623836
287 4778.279296875 2082.8872070311336
288 4250.58203125 2366.493164062267
289 4245.456055755476 2354.112589544151
290 4233.0751953125 2348.9873046875
291 4220.694334869524 2354.112589544151
292 4215.568359375 2366.493164062267
293 4220.693989368581 2378.874370006146
294 4233.0751953125 2383.999999999767
295 4245.456401256419 2378.874370006146
296 4938.0 2280.999999999767
297 4803.0 2416.0
298 4788.0 2416.0
299 4788.0 2101.0
300 4788.0 1786.0
301 4803.0 1786.0
302 4938.0 1920.9999999998836
303 5222.578125 2575.1904296875
304 5207.578125 2590.1953125
305 4826.43359375 2590.194091796875
306 4445.2890625 2590.19287109375
307 4064.14453125 2590.191650390625
308 3683.0 2590.1904296875
309 3667.9921875 2575.180664062267
310 3667.9921875 2271.0932617186336
311 3667.9921875 1967.0058593748836
312 3683.0 1951.9999999997672
313 3798.0390625 1951.9999999997672
314 3798.0390625 2048.9990234373836
315 3799.6699653608266 2077.542633610079
316 3804.549128759165 2105.7133860025788
317 3812.6127412375863 2133.142853362253
318 3823.755343965855 2159.4723032286856
319 3837.8312099695577 2184.357389567187
320 3854.65625 2207.472656249767
321 3967.9296875 2345.765624999767
322 3986.594754545069 2366.1491461176192
323 4007.395773481334 2384.347779917298
324 4030.0785150337906 2400.139103377587
325 4054.3657515840714 2413.330115534016
326 4079.9606454360037 2423.7595963297645
327 4106.550376754811 2431.3000770409126
328 4133.809966839421 2435.8593981942395
329 4161.40625 2437.3818359373836
330 4445.203125 2437.3818359373836
331 4729.0 2437.3818359373836
332 4756.580948807081 2435.861128715449
333 4783.825770405976 2431.306901712087
334 4810.401850734997 2423.7747544817394
335 4835.984739953652 2413.3566420433344
336 4860.262113436802 2400.1797522618435
337 4882.937584740077 2384.404953095829
338 4903.734323986519 2366.2248286664253
339 4922.3984375 2345.861328124767
340 5035.8359375 2207.506835937267
341 5052.6839722743825 2184.3818613024196
342 5066.779441098661 2159.4832973631565
343 5077.937722485709 2133.1372638075845
344 5086.01266602867 2105.688839182607
345 5090.8985066690075 2077.4975410773186
346 5092.53125 2048.9326171875
347 5092.53125 1951.9999999997672
348 5207.578125 1951.9999999997672
349 5222.578125 1967.0068359372672
350 5222.578125 2271.0986328123836
351 5439.578125 2228.9919433592586
352 5424.578125 2243.9987792967586
353 5309.53125 2243.999023437267
354 5309.53125 2147.066406249767
355 5307.898518292521 2118.5014613494277
356 5303.012684504607 2090.3101414409466
357 5294.937743044091 2062.8616950296564
358 5283.779459092417 2036.5156405007
359 5269.683983297535 2011.6170571654802
360 5252.8359375 1988.4920654294547
361 5139.39794921875 1850.1376953123836
362 5120.733828016979 1829.7742115983274
363 5099.93708351078 1811.5941041412298
364 5077.261609307956 1795.8193217691733
365 5052.984235176329 1782.6424482977018
366 5027.401347413466 1772.2243514023721
367 5000.825270463676 1764.6922186919255
368 4973.580453956813 1760.138004960143
369 4945.99951171875 1758.617309570196
370 4662.202636718746 1758.617553710821
371 4378.405761718739 1758.6177978513297
372 4350.809471984681 1760.1402474225033
373 4323.549876804165 1764.6995818450814
374 4296.960142103257 1772.2400770753156
375 4271.3652467940265 1782.6695734147215
376 4247.078010892397 1795.8606018825667
377 4224.3952722415925 1811.6519421386765
378 4203.594258569254 1829.8505929124076
379 4184.92919921875 1850.2341308591422
380 4071.6560058593677 1988.527221679571
381 4054.8309982950996 2011.642519165529
382 4040.7551686403494 2036.5276327263564
383 4029.61260574311 2062.857105745934
384 4021.5490361159827 2090.2865917468444
385 4016.6699180715586 2118.457357879728
386 4015.0390625 2147.0009765625
387 4015.0390625 2243.999999999767
388 3900.0 2243.999999999767
389 3884.9921875 2228.994140624767
390 3884.991943359375 1924.9067382811336
391 3884.99169921875 1620.8193359373836
392 3899.99951171875 1605.8095703122672
393 4281.14404296875 1605.808044433361
394 4662.28857421875 1605.8065185543383
395 5043.43310546875 1605.804992675432
396 5424.57763671875 1605.8034667965258
397 5439.57763671875 1620.8083496090258
398 5439.577880859375 1924.9001464841422
399 5600.0 2135.9999999996508
400 5465.0 2270.9999999998836
401 5450.0 2270.9999999998836
402 5450.0 1917.4999999998836
403 5450.0 1564.0
404 5465.0 1564.0
405 5600.0 1698.9999999997672
406 5672.0 1462.9999999998836
407 5318.5 1463.000122070196
408 4965.0 1463.0002441405086
409 4965.0 1448.0002441403922
410 5100.0 1313.0002441405086
411 5537.0 1313.0
412 5672.0 1447.9999999997672
413 6329.790527343746 2415.001464843517
414 6314.999999999996 2429.9999999996508
415 5961.666666666661 2430.000162760145
416 5608.333333333332 2430.0003255206393
417 5255.0 2430.0004882811336
418 5252.071067811863 2422.9294204693288
419 5245.0 2420.00048828125
420 5237.8603515625 2420.00048828125
421 5235.90576171875 2280.00048828125
422 5588.45166015625 2280.0003255207557
423 5940.997558593746 2280.000162760378
424 6293.543457031246 2279.9999999998836
425 6328.184570312496 2299.999999999767
426 6588.005859374996 2409.0703124998836
427 6583.610389693229 2419.6789863571757
428 6572.999999999996 2424.0703125
429 6354.418945312496 2424.0703125
430 6343.808555619264 2419.6789863571757
431 6339.413085937496 2409.0703124998836
432 6339.413085937496 2233.9999999998836
433 6343.808555619271 2223.3913261425914
434 6354.418945312496 2218.9999999998836
435 6572.999999999996 2218.9999999998836
436 6583.610389693222 2223.3913261425914
437 6588.005859374996 2233.9999999998836
438 7231.999999999996 2208.999999999767
439 6850.606933593746 2209.000183105236
440 6469.213867187496 2209.000366210821
441 6087.820800781246 2209.00054931629
442 5706.427734374996 2209.0007324217586
443 5706.427490234371 1831.360107421875
444 5706.427246093746 1453.7194824219914
445 5703.554356737721 1424.4402449232293
446 5695.021800226565 1396.2849129033275
447 5681.157805898154 1370.3365622231504
448 5662.495692186752 1347.5933708554367
449 5639.753350994852 1328.930221097893
450 5613.8056319154675 1315.0650447073858
451 5585.650688625261 1306.5312055895338
452 5556.37158203125 1303.6569824215258
453 5073.6904296875 1303.6572265621508
454 4591.00927734375 1303.6574707028922
455 4108.328125 1303.6577148435172
456 3625.64697265625 1303.6579589842586
457 3625.646809895832 873.3272190093994
458 3625.646647135418 442.9964790344238
459 3625.646484375 12.665739059564658
460 4076.4405517578125 12.665529489633627
461 4527.234619140625 12.665319919702597
462 4978.0286865234375 12.665110349771567
463 5428.822753906246 12.664900779840536
464 5879.616821289059 12.66469120979309
465 6330.410888671871 12.66448163986206
466 6781.204956054684 12.66427206993103
467 7231.999023437496 12.6640625
468 7231.999218749999 451.93124999990687
469 7231.999414062495 891.1984374999302
470 7231.999609374998 1330.465624999837
471 7231.999804687493 1769.7328124998603
472 7471.999999999996 1365.9999999996508
473 7467.605912621209 1376.6131533246953
474 7456.992187499996 1381.005859375
475 7256.914062499996 1381.005859375
476 7246.300337378783 1376.6131533246953
477 7241.906249999996 1365.9999999996508
478 7241.906249999996 1193.435546875
479 7246.300337378827 1182.8223935500719
480 7256.914062499996 1178.4296874997672
481 7456.992187499996 1178.4296874997672
482 7467.605912621166 1182.8223935500719
483 7471.999999999996 1193.435546875
484 7391.999999999996 1963.9999999997672
485 7256.999999999996 2098.9999999998836
486 7241.999999999996 2098.9999999998836
487 7241.999999999996 1745.4999999998836
488 7241.999999999996 1391.9999999997672
489 7256.999999999996 1391.9999999997672
490 7391.999999999996 1527.0
491 7709.334960937496 2415.0463867184008
492 7694.324218749996 2430.054199218517
493 7202.665039062496 2430.0544433592586
494 6711.005859374996 2430.0546874998836
495 6695.999999999996 2415.046875
496 6695.999999999996 2300.0078124995343
497 6715.999999999996 2279.9999999998836
498 7061.812499999996 2279.9997558594914
499 7089.810327796662 2278.69678564847
500 7117.5643645105265 2274.7866016644984
501 7144.832355611386 2268.3033344305586
502 7171.376289078082 2259.3035739439074
503 7196.964472915741 2247.865875722957
504 7221.3735575079445 2234.0900751265
505 7244.390485151347 2218.0964159278665
506 7265.814349756129 2200.024500752683
507 7285.458150479546 2180.0320725400234
508 7303.150423985851 2158.2936376634752
509 7318.736741085118 2134.9989427312976
510 7332.081054687489 2110.3513183592586
511 7479.457031249996 1805.0699462887133
512 7490.087168059643 1780.264284790028
513 7498.44508227093 1754.6036939743208
514 7504.463137866969 1728.2958309326787
515 7508.092634023666 1701.5535907754675
516 7509.304199218746 1674.593383788946
517 7509.304199218746 1309.124633789179
518 7694.330566406246 1309.1245117185172
519 7709.335449218746 1324.1323242185172
520 7709.335286458332 1687.770345051773
521 7709.335123697911 2051.408365885145
522 8234.859374999996 2580.99755859375
523 8227.999999999996 2580.99755859375
524 8220.928845869985 2583.926577097969
525 8217.999999999996 2590.9978027342586
526 7723.166666666661 2590.998168945196
527 7228.333333333325 2590.9985351561336
528 6733.499999999989 2590.998901367071
529 6238.666666666661 2590.999267578125
530 5743.833333333325 2590.9996337890625
531 5248.999999999989 2591.0
532 5233.79052734375 2576.001464843517
533 5232.1845703125 2460.999999999767
534 5266.82568359375 2441.0
535 5761.172281901043 2440.999593098997
536 6255.518880208332 2440.999186197878
537 6749.865478515621 2440.998779296875
538 7244.212076822911 2440.998372395872
539 7738.558675130207 2440.997965494753
540 8232.905273437496 2440.99755859375
541 7849.999999999996 2429.1845703123836
542 7734.998535156246 2430.790527343517
543 7719.999999999996 2416.0
544 7719.999837239582 2062.666666666628
545 7719.999674479161 1709.3333333333721
546 7719.999511718746 1356.0
547 7727.070579530609 1353.0710678119212
548 7729.999511718746 1346.0
549 7729.999511718746 1338.8605957030086
550 7869.999511718746 1336.9057617185172
551 7869.999674479161 1689.4517415362643
552 7869.999837239582 2041.9977213540114
553 7869.999999999996 2394.5437011717586
554 7874.005859374996 1153.2724609373836
555 7858.999999999996 1168.279296875
556 7557.887207031246 1168.2793579100398
557 7256.774414062496 1168.279418945196
558 7256.774414062496 1153.274536132696
559 7462.351562499996 947.6963500974234
560 7483.117501256154 926.1428201653762
561 7503.062688812595 903.8276155216154
562 7522.15920879829 880.781969742151
563 7540.380332683566 857.0381387684029
564 7557.700557190805 832.6293557594763
565 7574.095639990239 807.5897845779546
566 7589.542633630841 781.9544719717233
567 7604.019917658803 755.7592985206284
568 7617.507228878745 729.040928416769
569 7629.985689715129 701.8367581461789
570 7641.437834634384 674.1848641476827
571 7651.84763459062 646.1239495184273
572 7661.200519460723 617.6932898433879
573 7669.483398437496 588.9326782224234
574 7713.945312499996 423.0000305175781
575 7858.999999999996 422.9999999998836
576 7874.005859374996 438.00585937476717
577 7874.005859374996 795.6391601561336
578 7841.493164062496 640.5820312497672
579 7853.874370006324 635.4564012562623
580 7858.999999999996 623.0751953126164
581 7853.874370006462 610.6939893686213
582 7841.493164062496 605.5683593748836
583 7829.112589544169 610.6943348695058
584 7823.987304687496 623.0751953126164
585 7829.112589544315 635.4560557554942
586 8364.874023437496 209.69454956031404
587 7999.405761718761 209.69483947718982
588 7972.445532591682 210.90651784848887
589 7945.703280883714 214.5361311401939
590 7919.395417410753 220.55430682282895
591 7893.734837715838 228.91234300250653
592 7868.929199218746 239.54260253894608
593 7563.647949218746 386.9188232420711
594 7539.00031613457 400.26314209843986
595 7515.705613547147 415.8494660318829
596 7493.9671722866005 433.54174779413734
597 7473.974739154375 453.1855580112897
598 7455.90282069374 474.60943314037286
599 7439.909159986772 497.62637211114634
600 7426.133359773452 522.0354685891652
601 7414.695663911025 547.6236646129983
602 7405.695907809957 574.1676102977945
603 7399.2126470075855 601.4356133738765
604 7395.302471485938 629.1896615432343
605 7393.999511718746 657.1874999997672
606 7393.999999999996 1003.0
607 7373.992187499996 1023.0
608 7258.953124999996 1023.0001220701961
609 7243.945312499996 1007.9942626950797
610 7243.944824218746 516.3350801466731
611 7243.944335937496 24.675897598150186
612 7258.952148437496 9.665143966441974
613 7622.590169270832 9.664535204297863
614 7986.228190104161 9.663926442270167
615 8349.866210937496 9.663317680126056
616 8364.874023437496 24.66819000209216
617 8420.860351562496 403.0
618 8413.999999999996 403.0
619 8406.928932188177 405.92893218796235
620 8403.999999999996 412.99999999976717
621 8006.499999999996 413.0001525876578
622 7608.999999999996 413.0003051755484
623 7608.790527343746 398.00030517566483
624 7842.617187499996 263.0002136230469
625 8130.761230468746 263.000106811407
626 8418.905273437496 262.9999999998836
627 8623.005859374996 199.99999999976717
628 8618.610389693273 210.60867385717575
629 8607.999999999996 215.0
630 8389.418945312496 215.0001068112906
631 8378.808555619315 210.60878066869918
632 8374.413085937496 200.00010681152344
633 8374.413085937496 24.92979621863924
634 8378.808553258637 14.321118045481853
635 8389.418945312496 9.92978954326827
636 8607.999999999996 9.9296875
637 8618.610386995297 14.321010945830494
638 8623.005859374996 24.92967987060547
639 9076.999999999996 474.99999999976717
640 9061.995117187496 490.00390625
641 8637.335449218746 490.00399780261796
642 8212.675781249996 490.0040893552359
643 8212.675781249996 474.99920654285233
644 8398.358398437489 425.2462158203125
645 8423.366823568544 417.3618082209723
646 8447.591231263821 407.32371664221864
647 8470.846551029197 395.20863045437727
648 8492.955116043111 381.1091069250833
649 8513.748020501847 365.1328640971333
650 8533.066410032141 347.4019578404259
651 8550.762695312496 328.05184936511796
652 8776.874999999996 58.06597518909257
653 8792.005953295822 39.243416810873896
654 8806.367187499996 19.827201843028888
655 9076.999999999996 19.827148437383585
656 9424.999999999996 810.0
657 9039.749999999996 810.0001525878906
658 8654.499999999996 810.0003051758977
659 8269.249999999996 810.0004577637883
660 7883.999999999996 810.0006103516789
661 7883.999999999996 795.0006103512133
662 8117.826660156246 660.0004882810172
663 8475.608723958332 660.0003458657302
664 8833.39078776041 660.0002034503268
665 9191.172851562496 660.0000610350398
666 9424.999999999996 794.9999999998836
667 8920.999999999996 1772.0
668 8586.999999999996 1772.000122070196
669 8252.999999999996 1772.0002441403922
670 8244.999999999996 1762.0002441405086
671 8244.999999999996 1687.0002441405086
672 8268.980468749989 1672.0002441405086
673 8586.999999999989 1672.000122070196
674 8905.019531249996 1671.9999999997672
675 8929.000000000011 1687.0
676 8929.000000000011 1761.9999999997672
677 9000.488281249996 1627.0034179686336
678 8975.42450669385 1637.0792347734096
679 8964.999999999996 1662.0
680 8604.999999999996 1662.0001220703125
681 8244.999999999996 1662.000244140625
682 8245.208984375011 1647.0002441403922
683 8392.433593749996 1562.0002441403922
684 8696.915039062496 1562.000122070196
685 9001.396484374996 1562.0
686 9000.488281249996 1517.0034179686336
687 8975.424506693944 1527.0792347734096
688 8964.999999999996 1551.9999999997672
689 8604.999999999996 1552.000122070196
690 8244.999999999996 1552.0002441405086
691 8245.208984375011 1537.0002441405086
692 8392.433593749996 1452.0002441402758
693 8696.915039062496 1452.0001220700797
694 9001.396484374996 1451.9999999998836
695 8951.999999999996 1441.9999999998836
696 8617.999999999996 1442.000122070196
697 8283.999999999996 1442.0002441405086
698 8275.999999999996 1432.0002441405086
699 8275.999999999996 1357.0002441405086
700 8299.980468749996 1342.0002441403922
701 8617.999999999996 1342.0001220700797
702 8936.019531249996 1341.9999999997672
703 8959.999999999996 1356.9999999997672
704 8959.999999999996 1431.9999999997672
705 9307.671874999996 2430.5625
706 8833.44791666666 2430.5625
707 8359.223958333332 2430.5625
708 7884.999999999996 2430.5625
709 7884.999999999996 2027.921875
710 7884.999999999996 1625.28125
711 7884.999999999996 1222.640625
712 7884.999999999996 820.0
713 8359.223958333332 820.0
714 8833.44791666666 820.0
715 9307.671874999996 820.0
716 9307.671874999996 1222.640625
717 9307.671874999996 1625.28125
718 9307.671874999996 2027.921875
719 8232.203124999989 1625.3046874998836
720 8232.203124999989 1825.1484374998836
721 8235.5644056134 1851.124844991602
722 8245.555773458971 1875.337331896415
723 8261.491748811062 1896.1247473950498
724 8282.279009095542 1912.0609252117574
725 8306.491398685208 1922.0525288815843
726 8332.467773437496 1925.4140625
727 8632.353027343746 1925.4140625
728 8932.238281249996 1925.4140625
729 8958.214846537096 1922.0527406019391
730 8982.427458798247 1912.0612523989985
731 9003.214938092675 1896.1250943425111
732 9019.151096149133 1875.3376150481636
733 9029.142584352001 1851.1250027869828
734 9032.503906249996 1825.1484374998836
735 9032.503906249996 1625.3046874998836
736 9032.503906249996 1425.4531249998836
737 9029.142584352001 1399.4765597127844
738 9019.151096149133 1375.2639474516036
739 9003.214938092675 1354.476468157256
740 8982.427458798247 1338.5403101007687
741 8958.214846537096 1328.548821897828
742 8932.238281249996 1325.1874999997672
743 8632.353027343746 1325.1874999997672
744 8332.467773437496 1325.1874999997672
745 8306.491398685208 1328.5490336181829
746 8282.279009095542 1338.5406372880097
747 8261.491748811062 1354.4768151047174
748 8245.555773458971 1375.2642306033522
749 8235.5644056134 1399.4767175081652
750 8232.203124999989 1425.4531249998836
751 9258.905273437496 2591.0
752 8770.865722656246 2591.0002441405086
753 8282.826171874996 2591.0004882811336
754 8248.184570312496 2571.00048828125
755 8249.511718749996 2475.9970703123836
756 8274.575493306143 2465.9212535076076
757 8284.999999999996 2441.000488281017
758 8764.499999999996 2441.0002441405086
759 9243.999999999996 2441.0
760 9246.928932188133 2448.0710678119212
761 9253.999999999996 2451.0
762 9260.860351562496 2451.0
763 9550.093749999996 1139.9998779296875
764 9545.69966262102 1150.6130312542664
765 9535.085937499996 1155.0057373042218
766 9335.007812499996 1155.0058593748836
767 9324.394087378878 1150.6131533246953
768 9319.999999999996 1139.9999999998836
769 9319.999999999996 967.4355468751164
770 9324.394087378827 956.8223935501883
771 9335.007812499996 952.4296874998836
772 9535.085937499996 952.4296264648438
773 9545.699662621064 956.8223325149156
774 9550.093749999996 967.4354858396109
775 10101.999999999996 1130.1728515623836
776 9831.367187499996 1130.1729736325797
777 9817.005953233314 1110.7567605908262
778 9801.874999999989 1091.9342041013297
779 9575.762695312496 821.9484863278922
780 9558.066405314352 802.5983921519946
781 9538.748012768792 784.8675000772346
782 9517.955106937468 768.8912711291341
783 9495.846542114861 754.791761002969
784 9472.591224008294 742.6766875786707
785 9448.36681932682 732.6386079745134
786 9423.358398437496 724.7542114258977
787 9237.675781249996 675.0014038085938
788 9237.675781249996 659.9965209957445
789 9662.335449218746 659.9963073726976
790 10086.995117187496 659.9960937497672
791 10101.999999999996 675.0
792 9707.208984374996 635.0014648436336
793 9691.999999999996 649.9999999997672
794 9243.749999999996 650.0001678464469
795 8795.499999999996 650.000335693243
796 8347.249999999996 650.0005035399226
797 7898.999999999996 650.0006713866023
798 7884.209472656246 635.0021362303523
799 7885.815429687496 520.000732421875
800 7920.456054687496 500.00070190418046
801 8358.885498046871 500.00052642810624
802 8797.314941406246 500.000350952032
803 9235.744384765621 500.0001754759578
804 9674.173828124996 499.9999999998836
805 9708.815429687496 520.0
806 10628.184570312496 621.0
807 10593.543945312496 641.0
808 10174.499999999996 641.0
809 9755.456054687496 641.0
810 9720.815429687496 621.0
811 9719.208984374996 505.9985351561336
812 9733.999999999996 491.0
813 10174.499999999996 491.0
814 10614.999999999996 491.0
815 10629.791015624996 505.9985351561336
816 10627.999999999996 480.9999999998836
817 10242.749999999996 481.0001525877742
818 9857.499999999996 481.00030517566483
819 9472.249999999996 481.00045776355546
820 9086.999999999996 481.0006103514461
821 9086.999999999996 466.0006103515625
822 9320.827148437496 331.0005187987117
823 9678.60904947916 331.0003763833083
824 10036.390950520832 331.00023396790493
825 10394.172851562496 331.00009155250154
826 10627.999999999996 466.0
827 10597.999999999996 184.99999999988358
828 10364.172851562496 320.00009155250154
829 10016.390950520832 320.0002237953013
830 9668.60904947916 320.00035603821743
831 9320.827148437496 320.00048828101717
832 9086.999999999996 185.00059509265702
833 9086.999999999996 170.00059509277344
834 9464.749999999996 170.00044631958008
835 9842.499999999996 170.00029754638672
836 10220.249999999996 170.00014877319336
837 10597.999999999996 170.0
838 10765.015624999996 371.98092651343904
839 10758.320652209917 396.99350026715547
840 10740.012112103945 415.30330271366984
841 10714.999999999996 422.0
842 10584.945312499996 422.00006103503983
843 10559.933209211038 415.3033688304713
844 10541.62467046965 396.9935789196752
845 10534.929687499989 371.981018066057
846 10534.929687499989 261.94000244140625
847 10541.624665379863 236.92743513779715
848 10559.933204803547 218.6176389590837
849 10584.945312499996 211.92094421375077
850 10714.999999999996 211.92089843738358
851 10740.012094473957 218.6175855603069
852 10758.32063185077 236.92736293526832
853 10765.015624999996 261.9399108887883
854 10995.999999999996 1078.184692382696
855 10880.999023437489 1079.7905273435172
856 10865.999999999996 1064.9999999996508
857 10865.999999999996 624.4999694820726
858 10865.999999999996 183.9999389644945
859 10880.998046874996 169.20941162097733
860 10995.999999999996 170.81518554664217
861 11015.999999999996 205.45622253383044
862 11015.999999999996 624.4999618527945
863 11015.999999999996 1043.5437011717586
864 10856.279296874996 1139.9999999998836
865 10841.272460937496 1155.0058593748836
866 10483.639160156246 1155.0058593748836
867 10126.005859374996 1155.0058593748836
868 10111.999999999996 1141.0
869 10111.999999999996 994.2705078125
870 10418.374023437496 787.5302734375
871 10724.748046874996 580.7900390625
872 10842.274414062496 580.7900390625
873 10856.279296874996 594.7958984373836
874 10856.279296874996 867.3979492186336
875 10328.582031249996 1122.4931640623836
876 10323.45605575552 1110.112589544151
877 10311.075195312496 1104.9873046873836
878 10298.694334869473 1110.112589544151
879 10293.568359374996 1122.4931640623836
880 10298.693989368574 1134.8743700062623
881 10311.075195312496 1139.9999999998836
882 10323.456401256419 1134.8743700062623
883 10930.999999999996 2591.0
884 10528.359374999996 2591.0001831053523
885 10125.718749999996 2591.000366210821
886 9723.078124999996 2591.0005493161734
887 9320.437499999996 2591.0007324215258
888 9320.43717447916 2116.776692708023
889 9320.436848958332 1642.5526529946364
890 9320.436523437496 1168.3286132811336
891 9723.077148437496 1168.3284301756648
892 10125.717773437496 1168.328247070196
893 10528.358398437496 1168.3280639647273
894 10930.999023437496 1168.3278808592586
895 10930.999348958332 1642.5519205728779
896 10930.99967447916 2116.7759602863807
897 11190.999999999996 2587.5090332027758
898 10975.997070312496 2590.511230468517
899 10965.57563488671 2566.078885992407
900 10940.999999999996 2556.0
901 10940.999999999996 2196.0
902 10940.999999999996 1836.0
903 10965.92058026783 1825.575190904783
904 10975.996093749996 1800.511352538946
905 11140.999999999996 1798.207153320196
906 11190.999999999996 1884.809692382696
907 11190.999999999996 2236.159362792736
908 11450.999999999996 2587.5090332027758
909 11235.997070312496 2590.511230468517
910 11225.57563488671 2566.078885992407
911 11200.999999999996 2556.0
912 11200.999999999996 2196.0
913 11200.999999999996 1836.0
914 11225.92058026783 1825.575190904783
915 11235.996093749996 1800.511352538946
916 11400.999999999996 1798.207153320196
917 11450.999999999996 1884.809692382696
918 11450.999999999996 2236.159362792736
919 11770.999999999989 2504.9999999998836
920 11755.999999999996 2504.9999999998836
921 11620.999999999996 2271.1733398436336
922 11620.999999999996 1963.500122070196
923 11620.999999999996 1655.8269042966422
924 11755.999999999996 1422.0
925 11770.999999999989 1422.0
926 11770.999999999989 1783.0
927 11770.999999999989 2143.9999999998836
928 11610.999999999996 2429.9999999996508
929 11595.999999999989 2429.9999999996508
930 11460.999999999996 2196.17333984375
931 11460.999999999996 1855.500122070196
932 11460.999999999996 1514.8269042967586
933 11595.999999999989 1281.0
934 11610.999999999996 1281.0
935 11610.999999999996 1663.9999999998836
936 11610.999999999996 2046.9999999997672
937 11275.999999999996 1741.0
938 11251.07941973217 1751.4248090951005
939 11241.003906249996 1776.488647460821
940 11075.999999999996 1778.7927246092586
941 11025.999999999996 1692.1901855467586
942 11025.999999999996 1340.8405761717586
943 11025.999999999996 989.490966796875
944 11241.002929687496 986.4887084959773
945 11251.424343930554 1010.9210922782077
946 11275.999999999996 1020.9999999997672
947 11275.999999999996 1380.9999999998836
948 11635.999999999996 1609.9999999997672
949 11620.999999999996 1609.9999999997672
950 11620.999999999996 1227.6666666665114
951 11620.999999999996 845.3333333332557
952 11620.999999999996 463.0
953 11635.999999999996 463.0
954 11770.999999999989 696.8268432616023
955 11770.999999999989 1036.5000305174617
956 11770.999999999989 1376.1732177732047
957 11460.999999999996 1493.9999999998836
958 11445.999999999996 1493.9999999998836
959 11445.999999999996 1110.9999999998836
960 11445.999999999996 728.0
961 11445.999999999996 345.0
962 11460.999999999996 345.0
963 11595.999999999989 578.8268432616023
964 11595.999999999989 919.5000305174617
965 11595.999999999989 1260.1732177734375
966 11300.999999999996 1385.9999999998836
967 11285.999999999996 1385.9999999998836
968 11285.999999999996 1002.9999999998836
969 11285.999999999996 619.9999999997672
970 11285.999999999996 236.99999999976717
971 11300.999999999996 236.99999999976717
972 11435.999999999996 470.82684326171875
973 11435.999999999996 811.5000305174617
974 11435.999999999996 1152.1732177730883
975 11275.999999999996 976.5089721678523
976 11060.997070312496 979.511291503557
977 11050.575656069395 955.0789077214431
978 11025.999999999996 944.9999999998836
979 11025.999999999996 584.9999999998836
980 11025.999999999996 224.99999999976717
981 11050.920585763579 214.5751855475828
982 11060.996093750011 189.5113372800406
983 11225.999999999996 187.20718383789062
984 11275.999999999996 273.80969238257967
985 11275.999999999996 625.1593322752742
986 11207.093749999996 159.99999999976717
987 10783.493945312493 159.99999999976717
988 10359.894140624998 159.99999999976717
989 9936.294335937495 159.99999999976717
990 9512.69453125 159.99999999976717
991 9089.094726562496 159.99999999976717
992 9087.139648437496 19.99999999976717
993 9096.999999999996 19.99999999976717
994 9104.07106781186 17.07106781168841
995 9106.999999999996 9.999999999883585
996 9523.199999999993 9.999999999883585
997 9939.399999999998 9.999999999883585
998 10355.599999999995 9.999999999883585
999 10771.8 9.999999999883585
1000 11187.999999999996 9.999999999883585
1001 11190.928932188133 17.07106781168841
1002 11197.999999999996 19.99999999976717
1003 11205.138671874996 19.99999999976717
1004 11964.279296874996 570.2035522459773
1005 11950.274414062496 584.2094116209773
1006 11832.748046874996 584.2094726560172
1007 11526.374023437496 377.46948242164217
1008 11219.999999999996 170.72949218726717
1009 11219.999999999996 24.0
1010 11234.005859374996 9.99413013458252
1011 11591.639160156246 9.993851184728555
1012 11949.272460937496 9.993572234758176
1013 11964.279296874996 24.999420165782794
1014 11964.279296874996 297.6014862059383
1015 11436.582031249989 42.5066680907039
1016 11431.45639653259 30.125470779603347
1017 11419.075195312496 24.99984550452791
1018 11406.693984644753 30.12548021681141
1019 11401.568359374996 42.50669479358476
1020 11406.694340267717 54.88725944585167
1021 11419.075195312496 60.012538909795694
1022 11431.456059804204 54.887250008410774
1023 4952.6259765625 1594.0589599605883
1024 4614.706380208332 1594.0590820309008
1025 4276.786783854168 1594.0592041013297
1026 3938.8671875 1594.0593261716422
1027 3909.450329543921 1595.5004947129637
1028 3880.316547244667 1599.8192014305387
1029 3851.7466347471673 1606.97382222116
1030 3824.0159515659507 1616.8954001740785
1031 3797.3917686441528 1629.488310184097
1032 3772.130692370916 1644.6311805952573
1033 3748.4761913847833 1662.1780629927525
1034 3726.65625 1681.9598388669547
1035 3425.7541503906177 1982.8613281248836
1036 3408.064010195674 2002.1627464352641
1037 3392.124119266795 2022.933054234716
1038 3378.0558839265177 2045.0140542871086
1039 3365.9664550157577 2068.237566457363
1040 3355.947911778472 2092.4267086561304
1041 3348.0765605392735 2117.39724406437
1042 3342.4123535156177 2142.9589843748836
1043 3321.0139160156177 2264.310546874767
1044 3295.0041503906177 2264.310546874767
1045 3295.004028320309 1856.6577148435172
1046 3295.00390625 1449.0048828122672
1047 3310.009765625 1433.9999999997672
1048 3793.1904296875 1433.9997558591422
1049 3793.1904296875 1421.9948730466422
1050 3746.171875 1421.9949951169547
1051 3746.171875 1310.5701904294547
1052 3750.0419921875 1311.1072998044547
1053 3770.617388215167 1313.2425506430445
1054 3791.291015625 1313.9548339841422
1055 4178.402669270832 1313.9547119138297
1056 4565.514322916668 1313.9545898435172
1057 4952.6259765625 1313.9544677732047
GTSP_SET_SECTION
1 1 -1
2 2 3 4 5 6 7 8 9 10 11 12 13 -1
3 14 15 16 17 18 19 20 -1
4 21 22 23 24 25 26 27 28 29 30 31 32 -1
5 33 34 35 36 37 38 39 40 41 42 43 44 45 46 47 48 49 50 51 52 53 54 55 56 57 58 59 60 61 62 -1
6 63 64 65 66 67 68 69 70 71 -1
7 72 73 74 75 76 77 78 79 80 81 -1
8 82 83 84 85 86 87 88 89 90 91 -1
9 92 93 94 95 96 97 98 -1
10 99 100 101 102 103 104 105 -1
11 106 107 108 109 110 111 112 -1
12 113 114 115 116 117 118 119 120 121 122 123 124 125 126 127 128 129 130 131 132 133 134 135 136 137 138 139 140 141 142 -1
13 143 144 145 146 147 148 149 150 151 -1
14 152 153 154 155 156 157 158 159 160 161 162 163 164 165 166 167 168 169 170 171 172 173 174 175 176 177 178 179 180 181 182 183 184 185 -1
15 186 187 188 189 190 191 192 193 194 195 196 197 198 199 200 201 -1
16 202 203 204 205 206 207 208 209 210 211 212 213 214 215 216 217 218 219 220 221 222 223 224 225 226 227 228 229 230 231 -1
17 232 233 234 235 236 237 238 239 240 241 242 243 244 245 246 247 -1
18 248 249 250 251 252 253 254 255 256 257 258 259 260 261 262 263 -1
19 264 265 266 267 268 269 270 271 272 273 274 275 276 277 278 279 280 281 282 283 284 285 286 287 -1
20 288 289 290 291 292 293 294 295 -1
21 296 297 298 299 300 301 302 -1
22 303 304 305 306 307 308 309 310 311 312 313 314 315 316 317 318 319 320 321 322 323 324 325 326 327 328 329 330 331 332 333 334 335 336 337 338 339 340 341 342 343 344 345 346 347 348 349 350 -1
23 351 352 353 354 355 356 357 358 359 360 361 362 363 364 365 366 367 368 369 370 371 372 373 374 375 376 377 378 379 380 381 382 383 384 385 386 387 388 389 390 391 392 393 394 395 396 397 398 -1
24 399 400 401 402 403 404 405 -1
25 406 407 408 409 410 411 412 -1
26 413 414 415 416 417 418 419 420 421 422 423 424 425 -1
27 426 427 428 429 430 431 432 433 434 435 436 437 -1
28 438 439 440 441 442 443 444 445 446 447 448 449 450 451 452 453 454 455 456 457 458 459 460 461 462 463 464 465 466 467 468 469 470 471 -1
29 472 473 474 475 476 477 478 479 480 481 482 483 -1
30 484 485 486 487 488 489 490 -1
31 491 492 493 494 495 496 497 498 499 500 501 502 503 504 505 506 507 508 509 510 511 512 513 514 515 516 517 518 519 520 521 -1
32 522 523 524 525 526 527 528 529 530 531 532 533 534 535 536 537 538 539 540 -1
33 541 542 543 544 545 546 547 548 549 550 551 552 553 -1
34 554 555 556 557 558 559 560 561 562 563 564 565 566 567 568 569 570 571 572 573 574 575 576 577 -1
35 578 579 580 581 582 583 584 585 -1
36 586 587 588 589 590 591 592 593 594 595 596 597 598 599 600 601 602 603 604 605 606 607 608 609 610 611 612 613 614 615 616 -1
37 617 618 619 620 621 622 623 624 625 626 -1
38 627 628 629 630 631 632 633 634 635 636 637 638 -1
39 639 640 641 642 643 644 645 646 647 648 649 650 651 652 653 654 655 -1
40 656 657 658 659 660 661 662 663 664 665 666 -1
41 667 668 669 670 671 672 673 674 675 676 -1
42 677 678 679 680 681 682 683 684 685 -1
43 686 687 688 689 690 691 692 693 694 -1
44 695 696 697 698 699 700 701 702 703 704 -1
45 705 706 707 708 709 710 711 712 713 714 715 716 717 718 -1
46 719 720 721 722 723 724 725 726 727 728 729 730 731 732 733 734 735 736 737 738 739 740 741 742 743 744 745 746 747 748 749 750 -1
47 751 752 753 754 755 756 757 758 759 760 761 762 -1
48 763 764 765 766 767 768 769 770 771 772 773 774 -1
49 775 776 777 778 779 780 781 782 783 784 785 786 787 788 789 790 791 -1
50 792 793 794 795 796 797 798 799 800 801 802 803 804 805 -1
51 806 807 808 809 810 811 812 813 814 815 -1
52 816 817 818 819 820 821 822 823 824 825 826 -1
53 827 828 829 830 831 832 833 834 835 836 837 -1
54 838 839 840 841 842 843 844 845 846 847 848 849 850 851 852 853 -1
55 854 855 856 857 858 859 860 861 862 863 -1
56 864 865 866 867 868 869 870 871 872 873 874 -1
57 875 876 877 878 879 880 881 882 -1
58 883 884 885 886 887 888 889 890 891 892 893 894 895 896 -1
59 897 898 899 900 901 902 903 904 905 906 907 -1
60 908 909 910 911 912 913 914 915 916 917 918 -1
61 919 920 921 922 923 924 925 926 927 -1
62 928 929 930 931 932 933 934 935 936 -1
63 937 938 939 940 941 942 943 944 945 946 947 -1
64 948 949 950 951 952 953 954 955 956 -1
65 957 958 959 960 961 962 963 964 965 -1
66 966 967 968 969 970 971 972 973 974 -1
67 975 976 977 978 979 980 981 982 983 984 985 -1
68 986 987 988 989 990 991 992 993 994 995 996 997 998 999 1000 1001 1002 1003 -1
69 1004 1005 1006 1007 1008 1009 1010 1011 1012 1013 1014 -1
70 1015 1016 1017 1018 1019 1020 1021 1022 -1
71 1023 1024 1025 1026 1027 1028 1029 1030 1031 1032 1033 1034 1035 1036 1037 1038 1039 1040 1041 1042 1043 1044 1045 1046 1047 1048 1049 1050 1051 1052 1053 1054 1055 1056 1057 -1
GTSP_SET_ORDERING
20 19 -1
35 34 -1
41 46 45 -1
42 46 45 -1
43 46 45 -1
44 46 45 -1
46 45 -1
57 56 -1
70 69 -1
EOF