NAME: Lc71v947
TYPE: PCGTSP 
COMMENT: 
DIMENSION: 948
GTSP_SETS: 72
EDGE_WEIGHT_TYPE: EUC_2D
NODE_COORD_SECTION
1 0.0 0.0
2 117.0 123.0
3 102.0 137.99999999988358
4 45.0 137.99999999988358
5 17.322265625 110.322265625
6 11.9029693249322 102.21164447825868
7 10.0 92.64453125
8 10.0 35.0
9 17.322330470335146 17.322330470313318
10 35.0 10.0
11 117.0 10.0
12 186.0 249.0
13 171.03308105468022 263.97991943347733
14 9.357003211967822 263.7622985839844
15 9.480325698848901 172.73301696777344
16 16.826474961646454 155.06523726857267
17 34.51399230957031 147.76673889160156
18 185.83779907226926 147.9697723388672
19 185.86903135032117 173.22734344989294
20 185.90647559918943 198.4849061156856
21 185.95013181663307 223.74245880835224
22 204.64959716796875 405.14996337890625
23 176.84254467295978 405.2361815063632
24 149.03540407663604 405.2865191848832
25 121.2282216768217 405.30097633053083
26 93.42104377141004 405.2795529193827
27 65.61391665829069 405.2222489870037
28 37.806886635276896 405.1290646287962
29 10.0 405.0
30 10.000182151790796 294.0150451659574
31 137.94204711914062 322.263671875
32 164.4410044778815 333.03121068153996
33 185.86794386277688 351.97905756835826
34 199.79655092212488 376.9616222573095
35 336.0565185546875 342.32855224609375
36 209.0027160644495 371.3628845214844
37 209.0 259.0
38 236.59522731123798 259.06056028883904
39 264.19033909493737 259.16077781363856
40 291.7852783595263 259.3006523675285
41 319.37998811378566 259.4801836615079
42 346.9744113669658 259.6993713249103
43 374.5684911289027 259.95821490499657
44 402.1621704101599 260.2567138671875
45 397.1935744960974 288.1012573815533
46 383.36353067564414 312.7738218369195
47 362.2034759306807 331.54234953806736
48 349.03759765625 237.55514526355546
49 196.00024414062864 249.62748718238436
50 196.0 141.99999999988358
51 203.56800126442977 142.76199825888034
52 211.13577270507812 143.52627563476562
53 237.4268572457513 146.19638096971903
54 263.7155839381485 148.8896016656072
55 290.00193245905393 151.60593564028386
56 316.28588248706365 154.34538079379126
57 342.5674137026472 157.10793500841828
58 368.8465057881258 159.89359614846762
59 395.12313842773074 162.70236206037225
60 395.12344360350835 187.6920928954496
61 389.06814356803807 211.55944779899437
62 372.3550716597747 229.6423268839717
63 338.0 117.99999999988358
64 323.212951660149 132.93034362787148
65 126.3516693115198 132.04742431640625
66 126.78727722167969 34.84998321515741
67 134.1827872279755 17.211565534584224
68 151.88191223143804 9.962543487548828
69 336.30285644530886 10.790829658450093
70 336.7568272610042 37.592645017197356
71 337.19100828135925 64.39478826854611
72 337.6053992696652 91.19724480027799
73 524.964904785149 124.10047912597656
74 373.2800903320276 125.5436859128531
75 355.5400332133868 118.3861657307134
76 348.0535278320276 100.78241729736328
77 347.1877746581995 9.691933631896973
78 510.00799560546875 8.143153190554585
79 588.0 255.0
80 572.9471435546802 269.9086608886719
81 411.2399597167896 268.9133605957031
82 411.79949951171875 177.90647888177773
83 419.22637284501616 160.2775730387075
84 436.94201660155886 153.06004333496094
85 588.149963378899 153.98995971679688
86 588.1459807634274 179.24250965454848
87 588.1196593118075 204.49504618853098
88 588.0709990446376 229.7475495574181
89 589.79345703125 404.114990234375
90 444.58557128905886 375.9974060058594
91 423.8361808905611 366.72587639960693
92 409.3341291370707 349.2276205411763
93 404.0755310058594 327.1177673339844
94 403.9420471191406 297.6000671386719
95 429.8410566954044 297.28505796549143
96 455.7404090982054 296.99962333845906
97 481.6400705558408 296.74376362981275
98 507.5400072962111 296.5174791731406
99 533.4401855468677 296.32077026355546
100 561.2199932926524 296.1431543144281
101 589.0 296.0
102 776.7600097656177 403.91329956048867
103 615.0529174804688 404.90863037109375
104 600.0 390.0
105 599.9289856965443 364.74754957767436
106 599.8803101705671 339.4950462154229
107 599.8539734601618 314.24250967468834
108 599.8499755859375 288.98995971668046
109 751.0579223632776 288.0599670409574
110 768.7735661198458 295.2774967447622
111 776.2004394531177 312.9064025878906
112 775.3067626953089 227.3948516845703
113 767.946448140443 245.05682819796493
114 750.252990722649 252.3411407468957
115 599.931640625 252.0213165282621
116 599.5615201183355 226.76741845399374
117 599.2828709416062 201.5123454631539
118 599.0956967503334 176.25642887002323
119 599.0 151.0
120 613.963928222649 136.03269958496094
121 775.5003662109302 136.37628173816483
122 711.6430053710901 125.7622375486535
123 549.9669189453089 125.97992706298828
124 535.0 111.0
125 535.0498605543144 85.7424583286047
126 535.0935091424799 60.48490515816957
127 535.1309457618518 35.22734201652929
128 535.1621704101599 9.96977043140214
129 686.4859619140589 9.766689300362486
130 704.1734939437738 17.065177552343812
131 711.5196533203089 34.73296356195351
132 897.0684814453089 126.02131652837852
133 746.7471313476599 126.34132385236444
134 729.0536820076522 119.05701939557912
135 721.693359375 101.39505767810624
136 721.4996337890589 10.37648677820107
137 883.0360717773401 10.032721519470215
138 898.0 24.99999999976717
139 897.904333765513 50.25642870407319
140 897.7171900915091 75.512345242023
141 897.4385714330638 100.76741828816012
142 933.322326660149 261.6782226561918
143 925.2116527700273 267.0972726524924
144 915.644592285149 269.0000305175781
145 810.0000610351599 269.0000610349816
146 792.3223520495412 261.67775214393623
147 785.0 244.00006103509804
148 785.0 153.00006103515625
149 946.0 152.99999999988358
150 961.0 167.99999999988358
151 961.0 233.99999999988358
152 997.9774780273401 397.7363891599816
153 802.3298950195276 404.47946166980546
154 787.0 390.0
155 786.4695222295231 365.9673499923665
156 785.9553009596893 341.9343466523569
157 785.4573364257776 317.9010009765043
158 812.1560668945276 289.29562377918046
159 820.0785755005818 283.5930434335605
160 829.5809326171875 281.359039306466
161 968.7870483398401 276.56234741199296
162 986.7063503107347 283.271303045447
163 994.6333618164099 300.68606567388633
164 1168.0 357.0
165 1153.1329345703089 372.1083068846492
166 1007.6749267578089 373.17108154296875
167 1007.0324096679688 285.1642150878906
168 1014.2240026995496 267.43557839101413
169 1031.8444824218677 259.98291015625
170 1167.1895751953089 258.9947509765043
171 1167.3832089347598 283.49613669724204
172 1167.5828243233445 307.99747441493673
173 1167.788421349167 332.4987626692746
174 1147.0 224.99986267089844
175 1139.6777180828685 242.67749890632695
176 1122.0001220703089 249.9998779296875
177 1016.355529785149 249.99996948236367
178 1006.7884745745578 248.09723276330624
179 998.677795410149 242.67820739740273
180 971.000061035149 215.0
181 971.0 149.0
182 986.0 133.99998474115273
183 1147.0 133.99986267089844
184 1067.18310546875 123.01019287109375
185 921.96044921875 123.00109863269608
186 907.0 108.0
187 907.0986380573522 83.49904047319433
188 907.2468437757452 58.99833064136328
189 907.444616548586 34.497970784199424
190 907.691955566399 9.998061180056538
191 1042.203125 10.007057189883199
192 1059.871844972742 17.335084043676034
193 1067.1884765625 35.00852584838867
194 1238.36767578125 122.6378936766996
195 1093.0578613281177 123.8721694945707
196 1078.0 109.0
197 1078.0366101663785 84.49541413236875
198 1078.1820352255927 59.991232440283056
199 1078.4362723099912 35.48793812392978
200 1078.79931640625 10.986014366149902
201 1212.4084472656177 9.85092544555664
202 1230.1479808876284 17.022430653800257
203 1237.62060546875 34.63723754876992
204 1317.1896972656177 247.00526428216835
205 1181.8446044921875 246.01719665527344
206 1164.2240853170952 238.5645498635131
207 1157.0324707031177 220.8358917234582
208 1157.6749267578089 132.8290557860746
209 1303.1329345703089 133.89169311529258
210 1318.0 149.0
211 1317.7884518640822 173.50124115654035
212 1317.582885354921 198.00253322930075
213 1317.383300484802 222.50387475796742
214 1370.9973144531177 404.36288452136796
215 1243.9434814453089 375.3286132811918
216 1217.7965185318972 364.54243161459453
217 1196.6364510013227 345.7739227062557
218 1182.806388081517 321.10137228731764
219 1177.8377685546875 293.2568359375
220 1205.4314564796805 292.95831946108956
221 1233.0255449106444 292.6994583919295
222 1260.6199768580664 292.4802532646572
223 1288.2146953317388 292.30070453195367
224 1315.8096433408646 292.16081256465986
225 1343.404763894163 292.0605776516604
226 1371.0 292.0
227 1408.0 108.0
228 1393.03955078125 123.00109863269608
229 1247.81689453125 123.01023864746094
230 1247.8114013671802 35.008567810000386
231 1255.128074103999 17.335079180600587
232 1272.796875 10.007093429449014
233 1407.3079833984375 9.998060226382222
234 1407.5553376767857 34.49797002261039
235 1407.753125709034 58.998330102767795
236 1407.9013466856632 83.49904018850066
237 1505.0435791015589 255.04017639148515
238 1353.5728759765589 255.90432739257812
239 1335.8582057065287 248.68035473721102
240 1328.4377441406177 231.04708862310508
241 1327.91748046875 140.01116943359375
242 1489.990234375 139.08567810058594
243 1505.0 154.0
244 1505.015107031537 179.26004212500993
245 1505.0274058924151 204.52008577337256
246 1505.0368965824637 229.7801306329202
247 1558.0 366.9999999998836
248 1543.05712890625 381.961669921875
249 1380.9129638671875 381.55145263666054
250 1381.1437988281177 290.49359130847733
251 1388.510634608625 272.83457191160414
252 1406.20654296875 265.5567932128906
253 1557.5687255859375 265.9400634765625
254 1557.6842308495434 291.20501428475836
255 1557.7946116760904 316.46998800098663
256 1557.899868061013 341.7349835858331
257 1557.4134521484302 123.97869873029413
258 1423.9278564453089 129.83782958966913
259 1422.2829833222459 105.3884846669389
260 1420.7466963678526 80.93207656731829
261 1419.3190258763134 56.4690875489614
262 1418.0 32.0
263 1432.2589111328089 16.36013221734902
264 1577.43408203125 9.987687110900879
265 1581.2937011718786 97.9068374633789
266 1574.7532611060815 115.88855266879546
267 1643.4685058593677 216.88842773420038
268 1515.4979248046875 248.69667053216835
269 1515.5008544921802 135.05964660650352
270 1543.0004218468493 134.8567238500691
271 1570.5001106179225 134.6709825406433
272 1597.9999100705827 134.50242275063647
273 1625.4998094700204 134.35104454576503
274 1652.999798081335 134.2168479852844
275 1680.4998651696442 134.09983312140685
276 1708.0 134.0
277 1703.4575628680104 161.81019543646835
278 1690.072302048673 186.6068786443211
279 1669.315455157226 205.6645283535472
280 1753.0 316.0
281 1725.2199933021147 315.85686094418634
282 1697.4401855468677 315.67926025378983
283 1671.540001234407 315.482569682179
284 1645.6400584113471 315.2563035498024
285 1619.7403908501656 315.0004621517728
286 1593.8410323229982 314.71504582162015
287 1567.9420166015589 314.4000549315824
288 1568.0755615234302 284.8823547361535
289 1573.3341143772523 262.77251758787315
290 1587.8361090428298 245.27424831461394
291 1608.58544921875 236.00267028796952
292 1753.7933349609302 207.88502502435585
293 1718.9420166015589 92.73632049548905
294 1591.0001220703089 120.98497009277344
295 1591.0 10.0
296 1618.8068953618313 9.87093721103156
297 1646.6139341090675 9.777754715178162
298 1674.4210699440082 9.720452667679638
299 1702.228256568811 9.699031163821928
300 1730.0354476855464 9.713490239344537
301 1757.842596996281 9.7638298702077
302 1785.6496582031286 9.850049972475972
303 1780.7965939212663 38.03840115229832
304 1766.867962642711 63.02096719079418
305 1745.4409970285851 81.96880399959628
306 1918.0002441406177 200.04425048816483
307 1762.2648925781177 181.50308227539062
308 1739.8249516952637 173.04798103141366
309 1723.9025288996709 155.11710999312345
310 1718.1600341796802 131.83485412597656
311 1718.1600341796802 103.17478942865273
312 1741.0031823622994 101.95639648783254
313 1763.8471248657734 100.75298834859859
314 1786.6918518602724 99.56456552882446
315 1809.5373535156177 98.39112853986444
316 1836.6516477686237 97.01596066344064
317 1863.7668617955787 95.65904953924473
318 1890.8829833037526 94.3203957824735
319 1918.0 92.99999999988358
320 1937.0 405.0
321 1909.8829833153468 403.679615660978
322 1882.7668618110256 402.34097334800754
323 1855.6516477801997 400.98407366807805
324 1828.5373535156177 399.6089172362699
325 1805.6918518753264 398.43549550534226
326 1782.8471248858477 397.24708794412436
327 1760.0031823773497 396.0436950640287
328 1737.1600341796802 394.8253173827543
329 1737.1600341796802 366.1652526856051
330 1742.902524162142 342.88299056258984
331 1758.8249475024168 324.9521134022507
332 1781.2648925781177 316.49700927728554
333 1937.0001220703089 297.95574951166054
334 1962.1231689453089 285.2976379393949
335 1935.846527588812 288.10640389705077
336 1909.5674267856084 290.8920650676009
337 1883.285886851474 293.65461929747835
338 1857.0019281041168 296.39406445110217
339 1830.7155708630853 299.11039841052843
340 1804.426835449798 301.8036190759158
341 1778.1357421875 304.47372436517617
342 1770.5679860054115 305.23800173652126
343 1763.0 306.0
344 1763.0002441406177 198.3725128173828
345 1916.03759765625 210.44485473626992
346 1939.35505466006 218.35767950030277
347 1956.0681138240361 236.44055123714497
348 1962.1234130859375 260.3078918455867
349 2101.0 355.9999694824801
350 1988.0 355.9999999998836
351 1973.0 340.9999999998836
352 1973.0 284.0
353 2000.677734375 256.3222656248836
354 2008.7883537636117 250.90296111471253
355 2018.35546875 248.99998474115273
356 2076.0 248.99998474115273
357 2093.6776641348697 256.3223098166636
358 2101.0 273.99996948236367
359 2070.0 213.99993896478554
360 2062.677674924438 231.67761835840065
361 2045.0 238.9999542234582
362 1987.35546875 238.99998474115273
363 1977.7883555217377 237.09701541624963
364 1969.677734375 231.67771911615273
365 1942.0 204.0
366 1942.0 147.0
367 1957.0 132.0
368 2070.0 131.99993896466913
369 2075.474609375 123.31954193097772
370 1946.96826171875 93.74956512456993
371 1920.9293686848177 82.9784664438339
372 1899.8430841390946 64.28597807872575
373 1886.0271012561352 39.72667975403601
374 1881.0 12.0
375 1908.4976831622116 11.619869800750166
376 1935.995598458274 11.256919902283698
377 1963.4937351540793 10.911150446278043
378 1990.9920825154586 10.582561567774974
379 2018.4906298081441 10.271153395064175
380 2045.9893662977956 9.976926049566828
381 2073.48828125 9.69987964630127
382 2221.0 139.0
383 2206.0 154.0
384 2146.0 154.0
385 2118.330078125 126.330078125
386 2112.905082804362 118.21674873348093
387 2111.0 108.64453124988358
388 2111.0 35.0
389 2118.322330470335 17.322330470313318
390 2136.0 10.0
391 2221.0 10.0
392 2221.0 307.99996948236367
393 2126.0 307.9999999998836
394 2111.0 293.0
395 2111.0 164.0
396 2196.0 163.99996948236367
397 2213.6776641348442 171.32229455781635
398 2221.0 188.9999542234582
399 2341.0 306.9999999998836
400 2256.0 306.9999999998836
401 2238.3223412599436 299.6776803191751
402 2231.0 282.0000305175781
403 2231.0 163.00001525878906
404 2326.0 163.0
405 2341.0 178.0
406 2341.0 128.99996948236367
407 2333.677669529643 146.67763901199214
408 2316.0 153.99996948230546
409 2231.0 154.0
410 2231.0 25.00000572198769
411 2246.0 10.0
412 2306.0 9.999977111699991
413 2333.669921875 37.6698875426664
414 2339.094916465303 45.783215172064956
415 2341.0 55.35543060285272
416 2461.0 139.0
417 2446.0 154.0
418 2386.0 154.0
419 2358.330078125 126.330078125
420 2352.905082804362 118.21674873348093
421 2351.0 108.64453124988358
422 2351.0 35.0
423 2358.322330470335 17.322330470313318
424 2376.0 10.0
425 2461.0 10.0
426 2461.0 307.99996948236367
427 2366.0 307.9999999998836
428 2351.0 293.0
429 2351.0 164.0
430 2436.0 163.99996948236367
431 2453.6776641348442 171.32229455781635
432 2461.0 188.9999542234582
433 2581.0 306.9999999998836
434 2496.0 306.9999999998836
435 2478.3223412599436 299.6776803191751
436 2471.0 282.0000305175781
437 2471.0 163.00001525878906
438 2566.0 163.0
439 2581.0 178.0
440 2581.0 128.99996948236367
441 2573.677669529643 146.67763901199214
442 2556.0 153.99996948230546
443 2471.0 154.0
444 2471.0 25.00000572198769
445 2486.0 10.0
446 2546.0 9.999977111699991
447 2573.669921875 37.6698875426664
448 2579.094916465303 45.783215172064956
449 2581.0 55.35543060285272
450 2701.0 139.0
451 2686.0 154.0
452 2626.0 154.0
453 2598.330078125 126.330078125
454 2592.905082804362 118.21674873348093
455 2591.0 108.64453124988358
456 2591.0 35.0
457 2598.322330470335 17.322330470313318
458 2616.0 10.0
459 2701.0 10.0
460 2701.0 307.99996948236367
461 2606.0 307.9999999998836
462 2591.0 293.0
463 2591.0 164.0
464 2676.0 163.99996948236367
465 2693.6776641348442 171.32229455781635
466 2701.0 188.9999542234582
467 2826.9040527343677 324.9300231933594
468 2812.0 340.0
469 2786.7485357397927 340.1100749078905
470 2761.497027423502 340.2095310409204
471 2736.245479516554 340.29836838156916
472 2710.9938964843677 340.3765869140043
473 2710.0244140625 188.94491577136796
474 2717.2372116734405 171.22722082788823
475 2734.8642578125 163.79563903808594
476 2825.8684082031177 163.21351623529335
477 2821.0 128.99996948236367
478 2813.677669529643 146.67763901199214
479 2796.0 153.99996948230546
480 2711.0 154.0
481 2711.0 25.00000572198769
482 2726.0 10.0
483 2786.0 9.999977111699991
484 2813.669921875 37.6698875426664
485 2819.094916465303 45.783215172064956
486 2821.0 55.35543060285272
487 2941.0 139.0
488 2926.0 154.0
489 2866.0 154.0
490 2838.330078125 126.330078125
491 2832.905082804362 118.21674873348093
492 2831.0 108.64453124988358
493 2831.0 35.0
494 2838.322330470335 17.322330470313318
495 2856.0 10.0
496 2941.0 10.0
497 2953.0061035156177 340.37655639636796
498 2927.754520488241 340.29834549326915
499 2902.5029725828936 340.20951578207314
500 2877.251464265013 340.1100672784378
501 2852.0 340.0
502 2837.0959472656177 324.9300231933594
503 2838.1315917968677 163.21351623529335
504 2929.1357421875 163.79562377929688
505 2946.7626251022994 171.227286015579
506 2953.9753417968677 188.94488525390625
507 3080.9753417968677 324.99508666986367
508 3066.0 340.0
509 3040.749399577755 339.9814646713203
510 3015.498845062524 339.9298709174618
511 2990.248379734814 339.84521882695844
512 2964.998046875 339.72750854486367
513 2964.75537109375 188.91162109375
514 2972.053500731021 171.22998474730412
515 2989.7150878906177 163.88346862787148
516 3080.7158203125 163.73585510248085
517 3053.669921875 126.33004760748008
518 3026.0 153.99996948230546
519 2966.0 154.0
520 2951.0 139.0
521 2951.0 10.00000572198769
522 3036.0 9.999972343270201
523 3053.677665820742 17.32229910470778
524 3061.0 34.99996185285272
525 3061.0 108.64449310296914
526 3059.0949186562393 118.2167146919528
527 4000.0 159.99999999988358
528 3630.0 159.99999999988358
529 3621.21321013942 138.78678986045998
530 3600.0 129.99999999976717
531 3578.78678986058 138.78678986045998
532 3570.0 159.99999999988358
533 3200.0 159.99999999988358
534 3200.0 10.0
535 3570.0 10.0
536 3578.786789860653 31.213210139248986
537 3600.0 39.99999999976717
538 3621.213210139347 31.213210139248986
539 3630.0 10.0
540 4000.0 10.0
541 4000.0 320.0
542 3630.0 320.0
543 3621.2132101393945 298.7867898606346
544 3600.0 290.0
545 3578.7867898606055 298.7867898606346
546 3570.0 320.0
547 3200.0 320.0
548 3200.0 170.0
549 3570.0 170.0
550 3578.7867898606055 191.2132101393654
551 3600.0 200.0
552 3621.2132101393945 191.2132101393654
553 3630.0 170.0
554 4000.0 170.0
555 6372.999999999996 330.0
556 6252.999999999996 330.0
557 6252.999999999996 300.0
558 6250.071067811859 292.92893218813697
559 6242.999999999996 290.0
560 6202.999999999996 290.0
561 6195.928932188133 292.92893218813697
562 6192.999999999996 300.0
563 6192.999999999996 330.0
564 6072.999999999996 330.0
565 6072.999999999996 170.0
566 6192.999999999996 170.0
567 6192.999999999996 200.0
568 6195.928932188133 207.07106781186303
569 6202.999999999996 210.0
570 6242.999999999996 210.0
571 6250.071067811859 207.07106781186303
572 6252.999999999996 200.0
573 6252.999999999996 170.0
574 6372.999999999996 170.0
575 6682.999999999996 330.0
576 6562.999999999996 330.0
577 6562.999999999996 300.0
578 6560.071067811859 292.92893218813697
579 6552.999999999996 290.0
580 6512.999999999996 290.0
581 6505.928932188133 292.92893218813697
582 6502.999999999996 300.0
583 6502.999999999996 330.0
584 6382.999999999996 330.0
585 6382.999999999996 170.0
586 6502.999999999996 170.0
587 6502.999999999996 200.0
588 6505.928932188133 207.07106781186303
589 6512.999999999996 210.0
590 6552.999999999996 210.0
591 6560.071067811859 207.07106781186303
592 6562.999999999996 200.0
593 6562.999999999996 170.0
594 6682.999999999996 170.0
595 6683.999999999989 159.99999999988358
596 6313.999999999996 159.99999999988358
597 6305.213210139413 138.78678986045998
598 6283.999999999996 129.99999999976717
599 6262.78678986058 138.78678986045998
600 6253.999999999996 159.99999999988358
601 5883.999999999996 159.99999999988358
602 5883.999999999996 10.0
603 6253.999999999996 10.0
604 6262.786789860653 31.213210139248986
605 6283.999999999996 39.99999999976717
606 6305.21321013934 31.213210139248986
607 6313.999999999996 10.0
608 6683.999999999989 10.0
609 7492.999999999996 320.0
610 7122.999999999996 320.0
611 7114.213210139391 298.7867898606346
612 7092.999999999996 290.0
613 7071.786789860602 298.7867898606346
614 7062.999999999996 320.0
615 6692.999999999996 320.0
616 6692.999999999996 170.0
617 7062.999999999996 170.0
618 7071.786789860602 191.2132101393654
619 7092.999999999996 200.0
620 7114.213210139391 191.2132101393654
621 7122.999999999996 170.0
622 7492.999999999996 170.0
623 7493.999999999996 159.99999999988358
624 7123.999999999996 159.99999999988358
625 7115.213210139413 138.78678986045998
626 7093.999999999996 129.99999999976717
627 7072.78678986058 138.78678986045998
628 7063.999999999996 159.99999999988358
629 6693.999999999996 159.99999999988358
630 6693.999999999996 10.0
631 7063.999999999996 10.0
632 7072.786789860653 31.213210139248986
633 7093.999999999996 39.99999999976717
634 7115.21321013934 31.213210139248986
635 7123.999999999996 10.0
636 7493.999999999996 10.0
637 8303.999999999996 159.99999999988358
638 7933.999999999996 159.99999999988358
639 7925.213210139413 138.78678986045998
640 7903.999999999996 129.99999999976717
641 7882.78678986058 138.78678986045998
642 7873.999999999996 159.99999999988358
643 7503.999999999996 159.99999999988358
644 7503.999999999996 10.0
645 7873.999999999996 10.0
646 7882.786789860653 31.213210139248986
647 7903.999999999996 39.99999999976717
648 7925.21321013934 31.213210139248986
649 7933.999999999996 10.0
650 8303.999999999996 10.0
651 8302.999999999996 320.0
652 7932.999999999996 320.0
653 7924.213210139391 298.7867898606346
654 7902.999999999996 290.0
655 7881.786789860602 298.7867898606346
656 7872.999999999996 320.0
657 7502.999999999996 320.0
658 7502.999999999996 170.0
659 7872.999999999996 170.0
660 7881.786789860602 191.2132101393654
661 7902.999999999996 200.0
662 7924.213210139391 191.2132101393654
663 7932.999999999996 170.0
664 8302.999999999996 170.0
665 9112.999999999996 320.0
666 8742.999999999996 320.0
667 8734.21321013939 298.7867898606346
668 8712.999999999996 290.0
669 8691.786789860602 298.7867898606346
670 8682.999999999996 320.0
671 8312.999999999996 320.0
672 8312.999999999996 170.0
673 8682.999999999996 170.0
674 8691.786789860602 191.2132101393654
675 8712.999999999996 200.0
676 8734.21321013939 191.2132101393654
677 8742.999999999996 170.0
678 9112.999999999996 170.0
679 9113.999999999996 159.99999999988358
680 8743.999999999996 159.99999999988358
681 8735.213210139413 138.78678986040177
682 8713.999999999989 129.99999999976717
683 8692.786789860573 138.78678986045998
684 8683.999999999996 159.99999999988358
685 8313.999999999996 159.99999999988358
686 8313.999999999996 10.0
687 8683.999999999996 10.0
688 8692.786789860646 31.213210139248986
689 8713.999999999989 39.99999999976717
690 8735.21321013934 31.213210139307193
691 8743.999999999996 10.0
692 9113.999999999996 10.0
693 9923.999999999996 159.99999999988358
694 9553.999999999996 159.99999999988358
695 9545.213210139413 138.78678986045998
696 9523.999999999996 129.99999999976717
697 9502.78678986058 138.78678986045998
698 9493.999999999996 159.99999999988358
699 9123.999999999996 159.99999999988358
700 9123.999999999996 10.0
701 9493.999999999996 10.0
702 9502.786789860653 31.213210139248986
703 9523.999999999996 39.99999999976717
704 9545.21321013934 31.213210139248986
705 9553.999999999996 10.0
706 9923.999999999996 10.0
707 9922.999999999996 320.0
708 9552.999999999996 320.0
709 9544.21321013939 298.7867898606346
710 9522.999999999996 290.0
711 9501.78678986061 298.7867898606346
712 9493.000000000011 320.0
713 9122.999999999996 320.0
714 9122.999999999996 170.0
715 9493.000000000011 170.0
716 9501.78678986061 191.2132101393654
717 9522.999999999996 200.0
718 9544.21321013939 191.2132101393654
719 9552.999999999996 170.0
720 9922.999999999996 170.0
721 2814.0 1713.9998779296875
722 2654.0 1714.0
723 2654.0 1594.0
724 2684.0 1594.0
725 2691.0710678118885 1591.0710678118048
726 2694.0 1583.9999999998836
727 2694.0 1544.0
728 2691.0710678118667 1536.928932188137
729 2684.0 1534.0
730 2654.0 1534.0
731 2653.9997558593677 1414.0
732 2813.9997558593677 1413.999877929571
733 2814.0 1533.999877929571
734 2784.0 1534.0
735 2776.9289321881333 1536.928932188137
736 2774.0 1544.0
737 2774.0 1583.9999999998836
738 2776.9289321881115 1591.0710678118048
739 2784.0 1594.0
740 2814.0 1593.9998779296875
741 2645.0 1714.0
742 2485.0 1714.0
743 2485.0 1594.0
744 2515.0 1594.0
745 2522.0710678118885 1591.0710678118048
746 2525.0 1583.9999999998836
747 2525.0 1544.0
748 2522.0710678118667 1536.928932188137
749 2515.0 1534.0
750 2485.0 1534.0
751 2485.0 1414.0
752 2645.0 1414.0
753 2645.0 1534.0
754 2615.0 1534.0
755 2607.9289321881333 1536.928932188137
756 2605.0 1544.0
757 2605.0 1583.9999999998836
758 2607.9289321881115 1591.0710678118048
759 2615.0 1594.0
760 2645.0 1594.0
761 9969.000976562496 1840.5341796875
762 9471.311892986294 1840.5343749999884
763 8973.622809410092 1840.5345703124767
764 8475.93372583389 1840.534765624965
765 7978.244642257687 1840.5349609374534
766 7480.555558681484 1840.53515625
767 6982.866475105282 1840.5353515624884
768 6485.17739152908 1840.5355468749767
769 5987.488307952877 1840.535742187465
770 5489.799224376675 1840.5359374999534
771 4992.110140800472 1840.5361328124418
772 4494.42105722427 1840.5363281249302
773 3996.7319736480677 1840.5365234374185
774 3499.0428900718653 1840.5367187499069
775 3001.353806495663 1840.5369140623952
776 2503.6647229194605 1840.5371093748836
777 2005.975639343258 1840.5373046874302
778 1508.2865557670557 1840.5374999999185
779 1010.5974721908533 1840.5376953124069
780 512.9083886146509 1840.5378906248952
781 15.21930503844851 1840.5380859373836
782 15.219120025631128 1365.3600158690242
783 15.218935012817383 890.181945800723
784 15.21875 415.00387573236367
785 501.0908203125 415.0036849975004
786 986.962890625 415.0034942626371
787 1472.8349609375 415.0033035277738
788 1958.70703125 415.00311279285233
789 2444.5791015625 415.00292205798905
790 2930.451171875 415.0027313231258
791 3416.3232421875 415.0025405882625
792 3902.1953125 415.0023498533992
793 3931.1123745308796 413.8167503249715
794 3959.8326224558696 410.24610866454896
795 3988.159679616776 404.3148393786396
796 4015.899857824148 396.06349792628316
797 4042.863481713477 385.54850341868587
798 4068.8661856634826 372.84175284946105
799 4093.730174408658 358.0301294941455
800 4117.285438726525 341.2149088397855
801 4139.370917887336 322.51106610690476
802 4159.835600917813 302.0464900985244
803 4178.539559148998 279.96110875194427
804 4195.354902988085 256.4059323715046
805 4210.166656372265 231.542021085741
806 4222.873542925408 205.53938358748564
807 4233.388678442207 178.57581468787976
808 4241.640164964865 150.83567963226233
809 4247.571582390308 122.50865348998923
810 4251.142374246476 93.78842423844617
811 4252.328125 64.87136840820312
812 4252.328125 39.861602783203125
813 4654.98046875 39.86144542688271
814 5057.632812499996 39.861288070562296
815 5460.285156249996 39.86113071430009
816 5862.937499999996 39.860973357979674
817 5862.937499999996 64.87074279779335
818 5864.123271061846 93.78778413782129
819 5867.694080839017 122.50799741008086
820 5873.625513698626 150.83500637859106
821 5881.877013101341 178.57512336608488
822 5892.392158909217 205.53867360542063
823 5905.0990531618845 231.5412921528332
824 5919.910811683334 256.4051844943897
825 5936.72615815781 279.96034222713206
826 5955.430116612904 302.0457055019797
827 5975.894797574885 322.5102642803686
828 5997.980272520897 341.2140908749425
829 6021.535530648875 358.02929671359016
830 6046.399511423286 372.8409067854518
831 6072.402205836468 385.54764578980394
832 6099.365818855786 396.06263061222853
833 6127.105985108148 404.3139643929899
834 6155.433029489661 410.2452281267033
835 6184.153264080884 413.81586643040646
836 6213.070312499996 415.0014648436918
837 6682.561523437496 415.00128173822304
838 7152.052734374996 415.0010986327543
839 7621.543945312496 415.00091552728554
840 8091.035156249996 415.000732421875
841 8560.526367187496 415.00054931640625
842 9030.017578124996 415.0003662109375
843 9499.508789062496 415.00018310546875
844 9968.999999999996 415.0
845 9969.000325520832 890.1780598958139
846 9969.00065104166 1365.356119791686
847 2991.85205078125 1570.436279296875
848 2989.825047791408 1541.9587606838322
849 2983.763960180222 1514.0599968322203
850 2973.7922943977173 1487.3084793238086
851 2960.113242530966 1462.2493223646306
852 2943.005541870065 1439.3931550224079
853 2922.817795093655 1419.205716166296
854 2899.9613668112506 1402.0983641312923
855 2874.9020012091314 1388.4196944920695
856 2848.15033160659 1378.4484367502155
857 2820.2514753087744 1372.3877746780636
858 2791.77392578125 1370.361206054571
859 2591.69580078125 1370.361328125
860 2563.218240264294 1372.387898318353
861 2535.3193736489447 1378.4485650576535
862 2508.567695051992 1388.419830373081
863 2483.5083223847178 1402.0985101802507
864 2460.651889506491 1419.2058745544055
865 2440.464141058521 1439.393327398866
866 2423.356442003489 1462.2495097744395
867 2409.677395257724 1487.3086821445613
868 2399.705738223198 1514.0602147311438
869 2393.644662966344 1541.9589925981709
870 2391.61767578125 1570.4365234373836
871 2393.644662966337 1598.9140542765963
872 2399.7057382231833 1626.8128321436816
873 2409.677395257706 1653.564364730264
874 2423.3564420034672 1678.6235371003277
875 2440.464141058499 1701.4797194759594
876 2460.6518895064655 1721.66717232042
877 2483.508322384696 1738.7745366945746
878 2508.5676950519737 1752.4532165018027
879 2535.31937364893 1762.4244818172301
880 2563.2182402642866 1768.4851485565305
881 2591.69580078125 1770.5117187498836
882 2791.77392578125 1770.5115966796875
883 2820.251497287667 1768.4850249164738
884 2848.1503742205787 1762.424353510025
885 2874.9020618119685 1752.4530806210241
886 2899.961441544412 1738.7743906457326
887 2922.817879018472 1721.6670139324851
888 2943.0056291379988 1701.479547099676
889 2960.1133265871613 1678.623349690577
890 2973.7923682119217 1653.5641619096277
891 2983.7640164984477 1626.8126142447582
892 2989.82507940094 1598.9138223621994
893 5440.28125 670.097473144473
894 5434.588636225064 648.8340998968924
895 5419.0222313443155 633.2705549104139
896 5397.7578125 627.5818481443566
897 5376.496696164824 633.2731612411444
898 5360.933500596722 648.8363568093046
899 5355.2421875 670.097473144473
900 5360.933500596766 691.3585894795833
901 5376.496696164868 706.921785047627
902 5397.7578125 712.6130981443566
903 5419.022231344272 706.9243913783575
904 5434.588636225024 691.3608463919954
905 5190.1796875 670.0975341796875
906 5184.488354043882 648.8364436449483
907 5168.925161205145 633.2732731485157
908 5147.6640625 627.5819702146691
909 5126.402946164802 633.2732833114569
910 5110.839750596697 648.8364788796753
911 5105.1484375 670.097595214902
912 5110.839750596766 691.3587115500122
913 5126.402946164868 706.921907118056
914 5147.6640625 712.6132202147855
915 5168.925196465232 706.9218969552312
916 5184.488394762717 691.3586763153435
917 2729.7502441406177 800.1473388671875
918 2726.315263831708 773.9928683871985
919 2716.2249416579943 749.6199158733943
920 2700.1675832102846 728.6910684256
921 2679.238532066611 712.6339754746296
922 2654.865451552734 702.5439624877763
923 2628.7109375 699.109313964902
924 2602.5565088642907 702.5440705055953
925 2578.1835317079385 712.6341485176818
926 2557.2545859092534 728.6912627512938
927 2541.197319963365 749.6200921523268
928 2531.1070652732014 773.9929961656453
929 2527.6721191406177 800.1473999022855
930 2531.10707577442 826.301842963614
931 2541.1973606133906 850.6747781744343
932 2557.254672193045 871.6036234305939
933 2578.183672646079 887.6607327270904
934 2602.556705380841 897.7507819952443
935 2628.7111816406177 901.1854858397855
936 2654.865667731472 897.7507793699042
937 2679.238708265566 887.6607225646148
938 2700.1677126823743 871.6036018597079
939 2716.225023027775 850.6747429399402
940 2726.315300680795 826.3017938345438
941 1300.2032470703089 740.1254272460938
942 1290.2465841613412 716.0728658138542
943 1266.1954345703089 706.1127929685754
944 1242.13921203047 716.070123469457
945 1232.1798095703089 740.1254882811918
946 1242.1392120304918 764.1808530928683
947 1266.1954345703089 774.1381835936918
948 1290.2466273460414 764.1780676031485
GTSP_SET_SECTION
1 1 -1
2 2 3 4 5 6 7 8 9 10 11 -1
3 12 13 14 15 16 17 18 19 20 21 -1
4 22 23 24 25 26 27 28 29 30 31 32 33 34 -1
5 35 36 37 38 39 40 41 42 43 44 45 46 47 -1
6 48 49 50 51 52 53 54 55 56 57 58 59 60 61 62 -1
7 63 64 65 66 67 68 69 70 71 72 -1
8 73 74 75 76 77 78 -1
9 79 80 81 82 83 84 85 86 87 88 -1
10 89 90 91 92 93 94 95 96 97 98 99 100 101 -1
11 102 103 104 105 106 107 108 109 110 111 -1
12 112 113 114 115 116 117 118 119 120 121 -1
13 122 123 124 125 126 127 128 129 130 131 -1
14 132 133 134 135 136 137 138 139 140 141 -1
15 142 143 144 145 146 147 148 149 150 151 -1
16 152 153 154 155 156 157 158 159 160 161 162 163 -1
17 164 165 166 167 168 169 170 171 172 173 -1
18 174 175 176 177 178 179 180 181 182 183 -1
19 184 185 186 187 188 189 190 191 192 193 -1
20 194 195 196 197 198 199 200 201 202 203 -1
21 204 205 206 207 208 209 210 211 212 213 -1
22 214 215 216 217 218 219 220 221 222 223 224 225 226 -1
23 227 228 229 230 231 232 233 234 235 236 -1
24 237 238 239 240 241 242 243 244 245 246 -1
25 247 248 249 250 251 252 253 254 255 256 -1
26 257 258 259 260 261 262 263 264 265 266 -1
27 267 268 269 270 271 272 273 274 275 276 277 278 279 -1
28 280 281 282 283 284 285 286 287 288 289 290 291 292 -1
29 293 294 295 296 297 298 299 300 301 302 303 304 305 -1
30 306 307 308 309 310 311 312 313 314 315 316 317 318 319 -1
31 320 321 322 323 324 325 326 327 328 329 330 331 332 333 -1
32 334 335 336 337 338 339 340 341 342 343 344 345 346 347 348 -1
33 349 350 351 352 353 354 355 356 357 358 -1
34 359 360 361 362 363 364 365 366 367 368 -1
35 369 370 371 372 373 374 375 376 377 378 379 380 381 -1
36 382 383 384 385 386 387 388 389 390 391 -1
37 392 393 394 395 396 397 398 -1
38 399 400 401 402 403 404 405 -1
39 406 407 408 409 410 411 412 413 414 415 -1
40 416 417 418 419 420 421 422 423 424 425 -1
41 426 427 428 429 430 431 432 -1
42 433 434 435 436 437 438 439 -1
43 440 441 442 443 444 445 446 447 448 449 -1
44 450 451 452 453 454 455 456 457 458 459 -1
45 460 461 462 463 464 465 466 -1
46 467 468 469 470 471 472 473 474 475 476 -1
47 477 478 479 480 481 482 483 484 485 486 -1
48 487 488 489 490 491 492 493 494 495 496 -1
49 497 498 499 500 501 502 503 504 505 506 -1
50 507 508 509 510 511 512 513 514 515 516 -1
51 517 518 519 520 521 522 523 524 525 526 -1
52 527 528 529 530 531 532 533 534 535 536 537 538 539 540 -1
53 541 542 543 544 545 546 547 548 549 550 551 552 553 554 -1
54 555 556 557 558 559 560 561 562 563 564 565 566 567 568 569 570 571 572 573 574 -1
55 575 576 577 578 579 580 581 582 583 584 585 586 587 588 589 590 591 592 593 594 -1
56 595 596 597 598 599 600 601 602 603 604 605 606 607 608 -1
57 609 610 611 612 613 614 615 616 617 618 619 620 621 622 -1
58 623 624 625 626 627 628 629 630 631 632 633 634 635 636 -1
59 637 638 639 640 641 642 643 644 645 646 647 648 649 650 -1
60 651 652 653 654 655 656 657 658 659 660 661 662 663 664 -1
61 665 666 667 668 669 670 671 672 673 674 675 676 677 678 -1
62 679 680 681 682 683 684 685 686 687 688 689 690 691 692 -1
63 693 694 695 696 697 698 699 700 701 702 703 704 705 706 -1
64 707 708 709 710 711 712 713 714 715 716 717 718 719 720 -1
65 721 722 723 724 725 726 727 728 729 730 731 732 733 734 735 736 737 738 739 740 -1
66 741 742 743 744 745 746 747 748 749 750 751 752 753 754 755 756 757 758 759 760 -1
67 761 762 763 764 765 766 767 768 769 770 771 772 773 774 775 776 777 778 779 780 781 782 783 784 785 786 787 788 789 790 791 792 793 794 795 796 797 798 799 800 801 802 803 804 805 806 807 808 809 810 811 812 813 814 815 816 817 818 819 820 821 822 823 824 825 826 827 828 829 830 831 832 833 834 835 836 837 838 839 840 841 842 843 844 845 846 -1
68 847 848 849 850 851 852 853 854 855 856 857 858 859 860 861 862 863 864 865 866 867 868 869 870 871 872 873 874 875 876 877 878 879 880 881 882 883 884 885 886 887 888 889 890 891 892 -1
69 893 894 895 896 897 898 899 900 901 902 903 904 -1
70 905 906 907 908 909 910 911 912 913 914 915 916 -1
71 917 918 919 920 921 922 923 924 925 926 927 928 929 930 931 932 933 934 935 936 937 938 939 940 -1
72 941 942 943 944 945 946 947 948 -1
GTSP_SET_ORDERING
65 68 67 -1
66 68 67 -1
68 67 -1
69 67 -1
70 67 -1
71 67 -1
72 67 -1
EOF