NAME: Lc71v1525
TYPE: PCGTSP 
COMMENT: 
DIMENSION: 1526
GTSP_SETS: 72
EDGE_WEIGHT_TYPE: EUC_2D
NODE_COORD_SECTION
1 0.0 0.0
2 1390.0 1874.9998779296875
3 1382.6777126880843 1892.6775043011294
4 1365.0001220703089 1899.9998779296875
5 1307.3555908203089 1900.0
6 1297.7884775920575 1898.097030675126
7 1289.6778564453089 1892.6777343750873
8 1262.0 1865.0000000000873
9 1262.0 1808.0000000000873
10 1277.0 1793.0
11 1390.0 1792.9998779296875
12 1528.0 1874.9998779296875
13 1520.6777126880843 1892.6775043011294
14 1503.0001220703089 1899.9998779296875
15 1445.3555908203089 1900.0
16 1435.7884775920575 1898.097030675126
17 1427.6778564453089 1892.6777343750873
18 1400.0 1865.0000000000873
19 1400.0 1808.0000000000873
20 1415.0 1793.0
21 1528.0 1792.9998779296875
22 1714.0009765625 1892.9998779296875
23 1553.0 1893.0
24 1538.0 1878.0000000000873
25 1538.0 1828.0000000000873
26 1565.669921875 1800.3300781250873
27 1573.782800194087 1794.9052697561274
28 1583.3544921875 1793.0
29 1689.0009765625 1793.0
30 1706.678602933931 1800.322287311923
31 1714.0009765625 1817.9998779296875
32 1517.0 1781.0000000000873
33 1404.0 1781.0000000000873
34 1389.0 1766.0
35 1389.0 1709.0
36 1416.677734375 1681.3222656250873
37 1424.7883555217231 1675.9029693249613
38 1434.35546875 1674.0
39 1492.0 1674.0
40 1509.6776695296867 1681.3223304703715
41 1517.0 1699.0000000000873
42 1703.0009765625 1782.999877929804
43 1542.0 1783.0
44 1527.0 1768.0
45 1527.0 1718.0
46 1554.669921875 1690.330078125
47 1562.782800194098 1684.9052697560983
48 1572.3544921875 1683.0
49 1678.0009765625 1683.0
50 1695.678602933931 1690.322287311923
51 1703.0009765625 1707.9998779296875
52 1123.5650634765589 818.0005493164062
53 1098.8029382590903 828.2521331015741
54 1088.5520019531177 853.0145263671875
55 632.4395141601526 853.0147399902344
56 176.3270263671875 853.0149536132812
57 169.74647142189133 828.2012756071053
58 151.7201641192114 809.9235688414192
59 127.0 803.0
60 130.7268676757776 533.8939819335938
61 145.94087219237917 518.8889770507812
62 361.02188110351926 518.8888549804979
63 374.78298106656075 537.409203934425
64 392.42247998840685 552.2826458815543
65 413.00130175250524 562.7173616117216
66 435.423889160149 568.1578369140043
67 779.4944152831995 610.5486755370512
68 1123.56494140625 652.939514160098
69 1151.0 1802.0000000000873
70 917.1732177734375 1937.0001220703998
71 580.5000305175781 1937.000244140654
72 243.82684326171875 1937.0003662108793
73 10.000005722049536 1802.000488281279
74 10.0 1787.0004882811918
75 390.3333333333321 1787.000325520814
76 770.6666666666679 1787.0001627604652
77 1151.0 1787.0000000000873
78 1175.0 1962.0
79 941.1732177734302 2097.0
80 604.5000305175745 2097.0001220702834
81 267.82684326171875 2097.000244140596
82 34.000007629387255 1962.000488281279
83 34.0 1947.000488281279
84 414.3333333333321 1947.000325520843
85 794.6666666666679 1947.000162760436
86 1175.0 1947.0
87 1346.0 1642.0
88 1112.1732177734302 1777.0001220703998
89 775.5000305175745 1777.0002441407123
90 438.82684326171875 1777.0003662109957
91 205.0 1642.000488281279
92 205.0 1627.000488281279
93 585.3333333333321 1627.000325520843
94 965.6666666666679 1627.000162760436
95 1346.0 1627.0
96 1933.0 721.0
97 1907.501069130638 723.9712419337302
98 1886.837416309103 739.2040094491967
99 1876.4561767578089 762.6828002929979
100 1425.9591979980432 691.331024169951
101 975.4622192382776 619.9792480469041
102 969.2112331995231 593.9181325319805
103 946.3577270507776 579.9190673828998
104 972.1789550781177 416.8902587890916
105 1318.6447753906177 428.84568786624004
106 1665.1105957031177 440.8011169433885
107 1688.1082023663475 438.93528458860237
108 1710.0660135724393 431.8482704323833
109 1729.8150585977128 419.9173667280411
110 1746.3039550781177 403.77774047860294
111 1958.7369384765589 437.4238586425781
112 1971.4163818359375 454.6241149902926
113 3354.0 1959.0000000000873
114 3339.0 1959.0000000000873
115 3338.999837239582 1575.3333333334012
116 3338.999674479168 1191.666666666686
117 3338.99951171875 808.0
118 3353.99951171875 808.0
119 3488.99951171875 1041.826660156279
120 3488.999755859375 1383.4998779297166
121 3489.0 1725.1730957031832
122 4434.0 756.0
123 4200.17333984375 891.0
124 3858.500122070309 891.0
125 3516.8269042968677 891.0
126 3283.0 756.0
127 3283.0 741.0
128 3666.666666666668 741.0
129 4050.333333333332 741.0
130 4434.0 741.0
131 4568.0 916.0000000000873
132 4334.17333984375 1051.0001220702834
133 3997.500122070309 1051.000244140654
134 3660.8269042968677 1051.0003662109957
135 3427.0 916.0004272460938
136 3427.0 901.0004272460938
137 3807.333333333332 901.0002848307486
138 4187.666666666668 901.0001424154325
139 4568.0 901.0000000000873
140 4582.0 1076.0000000000873
141 4348.17333984375 1211.0001220703998
142 4040.500122070309 1211.0002441407123
143 3732.8269042968677 1211.0003662109957
144 3499.0 1076.0003662109957
145 3499.0 1061.0003662109957
146 3860.0 1061.000244140654
147 4221.0 1061.0001220703416
148 4582.0 1061.0
149 4640.0 1691.0
150 4259.666666666668 1691.000162760436
151 3879.333333333332 1691.000325520843
152 3499.0 1691.000488281279
153 3499.0 1676.000488281279
154 3732.82666015625 1541.0003662109957
155 4069.499755859375 1541.000244140654
156 4406.1728515625 1541.0001220702834
157 4640.0 1676.0
158 4640.0 1530.9991455077834
159 4259.666666666668 1530.999430338532
160 3879.333333333332 1530.9997151692514
161 3499.0 1531.0
162 3499.0 1516.0
163 3732.82666015625 1380.9998779296875
164 4069.5 1380.9995727539354
165 4406.17333984375 1380.9992675781832
166 4640.0 1515.9991455077834
167 4643.0 1371.0
168 4262.666666666664 1371.000162760436
169 3882.333333333325 1371.000325520843
170 3501.999999999989 1371.000488281279
171 3501.999999999989 1356.000488281279
172 3735.82666015625 1221.0003662109957
173 4072.499755859375 1221.000244140654
174 4409.1728515625 1221.0001220702834
175 4643.0 1356.0
176 4762.0 1516.0
177 4747.0 1516.0
178 4612.0 1282.1732177733793
179 4612.0 974.5000610351271
180 4612.0 666.8269042969041
181 4747.0 433.0000000000873
182 4762.0 433.0000000000873
183 4762.0 794.0000000000582
184 4762.0 1155.000000000029
185 6937.999999999996 802.0
186 6824.999999999996 802.0
187 6809.999999999996 787.0
188 6809.999999999996 729.9257812500873
189 6837.677734374996 702.248046875
190 6845.788355521738 696.8287505749613
191 6855.355468749996 694.9257812500873
192 6912.999999999996 694.9257812500873
193 6930.677669529647 702.2481117203715
194 6937.999999999996 719.92578125
195 7085.999999999996 690.0
196 7071.000000000011 705.0
197 7007.999999999996 705.0
198 6980.322265624996 677.3222656250873
199 6974.903156176941 669.2120955920254
200 6972.999999999996 659.6455078125873
201 6972.999999999996 569.9990234375873
202 6980.32233047031 552.3213539078715
203 6997.999999999996 544.9990234375
204 7085.999999999996 544.9990234375
205 7015.999999999996 520.0000000000873
206 7001.000000000011 535.0000000000873
207 6887.999999999996 535.0000610351854
208 6887.999999999996 452.92584228518535
209 6895.322319680727 435.2481530275254
210 6912.999999999996 427.9258117675781
211 6970.644531249996 427.9258117675781
212 6980.211640961988 429.82876699519693
213 6988.322265624996 435.248046875
214 7015.999999999996 462.92578125
215 6962.999999999996 660.0
216 6955.677669529661 677.6776695296576
217 6937.999999999996 685.0
218 6855.999999999996 685.0
219 6855.999999999996 572.0
220 6870.999999999996 557.0
221 6927.999999999996 557.0
222 6955.677734374996 584.6777343750873
223 6961.097030675064 592.7883555217704
224 6962.999999999996 602.35546875
225 6878.000976562496 510.99993896490196
226 6870.678646092161 528.6776084945595
227 6853.000976562496 535.999938964902
228 6763.354492187496 536.0
229 6753.7879044080655 534.096843823063
230 6745.677734374996 528.677734375
231 6717.999999999996 501.0
232 6717.999999999996 438.0000000000873
233 6732.999999999996 423.0
234 6878.000976562496 422.99993896490196
235 6838.677734374996 688.322204589902
236 6810.999999999996 716.0
237 6760.999999999996 716.0
238 6745.999999999996 701.0
239 6745.999999999996 546.0
240 6820.999999999996 546.0
241 6838.677647950517 553.3223088911618
242 6845.999999999996 570.999938964902
243 6845.999999999996 670.644470214902
244 6844.097030675064 680.2115834431606
245 6735.999999999996 645.999938964902
246 6590.999999999996 646.0
247 6575.999999999996 631.0
248 6575.999999999996 568.0000000000873
249 6603.668945312496 540.3310546875
250 6611.782162097534 534.9055338742037
251 6621.354492187496 533.0000000000873
252 6710.999999999996 532.999938964902
253 6728.677669529661 540.3222694352444
254 6735.999999999996 557.999938964902
255 6707.000976562496 497.99993896490196
256 6699.678646092161 515.6776084945595
257 6682.000976562496 522.999938964902
258 6576.354492187496 523.0
259 6566.7828001941125 521.0947302439599
260 6558.669921874996 515.6699218750873
261 6530.999999999996 488.0
262 6530.999999999996 438.0000000000873
263 6545.999999999996 423.0
264 6707.000976562496 422.99993896490196
265 6565.999999999996 646.0
266 6558.677669529661 663.6776695296576
267 6540.999999999996 671.0
268 6465.999999999996 671.0
269 6465.999999999996 516.0
270 6480.999999999996 501.0
271 6530.999999999996 501.0
272 6558.677734374996 528.677734375
273 6564.097030675064 536.7883555217413
274 6565.999999999996 546.35546875
275 6454.999999999996 670.0
276 6379.999999999996 670.0
277 6362.322330470353 662.6776695296867
278 6354.999999999996 645.0000000000873
279 6354.999999999996 545.35546875
280 6356.902969324929 535.7883555217413
281 6362.322265624996 527.677734375
282 6389.999999999996 500.0000000000873
283 6439.999999999996 500.0000000000873
284 6454.999999999996 515.0
285 6576.000976562496 755.999938964902
286 6568.678646092161 773.6776084945595
287 6551.000976562496 780.999938964902
288 6445.354492187496 781.0
289 6435.7828001941125 779.0947302439599
290 6427.669921874996 773.6699218750873
291 6399.999999999996 746.0
292 6399.999999999996 696.0000000000873
293 6414.999999999996 681.0
294 6576.000976562496 680.999938964902
295 6745.999999999996 788.0
296 6730.999999999996 803.0
297 6585.999023437496 803.0
298 6585.999023437496 715.0
299 6593.3213539078315 697.3223304703424
300 6610.999023437496 690.0
301 6700.645507812496 690.0
302 6710.212095591927 691.903156176937
303 6718.322265624996 697.322265625
304 6745.999999999996 725.0
305 7046.000976562496 1874.9998779296875
306 6884.999999999996 1875.0000000000873
307 6869.999999999996 1860.0
308 6869.999999999996 1810.0
309 6897.669921874996 1782.330078125
310 6905.782800194098 1776.9052697561274
311 6915.354492187496 1775.0000000000873
312 7021.000976562496 1775.0000000000873
313 7038.678602933916 1782.322287311952
314 7046.000976562496 1799.9998779296875
315 7080.322265624996 1990.6777343750873
316 7072.212095591913 1996.096843823092
317 7062.645507812496 1998.0
318 6972.999023437496 1998.0001220703998
319 6955.3213539078315 1990.6777916000574
320 6947.999023437496 1973.0001220703998
321 6947.999023437496 1885.0001220703998
322 7092.999999999996 1885.0
323 7107.999999999996 1900.0
324 7107.999999999996 1963.0
325 6937.999999999996 2032.0
326 6930.677669529661 2049.6776695296576
327 6912.999999999996 2057.0
328 6837.999999999996 2057.0
329 6837.999999999996 1902.0000000000873
330 6852.999999999996 1887.0
331 6902.999999999996 1887.0
332 6930.677734374996 1914.6777343750873
333 6936.097030675064 1922.7883555218286
334 6937.999999999996 1932.3554687500873
335 6820.668945312496 1919.3310546875873
336 6792.999999999996 1947.0
337 6729.999999999996 1947.0
338 6714.999999999996 1932.0
339 6714.999999999996 1787.0000000000873
340 6802.999999999996 1787.0000000000873
341 6820.677669529647 1794.3223304703715
342 6827.999999999996 1812.0
343 6827.999999999996 1901.6455078125
344 6826.094466125836 1911.2178379025136
345 6895.322265624996 1769.677734375
346 6887.211644478262 1775.097030675097
347 6877.644531249996 1777.0
348 6777.999999999996 1777.0
349 6760.322373628591 1769.6777126881352
350 6752.999999999996 1752.0001220703998
351 6752.999999999996 1677.0001220703998
352 6907.999999999996 1677.0
353 6922.999999999996 1692.0
354 6922.999999999996 1742.0
355 6743.000976562496 1751.9998779296875
356 6735.678689250675 1769.6776263713546
357 6718.000976562496 1777.0
358 6612.354492187496 1777.0
359 6602.7828001941125 1775.09473024396
360 6594.669921874996 1769.6699218750873
361 6566.999999999996 1742.0
362 6566.999999999996 1692.0
363 6581.999999999996 1677.0
364 6743.000976562496 1676.9998779296875
365 6594.999999999996 1895.0
366 6587.677669529661 1912.6776695296576
367 6569.999999999996 1920.0
368 6494.999999999996 1920.0
369 6494.999999999996 1765.0
370 6509.999999999996 1750.0
371 6559.999999999996 1750.0
372 6587.677734374996 1777.677734375
373 6593.097030675079 1785.7883555217704
374 6594.999999999996 1795.3554687500873
375 6484.999999999996 1919.0
376 6409.999999999996 1919.0
377 6392.3223304703315 1911.6776695296576
378 6384.999999999996 1894.0
379 6384.999999999996 1794.35546875
380 6386.902969324929 1784.7883555217413
381 6392.322265624996 1776.677734375
382 6419.999999999996 1749.0
383 6469.999999999996 1749.0
384 6484.999999999996 1764.0
385 6595.000976562496 2004.9998779296875
386 6587.678689250675 2022.6776263713546
387 6570.000976562496 2030.0
388 6464.354492187496 2030.0
389 6454.782800194098 2028.0947302439308
390 6446.669921874996 2022.669921875
391 6418.999999999996 1995.0
392 6418.999999999996 1945.0000000000873
393 6433.999999999996 1930.0
394 6595.000976562496 1929.9998779296875
395 6697.677734374996 1929.322265625
396 6669.999999999996 1957.0000000000873
397 6619.999999999996 1957.0000000000873
398 6604.999999999996 1942.0
399 6604.999999999996 1787.0000000000873
400 6679.999999999996 1787.0000000000873
401 6697.677669529647 1794.3223304703715
402 6704.999999999996 1812.0
403 6704.999999999996 1911.64453125
404 6703.097030675064 1921.2116444782587
405 6826.000976562496 2057.0
406 6664.999999999996 2057.0
407 6649.999999999996 2042.0
408 6649.999999999996 1992.0
409 6677.669921874996 1964.330078125
410 6685.782800194098 1958.9052697561274
411 6695.354492187496 1957.0000000000873
412 6801.000976562496 1957.0000000000873
413 6818.678602933916 1964.322287311952
414 6826.000976562496 1981.9998779296875
415 4036.0986328125 730.999938964902
416 3577.0 731.0
417 3577.0 473.0175781250873
418 3570.1896166305705 447.4229916294862
419 3551.4617739956084 428.69514899450587
420 3525.8671875 421.8847656250873
421 3424.943359375 421.8847961425781
422 3324.019531249989 421.88482666009804
423 3298.424944754366 428.6952100295457
424 3279.6971021194113 447.42305266455514
425 3272.88671875 473.01763916018535
426 3272.88671875 774.9024047851854
427 3279.696774958549 800.4974044789269
428 3298.424661621859 819.2256488176936
429 3324.019531249989 826.0361938476854
430 3328.9072265625 826.0361938476854
431 3328.9072265625 1231.1884765625
432 3063.80859375 1231.1885986328998
433 3048.802734375 1216.1827392577834
434 3048.802734375 1036.0352783203998
435 3065.1821797009725 1028.0701094618125
436 3071.810546875 1011.1055908202834
437 3064.488563448125 993.4184992623341
438 3046.8017578125 986.0958251953998
439 2997.783203125 986.0958251953998
440 2980.0957660622626 993.4181537575787
441 2972.7734375 1011.1055908202834
442 2972.7734375 1231.1885986328998
443 2568.12255859375 1231.188659668056
444 2163.4716796875 1231.1887207031832
445 2148.4658203125 1216.182861328096
446 2148.4658203125 1036.0354003906832
447 2164.8452656384725 1028.070231532125
448 2171.4736328125 1011.1057128905959
449 2164.1512826556827 993.4183152922487
450 2146.4638671875 986.0960083007812
451 2097.4453125 986.0960083007812
452 2079.758506864353 993.4186823677737
453 2072.4365234375 1011.1057739257812
454 2072.4365234375 1231.1887207031832
455 1697.2959594726526 1231.1888427734666
456 1322.1553955078089 1231.188964843779
457 1307.1495361328089 1216.184082031279
458 1307.1495361328089 1056.043457031279
459 1323.5291907025348 1048.078918634681
460 1330.158203125 1031.114746093779
461 1322.8358961574013 1013.4272695666004
462 1305.1484375 1006.1049194335938
463 1258.130859375 1006.1049194335938
464 1240.444032145122 1013.4276150717633
465 1233.1220703125 1031.114746093779
466 1233.1221923828089 1231.188964843779
467 949.0157470703089 1231.1890258789354
468 664.9093017578089 1231.1890869140916
469 649.9034423828089 1216.1832275390916
470 649.9033813476599 1056.0426025390916
471 666.2824952962656 1048.0777923901624
472 672.911193847649 1031.1138916015916
473 665.5892320150124 1013.4267605796049
474 647.902404785149 1006.1040649414936
475 600.8848266601599 1006.1040649414936
476 583.1973680027731 1013.426415074442
477 575.8750610351599 1031.1138916015916
478 575.8751220703089 1231.1890869140916
479 317.77843093871707 1231.1891479492479
480 59.681739807128906 1231.189208984404
481 52.986104225452436 1206.1760050097655
482 34.676379182110395 1187.866284155636
483 9.663173675540747 1181.170654296904
484 9.663082122799096 713.4948120118061
485 24.668941497799096 713.4948120118061
486 27.542999487468478 742.773084315646
487 36.07635412047239 770.9272899896605
488 49.94076424530067 796.8744588201225
489 68.60292612150079 819.616515730886
490 91.3449873021309 838.2786724037724
491 117.29215930474675 852.1430765919213
492 145.44636693115172 860.6764247833053
493 174.72463989257812 863.5504760741896
494 580.1267318725586 863.5503997802734
495 985.5288238525391 863.5503234863572
496 1390.9309158325195 863.5502471924119
497 1796.3330078125 863.5501708984957
498 1824.3380304583516 861.9872264670848
499 1851.991717797253 857.2970595987863
500 1878.9459766776818 849.5387081697118
501 1904.861518063568 838.8098310911737
502 1929.4121278640414 825.2454790198244
503 1952.2887731811425 809.0163943960506
504 1973.203492287841 790.3268622088071
505 1991.893019370873 769.412138540938
506 2008.1220984116335 746.5354892631585
507 2021.6864444914245 721.9848761523026
508 2032.4153152453182 696.0693321480649
509 2040.173660096243 669.1150713742245
510 2044.8638202156799 641.4613828906731
511 2046.4267578125 613.4563598633977
512 2044.8638097216099 585.4513352411741
513 2040.173638754277 557.7976463891682
514 2032.4152828473416 530.8433865320112
515 2021.6864009836609 504.92784477071837
516 2008.1220439011122 480.37723525153706
517 1991.8929541296275 457.50059091686853
518 1973.2034167546954 436.58587352605537
519 1952.2886879609869 417.8963489116577
520 1929.412033724584 401.6672730977298
521 1904.861415929492 388.1029309940641
522 1878.9458676222712 377.37406494203606
523 1851.9916030315653 369.6157254805148
524 1824.3379113179872 364.9255713853054
525 1796.3328857421802 363.3626403808885
526 1390.930797576897 363.3627243042283
527 985.5287094116138 363.36280822753906
528 580.1266212463306 363.3628921508498
529 174.7245330810474 363.36297607418965
530 145.44734786640402 366.2368255791662
531 117.2941046753258 374.7695556753315
532 91.34765555084596 388.63297382890596
533 68.6059730978559 407.29385441576596
534 49.94376568082225 430.03444806221523
535 36.078833707029844 455.9800882823474
536 27.54446102631482 484.1328335839207
537 24.668903350830078 513.4098510741896
538 9.663043975830078 513.4098510741896
539 9.662955284118652 59.749717712402344
540 34.67615427335477 53.05407894900418
541 52.985870732973126 34.74435515824007
542 59.681499481197534 9.731153488100972
543 320.7796535491907 9.731102466612356
544 581.8778076171875 9.731051445094636
545 581.8778076171875 169.79061889648438
546 589.1997910440405 187.4777104544919
547 606.8865966796875 194.80038452148438
548 647.9022216796875 194.8003692626953
549 665.5890273153309 187.47769519570284
550 672.9110107421802 169.7906036376953
551 666.2826435681309 152.82608499622438
552 649.9031982421875 144.8609161376953
553 649.9031982421875 24.73592185979942
554 664.9080810546802 9.731036186189158
555 952.0159912109339 9.730979919462698
556 1239.1239013671875 9.730923652707133
557 1239.1239013671875 169.79049682620098
558 1246.4458847940368 187.4775883842085
559 1264.1326904296802 194.80026245120098
560 1305.1483154296875 194.8002471923828
561 1322.8357524924504 187.47791863014572
562 1330.1580810546875 169.7904815673828
563 1323.5293551768773 152.82565234482172
564 1307.1492919921802 144.8607940673828
565 1307.1492919921802 24.735794067382812
566 1322.1551513671875 9.730907440185547
567 1593.2567138671875 9.73085498806904
568 1864.3582763671875 9.730802535981638
569 1904.3729248046875 19.733724594087107
570 2072.4362792968677 19.73369216930587
571 2072.4365234375 233.8147430420795
572 2079.7588577606257 251.5011933138012
573 2097.4453125 258.8235168457031
574 2146.4638671875 258.8235168457031
575 2164.150958745493 251.5015334188938
576 2171.4736328125 233.81472778329044
577 2164.8452656384725 216.8502091417613
578 2148.4658203125 208.88504028320312
579 2148.4655761718677 28.73758316040039
580 2157.4675292968677 19.73367500308086
581 2565.1203613281177 19.733595848141704
582 2972.7731933593677 19.733516693202546
583 2972.7734375 233.8145751953998
584 2980.0961115669816 251.5013808310614
585 2997.783203125 258.8233642578998
586 3046.8017578125 258.8233337402926
587 3064.488217950162 251.50100481545087
588 3071.810546875 233.81454467779258
589 3065.1821745230445 216.85003569032415
590 3048.802734375 208.88487243658165
591 3048.8024902343677 28.73740768438438
592 3057.8063964843677 19.733499527006643
593 3545.9880371093677 19.733404159604106
594 4030.9440917968677 19.733310699491994
595 4045.7399902343786 34.73818969729473
596 4041.8349609375 316.84463500979473
597 4026.1494140625 331.85049438479473
598 3775.998046874989 331.8505554199801
599 3765.0854935984207 308.39252635397133
600 3741.0419921875 298.8388366699801
601 3716.280557230195 309.09009702518233
602 3706.029296875 333.8515319824801
603 3706.029296875 365.86325073239277
604 3716.280211727706 390.62531711295014
605 3741.0419921875 400.87692260739277
606 3765.0858138037183 391.32287804197404
607 3775.998046874989 367.8642272949801
608 4026.1494140625 367.86416625979473
609 4040.9228515625 382.63858032229473
610 1703.2977294921875 102.26501464849571
611 1681.5359183098408 108.09013926432817
612 1665.6062525455163 124.01980502865626
613 1659.7811279296802 145.7816162109957
614 1665.6065783004087 167.54301458396367
615 1681.5362003934242 183.47227919797297
616 1703.2977294921875 189.2972412109957
617 1725.0592629984603 183.47227665723767
618 1740.988885773826 167.54300577525282
619 1746.8143310546875 145.78160095209023
620 1740.9892013488425 124.01979621994542
621 1725.0595362668973 108.09013672365109
622 1898.3709716796875 102.26497650149395
623 1876.609158293526 108.0901023876213
624 1860.67949218801 124.01977128596627
625 1854.8543701171802 145.78158569338848
626 1860.6798255777503 167.54297761624912
627 1876.6094469884156 183.47223596231197
628 1898.3709716796875 189.29719543459942
629 1920.1325007784471 183.47223342157668
630 1936.062122871459 167.54296880756738
631 1941.8875732421875 145.78157043459942
632 1936.0624460813633 124.01976247731363
633 1920.1327806582267 108.09009984700242
634 2743.6875 904.5656127929979
635 2714.411025538764 907.8548582987569
636 2686.6015420600634 917.5792462756508
637 2661.6548607156037 933.2506910965603
638 2640.8231031438627 954.0826129798079
639 2625.1518550908113 979.0294179322664
640 2615.427686462008 1006.8389781113656
641 2612.138671875 1036.1154785156832
642 2615.4279078090585 1065.3917883302493
643 2625.152214751859 1093.2011256806727
644 2640.823516600376 1118.1477023548505
645 2661.6552495428477 1138.9794159666053
646 2686.6018407591546 1154.650694666023
647 2714.411187133217 1164.3749758032209
648 2743.6875 1167.6641845703998
649 2772.9639903732786 1164.3751583334524
650 2800.7735388245455 1154.6509824249079
651 2825.720331762339 1138.9797315404867
652 2846.5522426838834 1118.1479752650193
653 2862.223678761544 1093.2012986641494
654 2871.948061115283 1065.3918224015215
655 2875.2373046875 1036.1153564452834
656 2871.948235863747 1006.8387400232896
657 2862.2239627056915 979.0290878429078
658 2846.5525690981813 954.0822310219228
659 2825.7206387322112 933.2503103213676
660 2800.7737746401835 917.5789282884507
661 2772.9641179480095 907.8546680332802
662 867.984436035149 973.0913696289062
663 841.9483129564178 978.262692748016
664 819.8758011412792 993.0080821950105
665 805.1303918899248 1015.0805807799916
666 799.959045410149 1041.116699218779
667 805.130093867414 1067.1531363278045
668 819.8754340412524 1089.2259871323186
669 841.948073163072 1103.9716441769851
670 867.984436035149 1109.143066406279
671 894.020798907226 1103.9716441769851
672 916.0934380290455 1089.2259871323186
673 930.838778202884 1067.1531363278045
674 936.009826660149 1041.116699218779
675 930.8384801803732 1015.0805807799916
676 916.0930709290187 993.0080821950105
677 894.0205591138802 978.262692748016
678 2338.5361328125 1048.1193847656832
679 2313.022237295394 1054.9488299594086
680 2294.346046756211 1073.6250204985845
681 2287.5166015625 1099.1389160156832
682 2294.3463725126676 1124.6523987230903
683 2313.022519380196 1143.3281881113362
684 2338.5361328125 1150.1574707031832
685 2364.0493334371786 1143.3278623585065
686 2382.725079155316 1124.6521166403545
687 2389.5546875 1099.1389160156832
688 2382.725404908164 1073.6253025833867
689 2364.0496155199 1054.9491557158472
690 2518.603515625 1048.1193847656832
691 2493.089620107894 1054.9488299594086
692 2474.413429568711 1073.6250204985845
693 2467.583984375 1099.1389160156832
694 2474.4137553251676 1124.6523987230903
695 2493.089902192696 1143.3281881113362
696 2518.603515625 1150.1574707031832
697 2544.117129057304 1143.3281881113362
698 2562.7932759248324 1124.6523987230903
699 2569.623046875 1099.1389160156832
700 2562.793601681289 1073.6250204985845
701 2544.117411142106 1054.9488299594086
702 7662.524414062496 1181.1693115234957
703 7637.510800584616 1187.8646194421744
704 7619.200679091027 1206.1743834558292
705 7612.504882812496 1231.1878662109957
706 7240.191406249996 1231.1879272461229
707 6867.877929687496 1231.187988281279
708 6867.877929687496 1031.1137695311918
709 6860.555924666467 1013.4267174372217
710 6842.869140624996 1006.1040649414936
711 6795.851562499996 1006.1040649414936
712 6778.164147031846 1013.4263719329028
713 6770.841796874996 1031.1137695311918
714 6777.470854135801 1048.0779808948573
715 6793.850585937496 1056.042480468779
716 6793.850585937496 1216.183105468779
717 6778.844726562496 1231.187988281279
718 6403.704101562496 1231.1881103515916
719 6028.563476562496 1231.188232421904
720 6028.563476562496 1011.1051635741896
721 6021.241493135643 993.4180720161821
722 6003.554687499996 986.0953979491896
723 5954.536132812496 986.0953979491896
724 5936.848674155084 993.4177480821963
725 5929.526367187496 1011.1052246094041
726 5936.154734361549 1028.069743250875
727 5952.534179687496 1036.034912109404
728 5952.534179687496 1216.182373046904
729 5937.528320312496 1231.188232421904
730 5532.877441406246 1231.1882934570604
731 5128.2265625 1231.1883544921875
732 5128.2265625 1011.1053466796875
733 5120.904233937763 993.4179096169246
734 5103.216796875 986.0955810546875
735 5054.1982421875 986.0955810546875
736 5036.511436551853 993.41825512168
737 5029.189453125 1011.1053466796875
738 5035.8178202990275 1028.0698653212166
739 5052.197265625 1036.035034179804
740 5052.197265625 1216.1824951171875
741 5037.19140625 1231.1883544921875
742 4772.0927734375 1231.1884765625
743 4772.0927734375 826.036071777402
744 4776.98046875 826.036071777402
745 4802.575338378156 819.2255267473811
746 4821.303225041473 800.4972824085853
747 4828.11328125 774.9022827147855
748 4828.11328125 473.01751708990196
749 4821.3028978805705 447.42293059430085
750 4802.575055245608 428.6950879593205
751 4776.98046875 421.88470458990196
752 4676.056640625 421.8847351074801
753 4575.1328125 421.8847656250873
754 4549.538226004392 428.69514899450587
755 4530.8103833694295 447.4229916294862
756 4524.0 473.0175781250873
757 4524.0 731.0
758 4064.9013671875 731.0000610351854
759 4060.0771484375 382.6387634277926
760 4074.8505859375 367.8643493652926
761 4325.001953125 367.8642883300781
762 4335.914186196267 391.3229390771012
763 4359.9580078125 400.8769836425781
764 4384.719788272294 390.6253781481355
765 4394.970703125 365.8633117675781
766 4394.970703125 333.8515930175781
767 4384.719442769805 309.0901580602804
768 4359.9580078125 298.8388977050781
769 4335.91450640155 308.3925873891276
770 4325.001953125 331.85061645519454
771 4074.8505859375 331.85067749020527
772 4059.1650390625 316.8448181152926
773 4055.2585449218677 34.73837280279258
774 4070.0554199218677 19.733486175595317
775 4555.01171875 19.73339271559962
776 5043.193359375 19.73329734808067
777 5052.197265625 28.737201690702932
778 5052.197265625 208.88465881350567
779 5035.8178151211505 216.8498332768504
780 5029.189453125 233.81436157229473
781 5036.511782049838 251.50082170995302
782 5054.1982421875 258.82315063479473
783 5103.216796875 258.8231201171002
784 5120.903888433004 251.50113669031998
785 5128.2265625 233.8143310546875
786 5128.2265625 19.73328018200118
787 5535.879394531246 19.733201027003815
788 5943.532226562489 19.73312187200645
789 5952.534179687496 28.73702621459961
790 5952.534179687496 208.88449096679688
791 5936.15473436152 216.84965982535505
792 5929.526367187496 233.8141784668842
793 5936.849041254482 251.50098410254577
794 5954.536132812496 258.8229675293842
795 6003.554687499996 258.8229675293842
796 6021.2411530359495 251.5006332116027
797 6028.563476562496 233.8141632079787
798 6028.563476562496 19.733104705781443
799 6196.626953124996 19.73307228088379
800 6236.641601562496 9.730134963989258
801 6506.023925781246 9.73008251193096
802 6775.406249999996 9.730030059901765
803 6790.412109374996 24.734910964994924
804 6790.412109374996 144.85990905758808
805 6774.032046190285 152.8247673350852
806 6767.403320312496 169.7895965577045
807 6774.725648874763 187.4770336204092
808 6792.413085937496 194.79936218258808
809 6833.500976562496 194.79936218258808
810 6851.188419023896 187.47702822770225
811 6858.510742187496 169.78958129888633
812 6858.510742187496 9.730013847380178
813 7235.507812499996 9.729940414486919
814 7612.504882812496 9.72986698159366
815 7619.200681954146 34.74334610850201
816 7637.5108030638985 53.053106596373254
817 7662.524414062496 59.74841308587929
818 7662.524414062496 433.55537923175143
819 7662.524414062496 807.3623453776236
820 7126.975585937496 612.9555664062791
821 7124.948632478361 584.4783023720665
822 7118.887666145751 556.5797756311367
823 7108.916188690961 529.8284626807726
824 7095.237384698932 504.769463727338
825 7078.129981381779 481.9133954096178
826 7057.9425690721 461.725986179139
827 7035.086498144981 444.6185863482533
828 7010.027497105122 430.93978617849643
829 6983.276182633799 420.9683128040924
830 6955.377654968379 414.9073507268622
831 6926.900390624996 412.88040161138633
832 6526.750976562496 412.8804626464844
833 6498.273706724391 414.90741254697787
834 6470.375173900222 420.9683769578405
835 6443.623854931717 430.9398541190603
836 6418.564850359315 444.618659372878
837 6395.708777134318 461.7260653733101
838 6375.521363988879 481.91348159796325
839 6358.413961474671 504.76955743235885
840 6344.735160043132 529.8285640912072
841 6334.763686962313 556.5798845806567
842 6328.702726806823 584.4784183293232
843 6326.675781249996 612.9556884765916
844 6328.702730757981 641.4329555673467
845 6334.7636940020275 669.3314858121157
846 6344.735169269839 696.082802532037
847 6358.413971981619 721.1418053381785
848 6375.5213748973 743.9978774142219
849 6395.708787624859 764.1852901417878
850 6418.564859700917 781.2926930574467
851 6443.623862507051 794.9714957692486
852 6470.375179226958 804.9429710370605
853 6498.273709471756 811.0039342810924
854 6526.750976562496 813.0308837890916
855 6926.900390624996 813.0307617187791
856 6955.377657715737 811.0038122107799
857 6983.276187960535 804.942848966748
858 7010.027504680442 794.9713736989361
859 7035.086507486576 781.2925709871342
860 7057.942579562634 764.1851680714753
861 7078.129992290193 743.9977553439094
862 7095.237395205873 721.141683267866
863 7108.916197917653 696.0826804617245
864 7118.887673185465 669.3313637418032
865 7124.948636429512 641.4328334970342
866 6491.237304687496 178.79258728018613
867 6485.404204791808 150.06828380320803
868 6468.810153305571 125.9074038543331
869 6444.094074121833 110.15221123682568
870 6415.186523437496 105.3082275390916
871 6211.349609374996 112.30728912359336
872 6186.597519224848 118.00163374506519
873 6165.785614861994 132.5603481203143
874 6151.94981311043 153.8596935881942
875 6147.108398437496 178.7926483154879
876 6151.949544885883 203.72589360977872
877 6165.785283303023 225.02555938868318
878 6186.597301253194 239.58451981455437
879 6211.349609374996 245.27896118169883
880 6415.186523437496 252.2779541015916
881 6444.094309270102 247.43388023989974
882 6468.810515679175 231.6784280386637
883 6485.404500038701 207.51720256483532
884 7233.015624999996 893.0609741210938
885 7206.979473710522 898.2323089004494
886 7184.906946918283 912.9777298294648
887 7170.161545793624 935.0502698518685
888 7164.990234374996 961.0864257812791
889 7170.1615633242145 987.1225629653782
890 7184.9069685122195 1009.195082269056
891 7206.979487815905 1023.940487457061
892 7233.015624999996 1029.111816406279
893 7259.051776289478 1023.9404816269525
894 7281.124303081724 1009.1950606979372
895 7295.869704206376 987.1225206755043
896 7301.041015624996 961.0863647460938
897 7295.869686675778 935.0502275619947
898 7281.124281487773 912.9777082583169
899 7259.051762184088 898.2323030703119
900 5357.3125 904.5652465820895
901 5328.035865041933 907.8543056893977
902 5300.226193917548 917.5785771908122
903 5275.279320338228 933.2499767102126
904 5254.447387379652 954.0819193341886
905 5238.77599943486 979.0288001845474
906 5229.051740836319 1006.8384758207249
907 5225.7626953125 1036.115112304804
908 5229.051938884739 1065.391578261013
909 5238.776321238496 1093.2010545236117
910 5254.447757316164 1118.1477311244234
911 5275.279668237708 1138.9794873998617
912 5300.2264611754945 1154.6507382842537
913 5328.036009626747 1164.3749141927692
914 5357.3125 1167.6639404296875
915 5386.588846886527 1164.3747239279328
916 5414.398222124579 1154.6504202981014
917 5439.3448323151315 1138.9791066257749
918 5460.17657044268 1118.1473491674697
919 5475.847860965889 1093.200724434806
920 5485.572138790099 1065.3913401731406
921 5488.861328125 1036.114990234404
922 5485.572290238175 1006.8385098921717
923 5475.848107049918 979.0289731687517
924 5460.176853334153 954.082192245638
925 5439.345098354985 933.250292285782
926 5414.398426497759 917.5788649513561
927 5386.588957451211 907.8544882207352
928 6202.628906249996 1011.1051635741896
929 6179.655827215818 1015.6680840400222
930 6160.1800558295545 1028.6787309262436
931 6147.169389138977 1048.1544890823425
932 6142.606445312496 1071.1275634765916
933 6147.169371608394 1094.1006566161523
934 6160.180034235618 1113.576435490977
935 6179.655813110443 1126.5870981181797
936 6202.628906249996 1131.1500244140916
937 6225.60199938955 1126.5870981181797
938 6245.0777782643745 1113.576435490977
939 6258.088440891599 1094.1006566161523
940 6262.651367187496 1071.1275634765916
941 6258.088423361016 1048.1544890823425
942 6245.077756670438 1028.6787309262436
943 6225.601985284175 1015.6680840400222
944 5762.463867187496 1048.118896484404
945 5736.950384480089 1054.948667434568
946 5718.2745950918215 1073.6248143020784
947 5711.445312499989 1099.138427734404
948 5718.274920844673 1124.6516283590754
949 5736.9506665628105 1143.3273740772274
950 5762.463867187496 1150.156982421904
951 5787.9774806198 1143.327699830057
952 5806.653627487332 1124.6519104418112
953 5813.483398437496 1099.138427734404
954 5806.6539532437855 1073.6245322173054
955 5787.977762704602 1054.9483416781295
956 5582.396484374989 1052.120849609404
957 5558.883978461297 1058.4147224240005
958 5541.672779064575 1075.6259218206978
959 5535.37890625 1099.138427734404
960 5541.672779064575 1122.6509336481104
961 5558.883978461297 1139.8621330448077
962 5582.396484374989 1146.156005859404
963 5605.908990288688 1139.8621330448368
964 5623.1201896854145 1122.6509336481104
965 5629.414062499989 1099.138427734404
966 5623.1201896854145 1075.6259218206978
967 5605.908990288688 1058.4147224239714
968 4030.9445800781286 2460.266357421904
969 3545.9885253906177 2460.2666015625
970 3057.8068847656286 2460.266845703183
971 3048.8029785156177 2451.262939453183
972 3048.8029785156177 2271.115478515596
973 3065.182423841554 2263.150309657125
974 3071.8107910156177 2246.185791015683
975 3064.4884620907796 2228.499330878025
976 3046.8020019531177 2221.177001953183
977 2997.7834472656177 2221.177001953183
978 2980.0963557075993 2228.4989853800216
979 2972.7736816406177 2246.185791015683
980 2972.7736816406177 2460.266845703183
981 2565.1208496093677 2460.267089843779
982 2157.4680175781177 2460.267333984404
983 2148.4660644531177 2451.263427734404
984 2148.4660644531177 2271.115966796904
985 2164.8455097790647 2263.150797938375
986 2171.4738769531177 2246.186279296904
987 2164.151202886136 2228.4994736612425
988 2146.4641113281177 2221.177490234404
989 2097.4455566406177 2221.177490234404
990 2079.759096502956 2228.499819159246
991 2072.4367675781177 2246.186279296904
992 2072.4367675781177 2460.267333984404
993 1904.3734130859375 2460.267333984404
994 1864.3587646484375 2470.270263671904
995 1593.2572021484339 2470.2703857422166
996 1322.1556396484302 2470.2705078125
997 1307.1497802734302 2455.265625
998 1307.1496582031286 2335.140625
999 1323.5297213877893 2327.17576672259
1000 1330.1584472656177 2310.2109375000873
1001 1322.8361187033806 2292.5235004373244
1002 1305.1486816406177 2285.2011718750873
1003 1264.1330566406286 2285.2011718750873
1004 1246.4462510049707 2292.52384594208
1005 1239.1242675781177 2310.2109375000873
1006 1239.1243896484375 2470.2705078125
1007 952.0164489746057 2470.270751953154
1008 664.9085083007776 2470.270996093779
1009 649.9036254882776 2455.266113281279
1010 649.9035644531177 2335.141113281279
1011 666.2830097790647 2327.17594442275
1012 672.9113769531177 2310.211425781279
1013 665.5893935262648 2292.5243342232716
1014 647.9025878906177 2285.201660156279
1015 606.8869628906177 2285.201660156279
1016 589.2001572549707 2292.5243342232716
1017 581.8781738281177 2310.211425781279
1018 581.8782348632776 2470.270996093779
1019 320.7801055908167 2470.2711181640916
1020 59.681976318359375 2470.271240234404
1021 52.98633867237004 2445.2580326786265
1022 34.67660853630514 2426.948311270098
1023 9.663397788997827 2420.252685546904
1024 9.663187026977539 1966.592529296904
1025 24.66904640197754 1966.592529296904
1026 27.54464823606031 1995.8695245642448
1027 36.07905653184207 2024.0222404693486
1028 49.944014604541735 2049.9678465604375
1029 68.606238245844 2072.7084038657194
1030 91.34792729308538 2091.369248355477
1031 117.29437418669113 2105.2326329129864
1032 145.44760761526413 2113.7653338516247
1033 174.7247772216797 2116.639160156279
1034 580.1268653869629 2116.6389770508104
1035 985.5289535522425 2116.6387939453416
1036 1390.9310417175257 2116.638610839873
1037 1796.3331298828089 2116.638427734404
1038 1824.3381387632871 2115.075471086835
1039 1851.991811300497 2110.385295068525
1040 1878.946054853459 2102.6269376157143
1041 1904.8615808950854 2091.8980576246104
1042 1929.4121758315086 2078.3337056627497
1043 1952.2888072397327 2062.1046240100404
1044 1973.2035138360334 2043.4150974277873
1045 1991.8930302098452 2022.5003817091638
1046 2008.1221006965025 1999.6237423795683
1047 2021.6864406752684 1975.0731408224092
1048 2032.4153080170508 1949.157609544025
1049 2040.1736523135332 1922.2033622042218
1050 2044.8638148341379 1894.5496873777593
1051 2046.4267578125 1866.544677734404
1052 2044.863800196239 1838.5396601855755
1053 2040.173621279464 1810.8859793067386
1054 2032.4152590715894 1783.9317280600371
1055 2021.6863725892981 1758.01619528007
1056 2008.1220125657055 1733.465594848094
1057 1991.8929214882482 1710.5889594482142
1058 1973.2033843637073 1689.674250593176
1059 1952.2886572640382 1670.9847338855034
1060 1929.4120060213827 1654.7556651401683
1061 1904.861392347946 1641.1913290827652
1062 1878.9458490944853 1630.4624678991386
1063 1851.991590274094 1622.7041320039134
1064 1824.3379048167371 1618.0139800825564
1065 1796.3328857421802 1616.4510498046875
1066 1390.9308013915943 1616.4512329101562
1067 985.528717041012 1616.451416015654
1068 580.126632690426 1616.4515991211229
1069 174.7245483398401 1616.4517822265916
1070 145.44627501161813 1619.325854077062
1071 117.29207117400438 1627.8592229518981
1072 91.34490714479034 1641.7236470987846
1073 68.60285797651886 1660.385822151875
1074 49.94071183073538 1683.1278950415144
1075 36.07632066513179 1709.075076693698
1076 27.542987576936866 1737.2292913779966
1077 24.668952941887255 1766.507568359404
1078 9.663094520568848 1766.507568359404
1079 9.662877082817431 1298.8317871094914
1080 34.67610293387406 1292.1361251548224
1081 52.985818941382604 1273.8263557348691
1082 59.681407928470435 1248.8131103515916
1083 317.77808189391726 1248.812988281279
1084 575.8747558593677 1248.8128662109957
1085 575.8748779296875 1448.8880615233793
1086 583.1972064919246 1466.5754985861422
1087 600.8846435546802 1473.8978271483793
1088 647.9022216796875 1473.8978271483793
1089 665.5890273153309 1466.5751530813868
1090 672.9110107421802 1448.8880615233793
1091 666.2823121907713 1431.9241607348667
1092 649.9031982421875 1423.9593505859957
1093 649.9030761718677 1263.8187255858793
1094 664.9089355468677 1248.8128662109957
1095 949.0153808593677 1248.8127441407123
1096 1233.1218261718677 1248.8126220703998
1097 1233.1219482421802 1448.8868408202834
1098 1240.4439316690332 1466.573932378291
1099 1258.1307373046802 1473.8966064452834
1100 1305.1483154296875 1473.8966064452834
1101 1322.8357524924504 1466.5742778830463
1102 1330.1580810546875 1448.8868408202834
1103 1323.5290237938498 1431.9226294567052
1104 1307.1492919921802 1423.9581298828998
1105 1307.1491699218677 1263.8175048828998
1106 1322.1550292968677 1248.8126220703998
1107 1697.2956542968677 1248.812438964902
1108 2072.4362792968677 1248.812255859404
1109 2072.4362792968677 1468.895263671904
1110 2079.7583490081997 1486.5824416044343
1111 2097.4453125 1493.905029296904
1112 2146.4638671875 1493.9049072265916
1113 2164.151146392851 1486.582492286485
1114 2171.4733886718786 1468.8951416015916
1115 2164.845021497822 1451.9306229601207
1116 2148.4655761718677 1443.9654541015916
1117 2148.4655761718677 1263.8179931640916
1118 2163.4714355468677 1248.8121337890916
1119 2568.1223144531177 1248.8119506836229
1120 2972.7731933593677 1248.8117675781832
1121 2972.7731933593677 1468.8947753906832
1122 2980.0956082044177 1486.5822988323926
1123 2997.783203125 1493.904541015596
1124 3046.8017578125 1493.904541015596
1125 3064.4884055924194 1486.581780575274
1126 3071.8103027343677 1468.8947753906832
1127 3065.1819355603147 1451.9302567492123
1128 3048.8024902343677 1443.9650878906832
1129 3048.8024902343677 1263.817626953096
1130 3063.8083496093677 1248.8117675781832
1131 3328.9069824218677 1248.8116455077834
1132 3328.9072265625 1653.9639892578998
1133 3324.019531249989 1653.9639892578998
1134 3298.4246616218807 1660.7745342878625
1135 3279.6967749585674 1679.502778626571
1136 3272.88671875 1705.0977783202834
1137 3272.88671875 2006.9825439452834
1138 3279.697183429613 2032.5771495736262
1139 3298.425120986736 2051.3049530027492
1140 3324.0197753906177 2058.115234375
1141 3424.9436035156177 2058.115234375
1142 3525.8674316406177 2058.115234375
1143 3551.4619148368693 2051.3047692166874
1144 3570.189657046383 2032.5769375886011
1145 3577.0 2006.9824218750873
1146 3577.0 1749.0
1147 4036.0986328125 1748.9997558594914
1148 4040.9230957031286 2097.361083984404
1149 4026.1496582031177 2112.135498046904
1150 3775.9982910156177 2112.1357421875873
1151 3765.0860579443506 2088.6770914405643
1152 3741.0422363281177 2079.1230468750873
1153 3716.2804558683347 2089.3746523694717
1154 3706.0295410156177 2114.13671875
1155 3706.0295410156177 2146.1484375000873
1156 3716.2808013708345 2170.909872457327
1157 3741.0422363281177 2181.1611328125
1158 3765.085737739024 2171.607443128538
1159 3775.9982910156177 2148.1494140625873
1160 4026.1496582031177 2148.149169921904
1161 4041.8352050781177 2163.155029296904
1162 4045.7404785156177 2445.261474609404
1163 2731.6838378906286 2311.210449218779
1164 2726.2081207297633 2283.642827131611
1165 2710.5951858265107 2260.2720434547227
1166 2687.224190466717 2244.6594254212396
1167 2659.6564941406177 2239.184082031279
1168 2499.5969238281177 2239.184082031279
1169 2472.0292275020147 2244.6594254212396
1170 2448.658232142221 2260.2720434546936
1171 2433.045297238972 2283.642827131611
1172 2427.5695800781177 2311.210449218779
1173 2433.045016748798 2338.778371231223
1174 2448.657886638488 2362.1494864083943
1175 2472.0290018156848 2377.7623562981025
1176 2499.5969238281177 2383.237792968779
1177 2659.6564941406177 2383.237792968779
1178 2687.2244161530543 2377.7623562981025
1179 2710.595531330251 2362.1494864084234
1180 2726.208401219945 2338.778371231223
1181 1611.7639160156177 2301.2080078125
1182 1617.4432591887671 2329.1617583331245
1183 1633.5986352656946 2352.670712602965
1184 1657.6587501751455 2367.9931790360133
1185 1685.7941894531177 2372.6904296875873
1186 1885.6242675781286 2365.692138671904
1187 1909.6182703974955 2360.1572664125124
1188 1929.7895473628996 2346.0340030569932
1189 1943.1981807012307 2325.3807821405935
1190 1947.8898925781177 2301.207763671904
1191 1943.1984552490248 2277.034447708953
1192 1929.789886761344 2256.3808988621167
1193 1909.6184935506244 2242.2573835491203
1194 1885.6242675781286 2236.722412109404
1195 1685.7941894531177 2229.7246093750873
1196 1657.6585221102614 2234.421947343304
1197 1633.5982837613083 2249.7446654901723
1198 1617.4429727768838 2273.2539548841887
1199 2743.6875 1575.4349365234957
1200 2772.9640863288478 1572.1458327499276
1201 2800.773703325671 1562.4215377526416
1202 2825.7205241025695 1546.750135651091
1203 2846.552411918081 1525.9182091740076
1204 2862.2237677212797 1500.9713593128836
1205 2871.948011107179 1473.1617242689827
1206 2875.2370605468677 1443.8851318359957
1207 2871.94781697464 1414.6086658797867
1208 2862.2234346208897 1386.7991896171588
1209 2846.5519985432293 1361.852513016318
1210 2825.720087621685 1341.0207567408506
1211 2800.773294683895 1325.3495058564586
1212 2772.9637462326355 1315.625329947914
1213 2743.6872558593677 1312.3363037109957
1214 2714.4109089728518 1315.6255202127795
1215 2686.601533734807 1325.3498238425818
1216 2661.654923544258 1341.0211375148792
1217 2640.8231854167097 1361.8528949731553
1218 2625.1518948934972 1386.799519705819
1219 2615.427617069279 1414.6089039674844
1220 2612.1384277343677 1443.8852539061918
1221 2615.4274850054353 1473.1617582372273
1222 2625.1516979659027 1500.9713120969536
1223 2640.822989485936 1525.9180999798118
1224 2661.654787015461 1546.7499941631686
1225 2686.60150218771 1562.4214014290483
1226 2714.4110109295616 1572.1457434178155
1227 867.9842529296802 1506.9104003906832
1228 894.0203901137756 1501.739071441465
1229 916.0929094174571 1486.99366625346
1230 930.8383146054693 1464.9211469497823
1231 936.0096435546802 1438.8850097656832
1232 930.8385892674705 1412.8485585511953
1233 916.0932333526143 1390.7757002580329
1234 894.0205735119707 1376.0300472767558
1235 867.9841918945276 1370.8586425781832
1236 841.9478195565462 1376.030093998037
1237 819.875186176112 1390.775786588143
1238 805.1298698701394 1412.8486713417515
1239 799.9588623046875 1438.8851318359957
1240 805.1302263150064 1464.9212315295008
1241 819.8756396297031 1486.993709395727
1242 841.9481439563024 1501.739083101711
1243 1898.3709716796875 1468.895263671904
1244 1921.3440648192409 1464.3323373759922
1245 1940.8198436940656 1451.3216747487895
1246 1953.8305063212902 1431.8458958739648
1247 1958.3934326171875 1408.872802734404
1248 1953.830494661157 1385.8996813840058
1249 1940.8198005518825 1366.4238875320298
1250 1921.3439802395442 1353.4132330315188
1251 1898.3708496093677 1348.850341796904
1252 1875.3977657496034 1353.4133148141846
1253 1855.9220133351118 1366.424017050158
1254 1842.9113903166435 1385.8998223853996
1255 1838.3485107421802 1408.872924804804
1256 1842.9114720992548 1431.8459804537415
1257 1855.9221428531819 1451.3217178910854
1258 1875.3979067508917 1464.3323490362382
1259 2338.5358886718677 1431.8814697265916
1260 2364.0493713792675 1425.0516987764277
1261 2382.7251607675316 1406.3755519088882
1262 2389.5544433593677 1380.8619384765916
1263 2382.724835014684 1355.3487378519203
1264 2364.0490892965463 1336.6729921337683
1265 2338.5358886718677 1329.8433837890916
1266 2313.022275239564 1336.6726663809386
1267 2294.3461283720353 1355.3484557691845
1268 2287.5163574218677 1380.8619384765916
1269 2294.3458026155786 1406.3758339936903
1270 2313.0219931547617 1425.0520245328662
1271 2518.6032714843677 1431.8813476561918
1272 2544.117167001452 1425.0519024624955
1273 2562.793357540635 1406.3757119233487
1274 2569.6228027343677 1380.861816406279
1275 2562.793031784222 1355.348333698843
1276 2544.1168849166897 1336.672544310568
1277 2518.6032714843677 1329.8432617186918
1278 2493.0896580520384 1336.6725443105388
1279 2474.41351118451 1355.348333698843
1280 2467.5837402343786 1380.861816406279
1281 2474.4131854281077 1406.3757119233487
1282 2493.089375967287 1425.0519024624955
1283 7690.524902343746 2420.249511718692
1284 7665.511288865844 2426.9448196373705
1285 7647.201167372255 2445.2545836510835
1286 7640.505371093746 2470.268066406279
1287 7263.508300781246 2470.268310546933
1288 6886.511230468746 2470.2685546875873
1289 6886.511230468746 2310.2089843750873
1290 6879.188901906509 2292.5215473123244
1291 6861.501464843746 2285.1992187500873
1292 6820.413574218746 2285.1992187500873
1293 6802.726137155983 2292.5215473123244
1294 6795.403808593746 2310.2089843750873
1295 6802.032534471578 2327.17381359759
1296 6818.412597656246 2335.138671875
1297 6818.412597656246 2455.263671875
1298 6803.406738281246 2470.2685546875873
1299 6534.024414062496 2470.2686767578416
1300 6264.642089843746 2470.268798828096
1301 6224.627441406246 2460.265869140596
1302 6056.563964843746 2460.265869140596
1303 6056.563476562489 2246.184814453183
1304 6049.241147637647 2228.498354315525
1305 6031.554687499996 2221.176025390683
1306 5982.536132812496 2221.176025390683
1307 5964.849041254482 2228.4980088175216
1308 5957.526367187496 2246.184814453183
1309 5964.154734361557 2263.149333094625
1310 5980.534179687496 2271.114501953096
1311 5980.534667968746 2451.261962890683
1312 5971.532714843746 2460.265869140596
1313 5563.879882812493 2460.26611328125
1314 5156.227050781239 2460.266357421904
1315 5156.2265625 2246.185302734404
1316 5148.903888433015 2228.4984970987425
1317 5131.216796874989 2221.176513671904
1318 5082.1982421875 2221.176513671904
1319 5064.511782049838 2228.498842596746
1320 5057.189453125 2246.185302734404
1321 5063.817820299053 2263.149821375875
1322 5080.197265625 2271.114990234404
1323 5080.19775390625 2451.262451171904
1324 5071.193847656239 2460.266357421904
1325 4583.01220703125 2460.2666015625
1326 4098.05615234375 2460.266845703183
1327 4083.2590332031286 2445.261962890596
1328 4087.1652832031177 2163.155517578183
1329 4102.8505859375 2148.149658203183
1330 4353.001953125 2148.1494140625873
1331 4363.914506401594 2171.607443128538
1332 4387.9580078125 2181.1611328125
1333 4412.719442769783 2170.909872457327
1334 4422.970703125 2146.1484375000873
1335 4422.970703125 2114.13671875
1336 4412.719788272283 2089.3746523694717
1337 4387.9580078125 2079.1230468750873
1338 4363.914186196267 2088.6770914405643
1339 4353.001953125 2112.1357421875873
1340 4102.8505859375 2112.135986328183
1341 4088.0773925781177 2097.361572265683
1342 4092.9013671875 1749.0002441406832
1343 4552.0 1749.0
1344 4552.0 2006.9824218750873
1345 4558.810383369451 2032.5770083706593
1346 4577.538226004413 2051.3048510055814
1347 4603.1328125 2058.115234375
1348 4704.056640625 2058.115234375
1349 4804.98046875 2058.115234375
1350 4830.575090636801 2051.3048307977733
1351 4849.302938775225 2032.5769379500125
1352 4856.11328125 2006.9822998046875
1353 4856.11328125 1705.097534179804
1354 4849.303225041473 1679.5025344860042
1355 4830.575338378156 1660.7742901472084
1356 4804.98046875 1653.9637451171875
1357 4800.0927734375 1653.9637451171875
1358 4800.0927734375 1248.8114013671875
1359 5065.19140625 1248.811279296904
1360 5080.197265625 1263.817138671904
1361 5080.197265625 1443.964599609404
1362 5063.817820299053 1451.9297684679332
1363 5057.189453125 1468.894287109404
1364 5064.511436551853 1486.5813786674116
1365 5082.1982421875 1493.904052734404
1366 5131.216796874989 1493.904052734404
1367 5148.904233937748 1486.581724172167
1368 5156.2265625 1468.894287109404
1369 5156.2265625 1248.811279296904
1370 5560.877441406246 1248.8110961914354
1371 5965.528320312496 1248.8109130859957
1372 5980.534179687496 1263.8167724609957
1373 5980.534179687496 1443.9642333984957
1374 5964.154734361549 1451.9294022570248
1375 5957.526367187496 1468.8939208984957
1376 5964.848695749763 1486.5813579612004
1377 5982.536132812496 1493.9036865233793
1378 6031.554687499996 1493.903564453096
1379 6049.241493135622 1486.5808903861616
1380 6056.563476562489 1468.8937988281832
1381 6056.563476562489 1248.810791015596
1382 6431.704101562489 1248.8106079101854
1383 6806.844726562496 1248.810424804804
1384 6821.850585937496 1263.8153076171875
1385 6821.850585937496 1423.9559326171875
1386 6805.470854135809 1431.920432191051
1387 6798.841796874996 1448.8846435546875
1388 6806.164125437233 1466.5720806174504
1389 6823.851562499996 1473.8944091796875
1390 6870.869140624996 1473.8944091796875
1391 6888.555946260643 1466.571735112695
1392 6895.877929687496 1448.8846435546875
1393 6895.877929687496 1248.810424804804
1394 7268.191406249996 1248.8102416992479
1395 7640.504882812496 1248.8100585936918
1396 7647.200679091013 1273.8235413488874
1397 7665.510800584609 1292.1333053625713
1398 7690.524414062496 1298.828613281279
1399 7690.524576822911 1672.635579427093
1400 7690.524739583332 2046.4425455728779
1401 7154.975585937496 1867.0427246094914
1402 7152.948620624902 1838.565469744848
1403 7146.887645026629 1810.6669535154651
1404 7136.916161010904 1783.9156518737145
1405 7123.237353178152 1758.8566644784005
1406 7106.129948656588 1736.000607435708
1407 7085.942537600549 1715.8132086964324
1408 7063.086470120241 1698.7058181198663
1409 7038.027474379192 1685.027025576128
1410 7011.276166653628 1675.0555578819767
1411 6983.37764672632 1668.9945993051806
1412 6954.900390624996 1666.9676513671875
1413 6554.750976562496 1666.9677734375
1414 6526.273698482317 1668.9947245154472
1415 6498.375157920022 1675.055692426773
1416 6471.623832205751 1685.0271752682165
1417 6446.564822334531 1698.7059881480818
1418 6423.708745662701 1715.8134034028626
1419 6403.52133126363 1736.000830118719
1420 6386.413929953833 1758.8569172281714
1421 6372.735132363025 1783.9159354451112
1422 6362.7636658431475 1810.6672672432032
1423 6356.70271495335 1838.5658115034166
1424 6354.675781249996 1867.0430908202834
1425 6356.702746562591 1895.5203456849267
1426 6362.763722160864 1923.4188619143097
1427 6372.735206176589 1950.1701635560603
1428 6386.4140140093405 1975.2291509513743
1429 6403.521418530905 1998.0852079940669
1430 6423.7088295869435 2018.2726067333424
1431 6446.564897067252 2035.3799973099085
1432 6471.6238928083 2049.058789853647
1433 6498.375200533865 2059.030257547798
1434 6526.273720461173 2065.091216124594
1435 6554.750976562496 2067.1181640625873
1436 6954.900390624996 2067.117919921904
1437 6983.377657715737 2065.090970413934
1438 7011.276187960528 2059.030007169902
1439 7038.0275046804345 2049.05853190209
1440 7063.0865074865615 2035.3797291903174
1441 7085.942579562619 2018.2723262746586
1442 7106.129992290178 1998.0849135470926
1443 7123.237395205859 1975.2288414710492
1444 7136.916197917646 1950.1698386649077
1445 7146.887673185458 1923.4185219450155
1446 7152.948636429512 1895.5199917002174
1447 6230.629394531246 2377.734619140683
1448 6252.391205713615 2371.9094945248507
1449 6268.320871477936 2355.9798287604935
1450 6274.145996093746 2334.218017578096
1451 6268.320545723003 2312.456619205157
1452 6252.390923629984 2296.527354591177
1453 6230.629394531246 2290.702392578183
1454 6208.867865432501 2296.527354591177
1455 6192.938243339482 2312.456619205157
1456 6187.112792968739 2334.218017578096
1457 6192.937917584557 2355.9798287604644
1458 6208.867583348878 2371.9094945248216
1459 7261.015624999996 1586.937255859404
1460 7287.051790394875 1581.7659152499982
1461 7309.124324675682 1567.0204785799724
1462 7323.869721736981 1544.9479178387846
1463 7329.041015624996 1518.9117431640916
1464 7323.869651614677 1492.8756434705865
1465 7309.124238299981 1470.8031656043604
1466 7287.051733973374 1456.0577918983763
1467 7261.015624999996 1450.886474609404
1468 7234.979487815905 1456.0578035586223
1469 7212.9069685122195 1470.8032087466272
1470 7198.1615633242145 1492.875728050305
1471 7192.990234374996 1518.911865234404
1472 7198.1615633242145 1544.9480024185032
1473 7212.9069685122195 1567.020521722181
1474 7234.979487815905 1581.765926910186
1475 5385.3125 1575.4342041015916
1476 5414.588982966248 1572.1449566622323
1477 5442.398473661022 1562.4205630622455
1478 5467.345159749097 1546.7491094980796
1479 5488.176918617126 1525.9171766531945
1480 5503.848163838826 1500.9703596860636
1481 5513.572325187903 1473.1607877791103
1482 5516.861328125 1443.884277343779
1483 5513.572092190938 1414.607967529213
1484 5503.84778524813 1386.7986301787896
1485 5488.176483399613 1361.8520535046118
1486 5467.344750457141 1341.020339892886
1487 5442.398159240838 1325.3490611934976
1488 5414.588812866779 1315.6247800562705
1489 5385.3125 1312.3355712890916
1490 5356.036009626732 1315.62459752601
1491 5328.226461175473 1325.3487734345545
1492 5303.279668237683 1341.0200243189465
1493 5282.447757316138 1361.8517805944139
1494 5266.776321238478 1386.7984571952547
1495 5257.051938884728 1414.6079334578826
1496 5253.7626953125 1443.8843994140916
1497 5257.051752486284 1473.161025867128
1498 5266.776018364584 1500.9706897754222
1499 5282.4474091407355 1525.9175586110796
1500 5303.279340803008 1546.7494902733597
1501 5328.226209638684 1562.4208810495038
1502 5356.03587354696 1572.1451469278254
1503 5790.463867187496 1431.8802490234957
1504 5815.977762704602 1425.0508038297703
1505 5834.6539532437855 1406.3746132905944
1506 5841.483398437496 1380.8607177734957
1507 5834.653627487332 1355.3472350660886
1508 5815.9774806198 1336.6714456778427
1509 5790.463867187496 1329.8421630859957
1510 5764.950666562818 1336.6717714306724
1511 5746.27492084468 1355.3475171488244
1512 5739.445312499996 1380.8607177734957
1513 5746.274595091829 1406.3743312057923
1514 5764.950384480097 1425.0504780733318
1515 5610.396484375 1427.878417968779
1516 5633.908990288699 1421.5845451542118
1517 5651.120189685425 1404.3733457574854
1518 5657.4140625 1380.860839843779
1519 5651.120189685425 1357.3483339300728
1520 5633.908990288699 1340.1371345333464
1521 5610.396484375 1333.843261718779
1522 5586.883978461301 1340.1371345333464
1523 5569.672779064575 1357.3483339300728
1524 5563.37890625 1380.860839843779
1525 5569.672779064575 1404.3733457574854
1526 5586.883978461301 1421.5845451542118
GTSP_SET_SECTION
1 1 -1
2 2 3 4 5 6 7 8 9 10 11 -1
3 12 13 14 15 16 17 18 19 20 21 -1
4 22 23 24 25 26 27 28 29 30 31 -1
5 32 33 34 35 36 37 38 39 40 41 -1
6 42 43 44 45 46 47 48 49 50 51 -1
7 52 53 54 55 56 57 58 59 60 61 62 63 64 65 66 67 68 -1
8 69 70 71 72 73 74 75 76 77 -1
9 78 79 80 81 82 83 84 85 86 -1
10 87 88 89 90 91 92 93 94 95 -1
11 96 97 98 99 100 101 102 103 104 105 106 107 108 109 110 111 112 -1
12 113 114 115 116 117 118 119 120 121 -1
13 122 123 124 125 126 127 128 129 130 -1
14 131 132 133 134 135 136 137 138 139 -1
15 140 141 142 143 144 145 146 147 148 -1
16 149 150 151 152 153 154 155 156 157 -1
17 158 159 160 161 162 163 164 165 166 -1
18 167 168 169 170 171 172 173 174 175 -1
19 176 177 178 179 180 181 182 183 184 -1
20 185 186 187 188 189 190 191 192 193 194 -1
21 195 196 197 198 199 200 201 202 203 204 -1
22 205 206 207 208 209 210 211 212 213 214 -1
23 215 216 217 218 219 220 221 222 223 224 -1
24 225 226 227 228 229 230 231 232 233 234 -1
25 235 236 237 238 239 240 241 242 243 244 -1
26 245 246 247 248 249 250 251 252 253 254 -1
27 255 256 257 258 259 260 261 262 263 264 -1
28 265 266 267 268 269 270 271 272 273 274 -1
29 275 276 277 278 279 280 281 282 283 284 -1
30 285 286 287 288 289 290 291 292 293 294 -1
31 295 296 297 298 299 300 301 302 303 304 -1
32 305 306 307 308 309 310 311 312 313 314 -1
33 315 316 317 318 319 320 321 322 323 324 -1
34 325 326 327 328 329 330 331 332 333 334 -1
35 335 336 337 338 339 340 341 342 343 344 -1
36 345 346 347 348 349 350 351 352 353 354 -1
37 355 356 357 358 359 360 361 362 363 364 -1
38 365 366 367 368 369 370 371 372 373 374 -1
39 375 376 377 378 379 380 381 382 383 384 -1
40 385 386 387 388 389 390 391 392 393 394 -1
41 395 396 397 398 399 400 401 402 403 404 -1
42 405 406 407 408 409 410 411 412 413 414 -1
43 415 416 417 418 419 420 421 422 423 424 425 426 427 428 429 430 431 432 433 434 435 436 437 438 439 440 441 442 443 444 445 446 447 448 449 450 451 452 453 454 455 456 457 458 459 460 461 462 463 464 465 466 467 468 469 470 471 472 473 474 475 476 477 478 479 480 481 482 483 484 485 486 487 488 489 490 491 492 493 494 495 496 497 498 499 500 501 502 503 504 505 506 507 508 509 510 511 512 513 514 515 516 517 518 519 520 521 522 523 524 525 526 527 528 529 530 531 532 533 534 535 536 537 538 539 540 541 542 543 544 545 546 547 548 549 550 551 552 553 554 555 556 557 558 559 560 561 562 563 564 565 566 567 568 569 570 571 572 573 574 575 576 577 578 579 580 581 582 583 584 585 586 587 588 589 590 591 592 593 594 595 596 597 598 599 600 601 602 603 604 605 606 607 608 609 -1
44 610 611 612 613 614 615 616 617 618 619 620 621 -1
45 622 623 624 625 626 627 628 629 630 631 632 633 -1
46 634 635 636 637 638 639 640 641 642 643 644 645 646 647 648 649 650 651 652 653 654 655 656 657 658 659 660 661 -1
47 662 663 664 665 666 667 668 669 670 671 672 673 674 675 676 677 -1
48 678 679 680 681 682 683 684 685 686 687 688 689 -1
49 690 691 692 693 694 695 696 697 698 699 700 701 -1
50 702 703 704 705 706 707 708 709 710 711 712 713 714 715 716 717 718 719 720 721 722 723 724 725 726 727 728 729 730 731 732 733 734 735 736 737 738 739 740 741 742 743 744 745 746 747 748 749 750 751 752 753 754 755 756 757 758 759 760 761 762 763 764 765 766 767 768 769 770 771 772 773 774 775 776 777 778 779 780 781 782 783 784 785 786 787 788 789 790 791 792 793 794 795 796 797 798 799 800 801 802 803 804 805 806 807 808 809 810 811 812 813 814 815 816 817 818 819 -1
51 820 821 822 823 824 825 826 827 828 829 830 831 832 833 834 835 836 837 838 839 840 841 842 843 844 845 846 847 848 849 850 851 852 853 854 855 856 857 858 859 860 861 862 863 864 865 -1
52 866 867 868 869 870 871 872 873 874 875 876 877 878 879 880 881 882 883 -1
53 884 885 886 887 888 889 890 891 892 893 894 895 896 897 898 899 -1
54 900 901 902 903 904 905 906 907 908 909 910 911 912 913 914 915 916 917 918 919 920 921 922 923 924 925 926 927 -1
55 928 929 930 931 932 933 934 935 936 937 938 939 940 941 942 943 -1
56 944 945 946 947 948 949 950 951 952 953 954 955 -1
57 956 957 958 959 960 961 962 963 964 965 966 967 -1
58 968 969 970 971 972 973 974 975 976 977 978 979 980 981 982 983 984 985 986 987 988 989 990 991 992 993 994 995 996 997 998 999 1000 1001 1002 1003 1004 1005 1006 1007 1008 1009 1010 1011 1012 1013 1014 1015 1016 1017 1018 1019 1020 1021 1022 1023 1024 1025 1026 1027 1028 1029 1030 1031 1032 1033 1034 1035 1036 1037 1038 1039 1040 1041 1042 1043 1044 1045 1046 1047 1048 1049 1050 1051 1052 1053 1054 1055 1056 1057 1058 1059 1060 1061 1062 1063 1064 1065 1066 1067 1068 1069 1070 1071 1072 1073 1074 1075 1076 1077 1078 1079 1080 1081 1082 1083 1084 1085 1086 1087 1088 1089 1090 1091 1092 1093 1094 1095 1096 1097 1098 1099 1100 1101 1102 1103 1104 1105 1106 1107 1108 1109 1110 1111 1112 1113 1114 1115 1116 1117 1118 1119 1120 1121 1122 1123 1124 1125 1126 1127 1128 1129 1130 1131 1132 1133 1134 1135 1136 1137 1138 1139 1140 1141 1142 1143 1144 1145 1146 1147 1148 1149 1150 1151 1152 1153 1154 1155 1156 1157 1158 1159 1160 1161 1162 -1
59 1163 1164 1165 1166 1167 1168 1169 1170 1171 1172 1173 1174 1175 1176 1177 1178 1179 1180 -1
60 1181 1182 1183 1184 1185 1186 1187 1188 1189 1190 1191 1192 1193 1194 1195 1196 1197 1198 -1
61 1199 1200 1201 1202 1203 1204 1205 1206 1207 1208 1209 1210 1211 1212 1213 1214 1215 1216 1217 1218 1219 1220 1221 1222 1223 1224 1225 1226 -1
62 1227 1228 1229 1230 1231 1232 1233 1234 1235 1236 1237 1238 1239 1240 1241 1242 -1
63 1243 1244 1245 1246 1247 1248 1249 1250 1251 1252 1253 1254 1255 1256 1257 1258 -1
64 1259 1260 1261 1262 1263 1264 1265 1266 1267 1268 1269 1270 -1
65 1271 1272 1273 1274 1275 1276 1277 1278 1279 1280 1281 1282 -1
66 1283 1284 1285 1286 1287 1288 1289 1290 1291 1292 1293 1294 1295 1296 1297 1298 1299 1300 1301 1302 1303 1304 1305 1306 1307 1308 1309 1310 1311 1312 1313 1314 1315 1316 1317 1318 1319 1320 1321 1322 1323 1324 1325 1326 1327 1328 1329 1330 1331 1332 1333 1334 1335 1336 1337 1338 1339 1340 1341 1342 1343 1344 1345 1346 1347 1348 1349 1350 1351 1352 1353 1354 1355 1356 1357 1358 1359 1360 1361 1362 1363 1364 1365 1366 1367 1368 1369 1370 1371 1372 1373 1374 1375 1376 1377 1378 1379 1380 1381 1382 1383 1384 1385 1386 1387 1388 1389 1390 1391 1392 1393 1394 1395 1396 1397 1398 1399 1400 -1
67 1401 1402 1403 1404 1405 1406 1407 1408 1409 1410 1411 1412 1413 1414 1415 1416 1417 1418 1419 1420 1421 1422 1423 1424 1425 1426 1427 1428 1429 1430 1431 1432 1433 1434 1435 1436 1437 1438 1439 1440 1441 1442 1443 1444 1445 1446 -1
68 1447 1448 1449 1450 1451 1452 1453 1454 1455 1456 1457 1458 -1
69 1459 1460 1461 1462 1463 1464 1465 1466 1467 1468 1469 1470 1471 1472 1473 1474 -1
70 1475 1476 1477 1478 1479 1480 1481 1482 1483 1484 1485 1486 1487 1488 1489 1490 1491 1492 1493 1494 1495 1496 1497 1498 1499 1500 1501 1502 -1
71 1503 1504 1505 1506 1507 1508 1509 1510 1511 1512 1513 1514 -1
72 1515 1516 1517 1518 1519 1520 1521 1522 1523 1524 1525 1526 -1
GTSP_SET_ORDERING
20 51 50 -1
21 51 50 -1
22 51 50 -1
23 51 50 -1
24 51 50 -1
25 51 50 -1
26 51 50 -1
27 51 50 -1
28 51 50 -1
29 51 50 -1
30 51 50 -1
31 51 50 -1
32 67 66 -1
33 67 66 -1
34 67 66 -1
35 67 66 -1
36 67 66 -1
37 67 66 -1
38 67 66 -1
39 67 66 -1
40 67 66 -1
41 67 66 -1
42 67 66 -1
44 43 -1
45 43 -1
46 43 -1
47 43 -1
48 43 -1
49 43 -1
51 50 -1
52 50 -1
53 50 -1
54 50 -1
55 50 -1
56 50 -1
57 50 -1
59 58 -1
60 58 -1
61 58 -1
62 58 -1
63 58 -1
64 58 -1
65 58 -1
67 66 -1
68 66 -1
69 66 -1
70 66 -1
71 66 -1
72 66 -1
EOF