NAME: Lc72v2092
TYPE: PCGTSP 
COMMENT: 
DIMENSION: 2093
GTSP_SETS: 73
EDGE_WEIGHT_TYPE: EUC_2D
NODE_COORD_SECTION
1 0.0 0.0
2 825.0001831054688 2282.0000000001164
3 675.0001831054688 2282.0000000001164
4 675.0000610351599 1912.0
5 696.2132711745799 1903.2132101393072
6 705.0000610351599 1881.9999999998254
7 696.2132711745326 1860.78678986046
8 675.0000610351599 1851.9999999998836
9 675.0 1481.9999999998836
10 825.0 1481.9999999998836
11 825.0000610351599 1851.9999999998836
12 803.7868508957872 1860.78678986046
13 795.0000610351599 1881.9999999998254
14 803.7868508957399 1903.2132101393072
15 825.0000610351599 1912.0
16 1460.0 1283.0
17 1090.0 1283.0
18 1081.2132101394454 1261.78678986046
19 1060.0 1252.999999999709
20 1038.7867898605546 1261.78678986046
21 1030.0 1283.0
22 660.0 1283.0
23 660.0 1132.9999999998254
24 1030.0 1132.9999999998254
25 1038.78678986058 1154.2132101393072
26 1060.0 1163.0
27 1081.21321013942 1154.2132101393072
28 1090.0 1132.9999999998254
29 1460.0 1132.9999999998254
30 1514.0 1122.9999999998836
31 1144.0 1122.9999999998836
32 1135.213210139369 1101.7867898605764
33 1114.0 1093.0
34 1092.786789860631 1101.7867898605764
35 1084.0 1122.9999999998836
36 714.0 1122.9999999998836
37 714.0 972.9999999995925
38 1084.0 972.9999999995925
39 1092.7867898605327 994.2132101391908
40 1114.0 1003.0
41 1135.2132101394673 994.2132101391908
42 1144.0 972.9999999995925
43 1514.0 972.9999999995925
44 1658.0 962.9999999998836
45 1288.0 962.9999999998836
46 1279.213210139369 941.7867898605764
47 1258.0 933.0
48 1236.786789860631 941.7867898605764
49 1228.0 962.9999999998836
50 858.0 962.9999999998836
51 858.0 813.0
52 1228.0 813.0
53 1236.7867898606528 834.2132101393072
54 1258.0 842.9999999998254
55 1279.2132101393472 834.2132101393072
56 1288.0 813.0
57 1658.0 813.0
58 1968.0 953.0
59 1848.0 953.0
60 1848.0 922.999999999709
61 1845.0710678118412 915.9289321879041
62 1838.0 912.9999999998836
63 1798.0 912.9999999998836
64 1790.9289321881588 915.9289321879041
65 1788.0 922.999999999709
66 1788.0 953.0
67 1668.0 953.0
68 1668.0 792.9999999998836
69 1788.0 792.9999999998836
70 1788.0 822.9999999998836
71 1790.9289321881806 830.0710678116302
72 1798.0 832.999999999709
73 1838.0 832.999999999709
74 1845.0710678118194 830.0710678116302
75 1848.0 822.9999999998836
76 1848.0 792.9999999998836
77 1968.0 792.9999999998836
78 1968.0 1122.9999999998836
79 1848.0 1122.9999999998836
80 1848.0 1093.0
81 1845.0710678118885 1085.9289321880788
82 1838.0 1082.9999999998836
83 1798.0 1082.9999999998836
84 1790.9289321881115 1085.9289321880788
85 1788.0 1093.0
86 1788.0 1122.9999999998836
87 1668.0 1122.9999999998836
88 1668.0 962.9999999998836
89 1788.0 962.9999999998836
90 1788.0 992.9999999998254
91 1790.9289321881079 1000.0710678117466
92 1798.0 1003.0
93 1838.0 1003.0
94 1845.0710678118921 1000.0710678117466
95 1848.0 992.9999999998254
96 1848.0 962.9999999998836
97 1968.0 962.9999999998836
98 2270.0 1283.0
99 1900.0 1283.0
100 1891.2132101394454 1261.78678986046
101 1870.0 1252.999999999709
102 1848.7867898605546 1261.78678986046
103 1840.0 1283.0
104 1470.0 1283.0
105 1470.0 1132.9999999998254
106 1840.0 1132.9999999998254
107 1848.78678986058 1154.2132101393072
108 1870.0 1163.0
109 1891.21321013942 1154.2132101393072
110 1900.0 1132.9999999998254
111 2270.0 1132.9999999998254
112 2355.607421875 1275.4675292969332
113 2340.6025390625 1275.4675292969332
114 2338.052102723799 1246.3534604908782
115 2334.086987352519 1217.3981226746691
116 2328.7166005563704 1188.6702150999918
117 2321.9536840811706 1160.2378974190215
118 2313.8142835798644 1132.1686279693386
119 2304.317710542713 1104.5290037224768
120 2293.4864964789704 1077.3846022763755
121 2281.346339458767 1050.7998262667097
122 2267.926043142026 1024.8377505652024
123 2253.25744843909 999.5599726288347
124 2237.3753579651784 975.026466353971
125 2220.317453467913 951.2954397827853
126 2202.124206423843 928.4231969991233
127 2182.8387820160897 906.4640045419219
128 2162.5069367208853 885.469962652598
129 2141.17690974606 865.4908816623501
130 2118.8993085789953 846.5741638127947
131 2095.7269889156196 828.7646907891612
132 2071.7149292553186 812.1047172348481
133 2046.920100459305 796.6337704979815
134 2021.401330581888 782.3885568490368
135 1995.2191652954243 769.4028743921081
136 1968.4357242400329 757.7075328754145
137 1941.1145536389267 747.330280592374
138 1913.320475529039 738.2957385463524
139 1885.1194339646863 730.6253420347348
140 1856.5783385590948 724.3372897919035
141 1827.7649057350936 719.4465008108527
142 1798.7474980615589 715.9645789467613
143 1769.594962056799 713.8997853853507
144 1740.37646484375 713.2570190429105
145 1440.76416015625 713.2572631834191
146 1141.15185546875 713.2575073239277
147 1112.0652582095536 714.0933514831122
148 1083.0765410666972 716.619822141598
149 1054.2838863640682 720.8283623579191
150 1025.784812378708 726.704718163528
151 997.6758430547088 734.2289868402295
152 970.0521810847749 743.3756843287847
153 943.007385466819 754.1138315414428
154 916.6330546275567 766.4070592851494
155 891.018516186421 780.2137314411812
156 866.2505244104977 795.4870859831572
157 842.4129663851854 812.1753933558939
158 819.5865778957632 830.2221316791256
159 797.8486699821369 849.5661781822564
160 777.2728670929064 870.1420162220602
161 757.9288577256302 891.8799571819254
162 739.8821583977624 914.706376501359
163 723.1938917478074 938.5439630360343
164 707.9205795181188 963.31198090408
165 694.1139511205402 988.926542931702
166 681.8207684333101 1015.3008947719936
167 671.0826674225245 1042.3457087343559
168 661.9360171246663 1069.9693863299908
169 654.4117964677644 1098.078368507966
170 648.5354893484 1126.5774525321322
171 644.3269983198952 1155.3701144243823
172 641.8005771840762 1184.358835883264
173 640.9647827148401 1213.4454345703125
174 640.965148925774 1678.1194458007812
175 640.9655151367078 2142.793457031308
176 641.8038072466989 2171.9786925124354
177 644.5329587028427 2201.048134132114
178 649.1414803744992 2229.879405899963
179 655.6099713935291 2258.3511344686267
180 663.911200827708 2286.343460088945
181 674.0102223169852 2313.73854119319
182 685.8645211900221 2340.421050482604
183 699.4241934416495 2366.278660429758
184 714.6321558178315 2391.2025161530473
185 731.4243861236537 2415.0876936719287
186 749.7301927427761 2437.8336416137754
187 769.4725122336786 2459.3446045134333
188 790.5682337498693 2479.5300259225187
189 812.9285489183858 2498.3049296324025
190 836.4593257036286 2515.5902774053975
191 861.0615046826097 2531.3133017085493
192 886.6315160634767 2545.4078120488557
193 913.0617156916815 2557.814473620907
194 940.2408382083086 2568.4810570934787
195 968.0544654529185 2577.3626584833255
196 996.385508138952 2584.421888191486
197 1025.1146987740321 2589.629028405121
198 1054.12109375 2592.962158202892
199 1054.12109375 2610.969482421817
200 556.9346008300745 2610.9698486327543
201 59.748107910148974 2610.970214843692
202 59.748104095458984 2607.9692382811336
203 53.05262710408715 2582.955820464471
204 34.742869648071064 2564.645897883689
205 9.729512214660645 2557.9501953125
206 9.729228496547876 2193.813781738165
207 9.728944778438745 1829.6773681638297
208 229.8109741210901 1829.6771240234957
209 247.49857407686795 1822.3546174972435
210 254.8207244872974 1804.6668701168965
211 254.8206787109375 1753.6478271484957
212 247.49799925118714 1735.961016114219
213 229.81089782714844 1728.639038085821
214 212.84700669246376 1735.267741814896
215 204.8822021484375 1751.6468505858793
216 24.73376655578977 1751.647094726679
217 9.728872299190698 1736.6422119137133
218 9.728570461269555 1349.4971618650015
219 9.728268623348413 962.3521118162898
220 209.80249023436772 962.3519897460355
221 227.4899390257233 955.0296342143556
222 234.81224060058958 937.3421630857047
223 234.81219482421875 889.3245849608211
224 227.48983927470545 871.6371819638298
225 209.8024139404297 864.3148803710355
226 192.8382122308576 870.943942809361
227 184.87371826171875 887.3236694331863
228 24.73309326171875 887.3237915039062
229 9.728199005119677 872.3179321287898
230 9.727888584133325 473.66852569568437
231 9.72757816315061 75.0191192625789
232 34.74077277156175 68.32346650940599
233 53.05047867286703 50.01373302919092
234 59.74609375 25.00052833551308
235 398.373046875 25.00026416766923
236 737.0 24.999999999883585
237 737.0001831054688 225.0751953125
238 744.3225174285581 242.761645584309
239 762.0089721679688 250.08396911632735
240 810.0275268554688 250.08392333972733
241 827.713992391411 242.76158902194584
242 835.0363159179688 225.07511901838006
243 828.4079211468234 208.1105906200828
244 812.0284423828089 200.14544677722733
245 812.0283203125 40.00482559198281
246 827.033203125 24.99992942798417
247 1182.16650390625 24.999652862548828
248 1537.2998046875 24.999376297113486
249 1537.2999267578089 225.0745697019156
250 1544.6226062231945 242.7613654715242
251 1562.3096923828089 250.08334350551013
252 1610.3272705078089 250.08329772943398
253 1628.0143674641877 242.7613089098013
254 1635.3370361328089 225.07449340820312
255 1628.7083050770161 208.10967383970274
256 1612.3282470703089 200.1448211669922
257 1612.328125 40.00419998168945
258 1627.333984375 24.999305724806618
259 1966.4609375 24.99904155707918
260 2305.587890625 24.998777389293537
261 2312.2835363896484 50.011962739226874
262 2330.5932551114347 68.32166819513077
263 2355.6064453125 75.0172958371113
264 2355.606770833332 475.16737365705194
265 2355.607096354168 875.3174514769926
266 3019.0002441406177 2091.9999999998254
267 2869.0002441406177 2091.9999999998254
268 2869.0 1721.9999999998836
269 2890.2132101393945 1713.213210139249
270 2899.0 1691.9999999998836
271 2890.2132101393945 1670.7867898605182
272 2869.0 1661.9999999998836
273 2869.0 1291.9999999998836
274 3019.0 1291.9999999998836
275 3019.0 1661.9999999998836
276 2997.7867898606055 1670.7867898605182
277 2989.0 1691.9999999998836
278 2997.7867898606055 1713.213210139249
279 3019.0 1721.9999999998836
280 3189.0 1591.9999999998836
281 3029.0 1591.9999999998836
282 3029.0 1472.0
283 3059.0 1472.0
284 3066.071067811892 1469.0710678117466
285 3069.0 1461.9999999998254
286 3069.0 1421.9999999998836
287 3066.0710678118667 1414.9289321880206
288 3059.0 1411.9999999998836
289 3029.0 1411.9999999998836
290 3029.0 1291.9999999998836
291 3189.0 1291.9999999998836
292 3189.0 1411.9999999998836
293 3158.999999999989 1411.9999999998836
294 3151.9289321881333 1414.9289321880206
295 3149.0 1421.9999999998836
296 3149.0 1461.9999999998254
297 3151.928932188108 1469.0710678117466
298 3158.999999999989 1472.0
299 3189.0 1472.0
300 3213.0 1282.0
301 2843.0 1282.0
302 2834.213210139442 1260.7867898605182
303 2813.0 1251.9999999998254
304 2791.786789860558 1260.7867898605182
305 2783.0 1282.0
306 2413.0 1282.0
307 2413.0 1131.9999999998836
308 2783.0 1131.9999999998836
309 2791.78678986058 1153.2132101393072
310 2813.0 1162.0
311 2834.21321013942 1153.2132101393072
312 2843.0 1131.9999999998836
313 3213.0 1131.9999999998836
314 3287.0 1122.0
315 2917.0 1122.0
316 2908.2132101393945 1100.7867898606346
317 2887.0 1092.0
318 2865.7867898606055 1100.7867898606346
319 2857.0 1122.0
320 2487.0 1122.0
321 2487.0 971.999999999709
322 2857.0 971.999999999709
323 2865.7867898605327 993.213210139249
324 2887.0 1002.0
325 2908.2132101394673 993.213210139249
326 2917.0 971.999999999709
327 3287.0 971.999999999709
328 3444.0 961.9999999998836
329 3074.0 961.9999999998836
330 3065.213210139369 940.7867898605764
331 3044.0 932.0
332 3022.786789860631 940.7867898605764
333 3014.0 961.9999999998836
334 2644.0 961.9999999998836
335 2644.0 811.999999999709
336 3014.0 811.999999999709
337 3022.7867898605327 833.213210139249
338 3044.0 842.0
339 3065.2132101394673 833.213210139249
340 3074.0 811.999999999709
341 3444.0 811.999999999709
342 3607.0002441406177 1508.9999999998254
343 3457.0002441406177 1508.9999999998254
344 3457.0 1138.999999999709
345 3478.213210139347 1130.2132101391908
346 3487.0 1108.9999999998836
347 3478.213210139369 1087.7867898605764
348 3457.0 1079.0
349 3457.0 709.0
350 3607.0 709.0
351 3607.0 1079.0
352 3585.786789860631 1087.7867898605764
353 3577.0 1108.9999999998836
354 3585.786789860653 1130.2132101391908
355 3607.0 1138.999999999709
356 3767.0002441406177 1545.9999999998254
357 3617.0002441406177 1545.9999999998254
358 3617.0 1176.0
359 3638.21321013942 1167.2132101393072
360 3647.0 1145.9999999998836
361 3638.2132101393945 1124.7867898605182
362 3617.0 1115.9999999998836
363 3617.0 745.9999999998836
364 3767.0 745.9999999998836
365 3767.0 1115.9999999998836
366 3745.7867898606055 1124.7867898605182
367 3737.0 1145.9999999998836
368 3745.78678986058 1167.2132101393072
369 3767.0 1176.0
370 3447.0002441406177 1782.9999999998836
371 3297.0002441406177 1782.9999999998836
372 3297.0 1412.999999999709
373 3318.2132101393436 1404.2132101391908
374 3326.999999999989 1382.9999999998836
375 3318.21321013934 1361.7867898606346
376 3297.0 1353.0000000001164
377 3297.0 982.9999999998836
378 3447.0 982.9999999998836
379 3447.0 1353.0000000001164
380 3425.786789860653 1361.7867898606346
381 3417.0 1382.9999999998836
382 3425.786789860653 1404.2132101391908
383 3447.0 1412.999999999709
384 1854.0 2053.0
385 1694.0 2053.0
386 1694.0 1933.0
387 1724.0 1933.0
388 1731.0710678118885 1930.0710678118048
389 1734.0 1922.9999999998836
390 1733.9998779296875 1882.9999999995925
391 1731.0709457414814 1875.9289321879041
392 1723.9998779296802 1872.9999999998836
393 1693.9998779296875 1872.9999999998836
394 1693.9998779296875 1752.9999999998254
395 1853.9998779296875 1752.9998779296875
396 1853.9998779296875 1872.9998779296875
397 1823.9998779296875 1872.9999999998836
398 1816.9288101178936 1875.9289321879041
399 1813.9998779296875 1882.9999999995925
400 1814.0 1922.9999999998836
401 1816.9289321881115 1930.0710678118048
402 1824.0 1933.0
403 1854.0 1932.9998779296293
404 1685.0 2053.0
405 1525.0 2053.0
406 1525.0 1933.0
407 1555.0 1933.0
408 1562.0710678118885 1930.0710678118048
409 1565.0 1922.9999999998836
410 1565.0 1882.9999999995925
411 1562.071067811794 1875.9289321879041
412 1555.0 1872.9999999998836
413 1525.0 1872.9999999998836
414 1525.0 1752.9999999998254
415 1685.0 1752.9999999998254
416 1685.0 1872.9999999998836
417 1655.0 1872.9999999998836
418 1647.928932188206 1875.9289321879041
419 1645.0 1882.9999999995925
420 1645.0 1922.9999999998836
421 1647.9289321881115 1930.0710678118048
422 1655.0 1933.0
423 1685.0 1933.0
424 3575.8518066406177 2497.264404296584
425 3561.0559082031177 2512.269287109084
426 3075.8889160156177 2512.2695312498254
427 2593.8078613281286 2512.269775390625
428 2578.8029785156177 2497.2639160155086
429 2578.8029785156177 2342.1652832030086
430 2602.961605922592 2334.8267254831153
431 2620.454332369409 2316.6196326604113
432 2626.8205566406177 2292.186767578183
433 2620.124922964482 2267.1735669091577
434 2601.8152026221105 2248.863846566761
435 2576.8020019531177 2242.168212890625
436 2558.7951660156177 2242.168212890625
437 2533.781965346625 2248.863846566761
438 2515.4722450042536 2267.1735669091577
439 2508.7766113281177 2292.186767578183
440 2508.7766113281177 2512.269775390625
441 2101.123840332024 2512.27001953125
442 1693.4710693359302 2512.270263671817
443 1678.4661865234375 2497.264404296584
444 1678.4660644531177 2342.165771484433
445 1702.6242817270322 2334.826905123249
446 1720.1166134494051 2316.619852856733
447 1726.4826660156177 2292.1872558592004
448 1719.7870323394418 2267.1740551902913
449 1701.4773119970705 2248.8643348479527
450 1676.4641113281177 2242.168701171817
451 1658.4572753906177 2242.168701171817
452 1633.444074721665 2248.8643348479527
453 1615.1343543792937 2267.1740551902913
454 1608.4387207031177 2292.1872558592004
455 1608.4388427734375 2512.270263671817
456 1229.5467224121057 2512.270385742304
457 850.6546020507776 2512.270507812733
458 835.6487426757776 2497.2626953123836
459 835.6485595703089 2100.780965169135
460 835.6483764648365 1704.2992350259447
461 835.6481933593677 1307.817504882696
462 850.6540527343677 1292.8126220700797
463 1114.5031738281177 1292.8124999998836
464 1378.3522949218677 1292.8123779296293
465 1381.2815718380625 1299.886721332674
466 1388.3562011718677 1302.8153076171293
467 1408.3630371093677 1302.8151855467004
468 1415.4376664431475 1299.8865992623032
469 1418.3669433593677 1292.8122558593168
470 1602.4362792968677 1292.8122558593168
471 1602.4364013671802 1512.8942871092004
472 1609.132035043338 1537.9074877781677
473 1627.441755385713 1556.2172081205645
474 1652.4549560546875 1562.9128417967004
475 1676.4637451171875 1562.9127197263879
476 1701.4769457861403 1556.217086050252
477 1719.7866661285116 1537.9073657079134
478 1726.4822998046875 1512.8941650390043
479 1720.1162472384967 1488.4615680414136
480 1702.6239155161238 1470.2545157748973
481 1678.4656982421875 1462.9156494137133
482 1678.4655761718677 1307.8170166013297
483 1693.4704589843677 1292.8121337891207
484 2098.1218261718677 1292.811950683652
485 2502.7731933593677 1292.8117675781832
486 2502.7731933593677 1512.8937988280086
487 2509.469030287786 1537.9073521058308
488 2527.779252069693 1556.2171270375839
489 2552.79296875 1562.9123535155086
490 2576.8017578125 1562.9123535155086
491 2601.814855279452 1556.2166384013253
492 2620.1244753345236 1537.906928976532
493 2626.8200683593677 1512.8937988280086
494 2620.4538440882206 1488.460933745664
495 2602.9611176414037 1470.2538409228437
496 2578.8024902343677 1462.915283202834
497 2578.8024902343677 1307.816650390334
498 2593.8073730468677 1292.8117675781832
499 2858.9069824218786 1292.811645507696
500 2858.9072265625 1692.9620361325215
501 2858.938437483008 1695.463794616633
502 2859.0322265625 1697.963989257696
503 2854.01953125 1697.963989257696
504 2828.424661621866 1704.7745342876879
505 2809.696774958549 1723.5027786264545
506 2802.88671875 1749.097778320196
507 2802.88671875 2050.9826660155086
508 2809.697224324158 2076.57721999404
509 2828.42515637782 2095.3049732103245
510 2854.0197753906177 2102.115234374709
511 2954.9436035156177 2102.115234374709
512 3055.8674316406177 2102.115234374709
513 3081.4619148368984 2095.3047692163964
514 3100.189657046416 2076.576937588281
515 3107.0 2050.982421874709
516 3107.0 1793.0
517 3566.0986328125 1792.9997558593168
518 3570.9230957031177 2141.361083984317
519 3556.1496582031177 2156.1354980467004
520 3371.0402832031286 2156.1354980467004
521 3363.7014782443002 2131.976695536112
522 3345.49399758608 2114.4840272133006
523 3321.0607910156177 2108.1181640625
524 3296.047590346643 2114.813797738636
525 3277.7378700042755 2133.1235180810327
526 3271.0422363281177 2158.13671875
527 3271.0422363281177 2176.143554687209
528 3277.7378700042536 2201.1567553562345
529 3296.047590346625 2219.4664756986313
530 3321.0607910156177 2226.1621093748254
531 3572.0979003906177 2226.161865234433
532 1426.3701171875 1910.0437011717004
533 1428.3970682654617 1938.5209792518872
534 1434.458036176773 1966.419519814197
535 1444.4295190182202 1993.1708455284825
536 1458.1083318980818 2018.2298553996952
537 1475.2157471528699 2041.0859320715535
538 1495.4031738687336 2061.2733464706107
539 1518.2592609781677 2078.3807477804366
540 1543.3182791951294 2092.059545371216
541 1570.0696109932178 2102.031011891144
542 1597.968155253442 2108.09196278092
543 1626.4454345703089 2110.118896484317
544 1826.5206298828089 2110.118652343517
545 1854.997884747423 2108.091687030974
546 1882.8964009767842 2102.030711432686
547 1909.6477026185203 2092.059227416932
548 1934.7066900138198 2078.380419584224
549 1957.5627470565123 2061.273015062674
550 1977.750145795766 2041.0856040066574
551 1994.8575363723394 2018.2295365263708
552 2008.536328916045 1993.1705407853588
553 2018.5077966102108 1966.4192330598016
554 2024.568755186996 1938.520713132515
555 2026.595703125 1910.0434570311918
556 2024.5686113759184 1881.5662999755586
557 2018.507536944111 1853.6678958695848
558 2008.5359829452718 1826.9167148530832
559 1994.857134144917 1801.8578507442144
560 1977.7497167763213 1779.0019139682408
561 1957.5623190923288 1758.814627135289
562 1934.7062883779472 1741.7073352714651
563 1909.6473491573452 1728.02862407238
564 1882.896113386305 1718.0572169675143
565 1854.9976759986785 1711.99629572907
566 1826.5205078125 1709.9693603513879
567 1626.4453125 1709.969482421584
568 1597.9681333244553 1711.9964193693595
569 1570.0696856193972 1718.0573452750687
570 1543.3184408540692 1728.0287599536823
571 1518.259494568436 1741.707481320831
572 1495.4034592583303 1758.8147855236894
573 1475.2160599028357 1779.00208634499
574 1458.1086441401167 1801.858038154256
575 1444.4298004606972 1826.9169176738942
576 1434.45825520972 1853.6681137685082
577 1428.3971931320666 1881.5665318899555
578 2268.6857910156177 2397.227050781308
579 2287.080334786202 2389.611828926776
580 2294.6955566406177 2371.2172851561336
581 2287.0803347861583 2352.8227413856075
582 2268.6857910156177 2345.2075195311336
583 2250.291247245077 2352.8227413856075
584 2242.6760253906177 2371.2172851561336
585 2250.2912472450334 2389.611828926776
586 2088.6184082031177 2399.227050781192
587 2111.2581775223043 2389.8548154310556
588 2120.6311035156177 2367.215332031308
589 2111.2581775223553 2344.5758486314444
590 2088.6184082031177 2335.2036132811336
591 2065.9792703085586 2344.5761941366945
592 2056.6066894531177 2367.215332031308
593 2065.9792703086096 2389.8544699258055
594 1908.5510253906177 2398.2270507811336
595 1928.5618597561188 2392.8708369664964
596 1943.2099482166159 2378.2231059857295
597 1948.5666503906177 2358.212402343692
598 1943.2102739767215 2338.201285890769
599 1928.5621418435658 2323.553153757588
600 1908.5510253906177 2318.196777343692
601 1888.5403217485364 2323.5534795176936
602 1873.8925907677476 2338.2015679781907
603 1868.5363769531177 2358.212402343692
604 1873.8929165232585 2378.2228239009855
605 1888.5406038333313 2392.870511210989
606 2273.6875 1588.9232177732047
607 2299.841738139359 1585.4882504495326
608 2324.2144929825736 1575.3980574623565
609 2345.1432201645002 1559.340923480573
610 2361.2003035756716 1538.4121574994642
611 2371.2904376702973 1514.0393782751635
612 2374.7253417968677 1487.8851318358793
613 2371.290216387697 1461.7310365688754
614 2361.199937170277 1437.3584484599414
615 2345.142788377394 1416.4298852398642
616 2324.214069960555 1400.3729387292988
617 2299.8413843268136 1390.2828950816183
618 2273.6872558593677 1386.8480224607047
619 2247.533298226186 1390.283111112425
620 2223.160819305973 1400.3732848080108
621 2202.2323115772197 1416.4302738835104
622 2186.1753477869934 1437.3588010119274
623 2176.0852035375938 1461.7312921228004
624 2172.6501464843677 1487.8852539061336
625 2176.0850559549 1514.0393978853826
626 2186.17514412335 1538.4120869268081
627 2202.232138735915 1559.3407938713208
628 2223.160748682465 1575.397914910398
629 2247.533376770938 1585.4881503100041
630 1288.3182373046875 1532.4031982421293
631 1313.0814379964831 1525.774551901326
632 1331.2081456513952 1507.647844246414
633 1337.8367919921875 1482.8846435546293
634 1331.2081456514388 1458.1214428627864
635 1313.0814379965232 1439.994735207758
636 1288.3182373046875 1433.3660888668965
637 1263.5550366128518 1439.994735207758
638 1245.4283289579362 1458.1214428627864
639 1238.7996826171875 1482.8846435546293
640 1245.4283289579798 1507.647844246414
641 1263.5550366128919 1525.774551901326
642 1413.3654785156177 2371.217529296817
643 1431.7600222861329 2363.602307442401
644 1439.3752441406177 2345.207763671933
645 1431.7600222861802 2326.813219901349
646 1413.3654785156177 2319.197998046817
647 1394.9709347450553 2326.813219901349
648 1387.3557128906177 2345.207763671933
649 1394.9709347451026 2363.602307442401
650 3734.0002441406177 2355.9999999998254
651 3584.0002441406286 2355.9999999998254
652 3584.0 1985.9999999998836
653 3605.2132101393945 1977.213210139249
654 3614.0 1955.9999999998836
655 3605.213210139347 1934.7867898606346
656 3584.0 1926.0000000001164
657 3584.0 1556.0
658 3734.0 1556.0
659 3734.0 1926.0000000001164
660 3712.786789860653 1934.7867898606346
661 3704.0 1955.9999999998836
662 3712.7867898606055 1977.213210139249
663 3734.0 1985.9999999998836
664 3894.0002441406177 2463.999999999709
665 3744.0002441406286 2463.999999999709
666 3744.0 2094.0000000001164
667 3765.2132101394673 2085.2132101393654
668 3774.0 2063.9999999998254
669 3765.2132101393727 2042.78678986046
670 3744.0 2033.9999999998836
671 3744.0 1663.999999999709
672 3893.999999999989 1663.999999999709
673 3893.999999999989 2033.9999999998836
674 3872.7867898606237 2042.78678986046
675 3864.0 2063.9999999998254
676 3872.7867898605327 2085.2132101393654
677 3893.999999999989 2094.0000000001164
678 4064.0 2196.999999999709
679 3904.0 2196.999999999709
680 3904.0 2076.9999999998836
681 3934.0 2076.9999999998836
682 3941.071067811841 2074.071067811805
683 3944.0 2067.0
684 3944.0 2026.9999999998836
685 3941.071067811841 2019.9289321880788
686 3934.0 2017.0
687 3904.0 2017.0
688 3904.0 1897.0000000001164
689 4064.0 1897.0000000001164
690 4064.0 2017.0
691 4034.0 2017.0
692 4026.928932188159 2019.9289321880788
693 4024.0 2026.9999999998836
694 4024.0 2067.0
695 4026.928932188159 2074.071067811805
696 4034.0 2076.9999999998836
697 4064.0 2076.9999999998836
698 3927.0002441406286 1654.0
699 3777.0002441406177 1654.0
700 3777.0 1283.9999999998254
701 3798.213210139347 1275.2132101393072
702 3807.0 1254.0
703 3798.213210139442 1232.7867898605182
704 3777.0 1223.9999999998254
705 3777.0 853.999999999709
706 3927.0 853.999999999709
707 3927.0 1223.9999999998254
708 3905.786789860558 1232.7867898605182
709 3897.0 1254.0
710 3905.786789860653 1275.2132101393072
711 3927.0 1283.9999999998254
712 4711.2734375 2541.949462890683
713 4686.2600957888135 2548.6451778686023
714 4667.950353610984 2566.9550987861585
715 4661.2548828125 2591.968505859433
716 4661.2548828125 2594.969482421817
717 4164.068359375 2594.9697265623836
718 3666.8818359375 2594.9699707030086
719 3666.8818359375 2576.9626464842004
720 3695.8882261608815 2573.6294813889544
721 3724.617409772396 2568.422306304623
722 3752.9484431991877 2561.3630422981805
723 3780.762058993514 2552.481407325424
724 3807.9411679225705 2541.8147911250708
725 3834.3713518885343 2529.4080978158745
726 3859.9413456037073 2515.3135568603175
727 3884.543504993002 2499.590503189771
728 3908.07426035195 2482.305127417727
729 3930.434552352468 2463.530197191634
730 3951.530249060932 2443.344750857039
731 3971.272542213035 2421.833764723444
732 3989.578321077108 2399.0877953327144
733 4006.3705223321194 2375.202598235919
734 4021.5784544873786 2350.278724883159
735 4035.138095478236 2324.421099324303
736 4046.9923621849557 2297.7385765014915
737 4057.091350740149 2270.3434839937836
738 4065.392546613137 2242.3511491426034
739 4071.8610035868114 2213.8794135487988
740 4076.469490873562 2185.0481369854533
741 4079.1986077509246 2155.978692814475
742 4080.0368652343677 2126.793457031017
743 4080.036743164059 1662.1193847654504
744 4080.03662109375 1197.4453124998836
745 4079.200791002335 1168.3587125750491
746 4076.6743341015426 1139.369991964195
747 4072.465807287743 1110.5773330180673
748 4066.589464486173 1082.0782540434157
749 4059.0652083741006 1053.9692790160188
750 4049.918522972148 1026.3456106628873
751 4039.180387332053 999.300808017957
752 4026.8871706132377 972.9264695460442
753 4013.0805089035275 947.3119229062577
754 3997.8071642012474 922.5439224069123
755 3981.1188660362677 898.7063551761094
756 3963.0721362664553 875.8799570427509
757 3943.7280976429174 854.1420390913845
758 3923.152266792378 833.5662258161465
759 3901.4143323179196 814.2222057605395
760 3878.5879187695464 796.1754954883945
761 3854.750337284044 779.4872176848003
762 3829.982323738692 764.2138941386365
763 3804.3677653056584 750.4072543081711
764 3777.9934163332146 738.1140601175721
765 3750.9486045160884 727.3759475784027
766 3723.324928350092 718.2292857717839
767 3695.2159468957507 710.7050536696333
768 3666.7168629016523 704.8287352111656
769 3637.924200360776 700.6202329912339
770 3608.9354775918655 698.0938008517842
771 3579.8488769531177 697.2579956052941
772 3280.2365722656177 697.2580871581449
773 2980.6242675781177 697.2581787109957
774 2951.4057745393584 697.9009826231049
775 2922.2532445218603 699.965813343646
776 2893.2358446185135 703.447771869367
777 2864.4224213134257 708.3385969293304
778 2835.8813371372235 714.6266845855862
779 2807.6803084705825 722.297115764406
780 2779.886244880814 731.3316916533513
781 2752.5650903726673 741.7089768795995
782 2725.7816669300555 753.4043503674329
783 2699.5995207198466 766.390063753759
784 2674.0807713226677 780.6353072241182
785 2649.2859643484153 796.1062826114357
786 2625.273927786162 812.7662835855735
787 2602.101632429254 830.5757827424677
788 2579.824056706824 849.4925253863912
789 2558.4940562423217 869.471629783453
790 2538.1622384486436 890.4656936475658
791 2518.8768424573136 912.4249066066695
792 2500.6836246666717 935.2971683826181
793 2483.6257501805376 959.0282124039368
794 2467.7436903949892 983.5617345581995
795 2453.0751269762113 1008.8395267789601
796 2439.6548624572206 1034.8016151495976
797 2427.514737665624 1061.3864021972986
798 2416.68355617829 1088.5308130384074
799 2407.1870159821665 1116.170445029973
800 2399.047648503427 1144.2397205705638
801 2392.2847651495613 1172.6720426893444
802 2386.9144114912597 1201.3999530538567
803 2382.949329192794 1230.3552920208313
804 2380.39892578125 1259.4693603515043
805 2365.39404296875 1259.4693603515043
806 2365.393880208332 859.3193016051664
807 2365.393717447918 459.1692428588285
808 2365.3935546875 59.01918411249062
809 2390.406760590471 52.32354741921881
810 2408.7164817431367 34.01381963357562
811 2415.412109375 9.000611305003986
812 2754.5390625 9.000479221169371
813 3093.666015625 9.000347137334757
814 3108.671875 24.00522422773065
815 3108.671875 184.14584350568475
816 3092.291806637302 192.11070738791022
817 3085.6630859375 209.07554626459023
818 3092.9857654028856 226.7623420341988
819 3110.6728515625 234.08432006818475
820 3158.6904296875 234.08430480927927
821 3176.3775266438315 226.762315989763
822 3183.7001953125 209.07550048822304
823 3183.7001953125 9.00031185138505
824 3538.83349609375 9.000173568725586
825 3893.966796875 9.000035286007915
826 3908.9716796875 24.00491142249666
827 3908.9716796875 184.14553833001992
828 3892.5922291836396 192.11071279336466
829 3885.9638671875 209.07524108880898
830 3893.2862015106366 226.76169136050157
831 3910.97265625 234.0840148924035
832 3958.9912109375 234.08399963378906
833 3976.677676473446 226.76166531594936
834 3984.0 209.07519531232538
835 3984.0 9.0
836 4322.626953124996 8.999867916107178
837 4661.253906249989 8.999735832214355
838 4667.949545970398 34.012928841635585
839 4686.259265502478 52.32264174084412
840 4711.2724609375 59.018272399902344
841 4711.272705078125 457.66767501831055
842 4711.27294921875 856.3170776367188
843 4696.26806640625 871.3229370114859
844 4536.12744140625 871.322998046584
845 4528.162922420957 854.9433048609644
846 4511.19873046875 848.3142700194148
847 4493.511293406013 855.6365985815646
848 4486.18896484375 873.3240356442984
849 4486.18896484375 921.3416137695312
850 4493.511293405987 939.0290508323233
851 4511.19873046875 946.3513793945312
852 4711.27294921875 946.3512573239277
853 4711.27294921875 1333.4963073728723
854 4711.27294921875 1720.6413574218168
855 4696.26806640625 1735.6462402343168
856 4516.11962890625 1735.6462402343168
857 4508.154818757317 1719.2671262857039
858 4491.19091796875 1712.6384277343168
859 4473.503826410721 1719.9604111612425
860 4466.18115234375 1737.6472167969332
861 4466.18115234375 1788.6662597653922
862 4473.50330814685 1806.354012544325
863 4491.19091796875 1813.6765136718168
864 4711.27294921875 1813.6765136718168
865 4711.273193359375 2177.81298828125
866 6796.999999999996 1439.9999999998836
867 6636.999999999996 1439.9999999998836
868 6636.999999999996 1319.9999999998836
869 6666.999999999996 1319.9999999998836
870 6674.071067811816 1317.071067811863
871 6676.999999999996 1310.0000000001164
872 6676.999999999996 1269.9999999998836
873 6674.07106781191 1262.9289321879041
874 6666.999999999996 1259.999999999709
875 6636.999999999996 1259.999999999709
876 6636.999999999996 1139.9999999998254
877 6796.999999999996 1139.9999999998254
878 6796.999999999996 1259.999999999709
879 6766.999999999996 1259.999999999709
880 6759.928932188082 1262.9289321879041
881 6756.999999999996 1269.9999999998836
882 6756.999999999996 1310.0000000001164
883 6759.928932188177 1317.071067811863
884 6766.999999999996 1319.9999999998836
885 6796.999999999996 1319.9999999998836
886 6796.999999999996 1129.9999999998836
887 6636.999999999996 1129.9999999998836
888 6636.999999999996 1010.000061035098
889 6666.999999999996 1010.0
890 6674.071067811932 1007.0710678117466
891 6676.999999999996 999.999999999709
892 6676.999999999996 959.999999999709
893 6674.071067811838 952.9289321879041
894 6666.999999999996 949.9999999998836
895 6636.999999999996 950.0000610349816
896 6636.999999999996 830.000061035098
897 6796.999999999996 829.9999999998836
898 6796.999999999996 949.9999999998836
899 6766.999999999996 949.9999999998836
900 6759.928932188155 952.9289321879041
901 6756.999999999996 959.999999999709
902 6756.999999999996 999.999999999709
903 6759.928932188061 1007.0710678117466
904 6766.999999999996 1010.0
905 6796.999999999996 1010.0
906 6626.999999999996 1499.0
907 6476.999999999996 1499.0
908 6476.999999999996 1129.0
909 6498.213210139464 1120.2132101391908
910 6506.999999999996 1098.9999999995925
911 6498.21321013934 1077.7867898603436
912 6476.999999999996 1068.9999999998254
913 6476.999999999996 698.9999999998254
914 6626.999999999996 698.9999999998254
915 6626.999999999996 1068.9999999998254
916 6605.786789860653 1077.7867898603436
917 6596.999999999996 1098.9999999995925
918 6605.786789860529 1120.2132101391908
919 6626.999999999996 1129.0
920 6466.999999999996 1455.999999999709
921 6316.999999999996 1455.999999999709
922 6316.999999999996 1086.0000000001164
923 6338.213210139464 1077.2132101393654
924 6346.999999999996 1055.9999999998254
925 6338.213210139369 1034.78678986046
926 6316.999999999996 1025.9999999998836
927 6316.999999999996 655.9999999998836
928 6466.999999999996 655.9999999998836
929 6466.999999999996 1025.9999999998836
930 6445.786789860624 1034.78678986046
931 6436.999999999996 1055.9999999998254
932 6445.786789860529 1077.2132101393654
933 6466.999999999996 1086.0000000001164
934 6438.999999999996 1626.0
935 6318.999999999996 1626.0
936 6318.999999999996 1595.999999999709
937 6316.071067811838 1588.9289321879041
938 6308.999999999996 1585.9999999998836
939 6268.999999999996 1585.9999999998836
940 6261.928932188155 1588.9289321879041
941 6258.999999999996 1595.999999999709
942 6258.999999999996 1626.0
943 6138.999999999996 1626.0
944 6138.999999999996 1465.9999999998836
945 6258.999999999996 1465.9999999998836
946 6258.999999999996 1495.9999999998836
947 6261.928932188184 1503.0710678116302
948 6268.999999999996 1505.9999999995925
949 6308.999999999996 1505.9999999995925
950 6316.0710678118085 1503.0710678116302
951 6318.999999999996 1495.9999999998836
952 6318.999999999996 1465.9999999998836
953 6438.999999999996 1465.9999999998836
954 6438.999999999996 1795.9999999998836
955 6318.999999999996 1795.9999999998836
956 6318.999999999996 1766.0000000001164
957 6316.071067811954 1758.9289321880206
958 6308.999999999996 1755.999999999709
959 6268.999999999996 1755.999999999709
960 6261.928932188039 1758.9289321880206
961 6258.999999999996 1766.0000000001164
962 6258.999999999996 1795.9999999998836
963 6138.999999999996 1795.9999999998836
964 6138.999999999996 1635.9999999998836
965 6258.999999999996 1635.9999999998836
966 6258.999999999996 1665.9999999998254
967 6261.9289321881115 1673.0710678117466
968 6268.999999999996 1675.9999999998836
969 6308.999999999996 1675.9999999998836
970 6316.071067811881 1673.0710678117466
971 6318.999999999996 1665.9999999998254
972 6318.999999999996 1635.9999999998836
973 6438.999999999996 1635.9999999998836
974 6306.999999999996 1453.9999999998254
975 6156.999999999996 1453.9999999998254
976 6156.999999999996 1083.9999999998254
977 6178.213210139391 1075.213210139249
978 6186.999999999996 1053.9999999998836
979 6178.213210139369 1032.7867898605764
980 6156.999999999996 1024.0
981 6156.999999999996 653.9999999998836
982 6306.999999999996 653.9999999998836
983 6306.999999999996 1024.0
984 6285.786789860624 1032.7867898605764
985 6276.999999999996 1053.9999999998836
986 6285.786789860602 1075.213210139249
987 6306.999999999996 1083.9999999998254
988 6146.999999999996 1453.9999999998254
989 5996.999999999996 1453.9999999998254
990 5996.999999999996 1083.9999999998254
991 6018.213210139391 1075.213210139249
992 6026.999999999996 1053.9999999998836
993 6018.213210139369 1032.7867898605764
994 5996.999999999996 1024.0
995 5996.999999999996 653.9999999998836
996 6146.999999999996 653.9999999998836
997 6146.999999999996 1024.0
998 6125.786789860624 1032.7867898605764
999 6116.999999999996 1053.9999999998836
1000 6125.786789860602 1075.213210139249
1001 6146.999999999996 1083.9999999998254
1002 5986.999999999996 1453.9999999998254
1003 5836.999999999996 1453.9999999998254
1004 5836.999999999996 1083.9999999998254
1005 5858.213210139391 1075.213210139249
1006 5866.999999999996 1053.9999999998836
1007 5858.213210139369 1032.7867898605764
1008 5836.999999999996 1024.0
1009 5836.999999999996 653.9999999998836
1010 5986.999999999996 653.9999999998836
1011 5986.999999999996 1024.0
1012 5965.786789860624 1032.7867898605764
1013 5956.999999999996 1053.9999999998836
1014 5965.786789860602 1075.213210139249
1015 5986.999999999996 1083.9999999998254
1016 5826.999999999996 1482.9999999998254
1017 5677.0 1482.9999999998254
1018 5677.0 1112.9999999995925
1019 5698.21321013934 1104.2132101391326
1020 5706.999999999996 1082.9999999998836
1021 5698.213210139391 1061.7867898605182
1022 5677.0 1052.9999999998836
1023 5677.0 682.9999999998254
1024 5826.999999999996 682.9999999998254
1025 5826.999999999996 1052.9999999998836
1026 5805.786789860602 1061.7867898605182
1027 5796.999999999996 1082.9999999998836
1028 5805.786789860653 1104.2132101391326
1029 5826.999999999996 1112.9999999995925
1030 5667.0 1577.0
1031 5517.0 1577.0
1032 5517.0 1206.9999999998836
1033 5538.213210139369 1198.2132101393072
1034 5547.0 1177.0
1035 5538.213210139442 1155.7867898605182
1036 5517.0 1146.9999999998254
1037 5517.0 776.999999999709
1038 5667.0 776.999999999709
1039 5667.0 1146.9999999998254
1040 5645.786789860558 1155.7867898605182
1041 5637.0 1177.0
1042 5645.786789860631 1198.2132101393072
1043 5667.0 1206.9999999998836
1044 5505.0 1884.0
1045 5355.0 1884.0
1046 5355.0 1514.0
1047 5376.213210139467 1505.213210139249
1048 5385.0 1483.999999999709
1049 5376.213210139369 1462.7867898604018
1050 5355.0 1453.9999999998254
1051 5355.0 1083.9999999998254
1052 5505.0 1083.9999999998254
1053 5505.0 1453.9999999998254
1054 5483.786789860631 1462.7867898604018
1055 5475.0 1483.999999999709
1056 5483.786789860533 1505.213210139249
1057 5505.0 1514.0
1058 5567.0 2193.9999999998254
1059 5407.0 2193.9999999998254
1060 5407.0 2074.0
1061 5437.0 2074.0
1062 5444.071067811892 2071.0710678117466
1063 5447.0 2063.9999999998254
1064 5447.0 2024.0
1065 5444.07106781191 2016.9289321880206
1066 5437.0 2013.9999999998254
1067 5407.0 2013.9999999998254
1068 5407.0 1893.9999999998254
1069 5567.0 1893.9999999998254
1070 5567.0 2013.9999999998254
1071 5537.0 2013.9999999998254
1072 5529.92893218809 2016.9289321880206
1073 5527.0 2024.0
1074 5527.0 2063.9999999998254
1075 5529.928932188108 2071.0710678117466
1076 5537.0 2074.0
1077 5567.0 2074.0
1078 5808.999999999989 2387.0
1079 5659.0 2387.0
1080 5659.0 2017.0
1081 5680.21321013942 2008.2132101393072
1082 5689.0 1986.9999999998254
1083 5680.213210139373 1965.78678986046
1084 5659.0 1956.9999999998836
1085 5659.0 1586.9999999998836
1086 5808.999999999989 1586.9999999998836
1087 5808.999999999989 1956.9999999998836
1088 5787.786789860616 1965.78678986046
1089 5778.999999999996 1986.9999999998254
1090 5787.786789860573 2008.2132101393072
1091 5808.999999999989 2017.0
1092 5968.999999999996 2292.9999999998836
1093 5818.999999999996 2292.9999999998836
1094 5818.999999999996 1922.9999999998836
1095 5840.213210139391 1914.213210139249
1096 5848.999999999996 1892.9999999998836
1097 5840.213210139391 1871.7867898605182
1098 5818.999999999996 1862.9999999998836
1099 5818.999999999996 1493.0
1100 5968.999999999996 1493.0
1101 5968.999999999996 1862.9999999998836
1102 5947.786789860602 1871.7867898605182
1103 5938.999999999996 1892.9999999998836
1104 5947.786789860602 1914.213210139249
1105 5968.999999999996 1922.9999999998836
1106 6128.999999999996 2263.9999999998836
1107 5978.999999999996 2263.9999999998836
1108 5978.999999999996 1893.9999999998254
1109 6000.213210139347 1885.2132101393072
1110 6008.999999999996 1864.0
1111 6000.213210139485 1842.7867898604018
1112 5978.999999999996 1833.9999999995925
1113 5978.999999999996 1464.0
1114 6128.999999999996 1464.0
1115 6128.999999999996 1833.9999999995925
1116 6107.786789860507 1842.7867898604018
1117 6098.999999999996 1864.0
1118 6107.7867898606455 1885.2132101393072
1119 6128.999999999996 1893.9999999998254
1120 7133.187499999996 2484.687988281192
1121 7109.174160034858 2482.304568854219
1122 7086.841208242895 2491.4457093030214
1123 7071.390624999996 2509.9821777342004
1124 7024.294433593746 2607.1154785155086
1125 7022.838378906246 2610.1164550780086
1126 6572.474707031248 2610.116796874907
1127 6122.111035156249 2610.117138671747
1128 5671.747363281251 2610.117480468645
1129 5221.3836914062485 2610.1178222654853
1130 4771.02001953125 2610.1181640623836
1131 4771.02001953125 2607.1171875
1132 4764.324548732806 2582.103780426667
1133 4746.01480655498 2563.7938595089945
1134 4721.00146484375 2557.098144531017
1135 4721.0009765625 2192.7116699217004
1136 4721.00048828125 1828.3251953123836
1137 4941.08251953125 1828.3250732418965
1138 4958.770172543496 1821.0025289736222
1139 4966.09228515625 1803.3146972656832
1140 4966.09228515625 1752.2956542967004
1141 4958.769567902429 1734.608927588968
1142 4941.08251953125 1727.2869873045129
1143 4924.118618742639 1733.9156858560164
1144 4916.15380859375 1750.2947998046875
1145 4736.00537109375 1750.2949218748836
1146 4721.00048828125 1735.2900390623836
1147 4721.000244140621 1348.1450195311918
1148 4720.999999999989 961.0
1149 4921.074218749989 960.9998168942984
1150 4938.761655812734 953.6774883321486
1151 4946.083984375 935.9900512694148
1152 4946.083984375 887.9724731445312
1153 4938.761655812832 870.2850360815646
1154 4921.074218749989 862.962707519182
1155 4904.109987974869 869.5917871992569
1156 4896.1455078125 885.9715576170129
1157 4736.0048828125 885.9716796870925
1158 4720.999999999989 870.9658203123836
1159 4720.999755859371 472.3164062498836
1160 4720.99951171875 73.66699218738358
1161 4746.012723406562 66.9713521595113
1162 4764.322445454811 48.661616147262976
1163 4771.01806640625 23.648399353027344
1164 5190.175097656251 23.648072814918123
1165 5609.332128906248 23.647746276808903
1166 6028.489160156245 23.647419738699682
1167 6447.646191406249 23.64709320059046
1168 6866.803222656246 23.64676666248124
1169 7342.544433593746 23.646395683055744
1170 7818.285644531246 23.646024703688454
1171 7822.955919726901 44.75943435548106
1172 7836.104440352781 61.92637767334236
1173 7855.271972656246 71.93603515613358
1174 7847.696682466576 100.03387214895338
1175 7840.124578874824 128.13256806775462
1176 7832.555661978378 156.2321225508931
1177 7824.98993187465 184.3325352371321
1178 7817.427388660904 212.43380576494383
1179 7809.868032434406 240.53593377303332
1180 7802.31186329242 268.6389188996982
1181 7794.758881332124 296.74276078370167
1182 7787.209086650579 324.8474590636906
1183 7779.662479344963 352.9530133779044
1184 7772.119059512366 381.05942336510634
1185 7764.578827249734 409.16668866365217
1186 7757.041782654069 437.27480891213054
1187 7749.507925822345 465.38378374889726
1188 7741.97725685142 493.49361281259917
1189 7734.44977583818 521.6042957415339
1190 7726.9254828794255 549.7158321741736
1191 7719.404378071897 577.8282217491651
1192 7711.886461512422 605.9414641046897
1193 7704.371733297568 634.0555588793359
1194 7696.860193524106 662.1705057112849
1195 7689.351842288543 690.2863042392419
1196 7681.846679687496 718.4029541013879
1197 7674.633713647363 745.1939663104131
1198 7667.392652333849 771.9773986022919
1199 7660.123503712446 798.7532215139945
1200 7652.826275779564 825.5214055908727
1201 7645.500976562496 852.2819213867188
1202 7618.869539895179 855.6186030529789
1203 7602.431640624996 876.8356323241023
1204 7427.313476562496 829.1189575194148
1205 7423.933731508758 811.2188982632942
1206 7409.304687499996 800.3641357421875
1207 7390.347996664244 802.7597756558098
1208 7378.620117187496 817.8446044920129
1209 7364.251953124996 869.9383544920129
1210 7366.627500410588 888.9687288067071
1211 7381.786132812496 900.7166748045129
1212 7614.554687499996 964.1432495114859
1213 7609.989614539092 980.4835823044996
1214 7605.414062499996 996.8209838868352
1215 7597.3961778153425 1025.3938909234712
1216 7589.3400272928375 1053.9560324766207
1217 7581.24562538703 1082.5073572992696
1218 7573.112986621109 1111.0478141639614
1219 7564.942125586855 1139.577351862623
1220 7556.7330569446385 1168.095919206913
1221 7548.485795423392 1196.6034650279908
1222 7540.200355820551 1225.0999381769798
1223 7531.87675300206 1253.5852875246783
1224 7523.515001902346 1282.0594619620242
1225 7515.1151175242885 1310.5224103999208
1226 7506.677114939153 1338.9740817693528
1227 7498.201009286637 1367.4144250216777
1228 7489.686815774778 1395.8433891284512
1229 7481.134549679966 1424.260923081718
1230 7472.544226346883 1452.6669758940116
1231 7463.915861188525 1481.0614965984714
1232 7455.249469686107 1509.4444342489005
1233 7446.545067389106 1537.8157379199401
1234 7437.802669915171 1566.17535670707
1235 7429.022292950151 1594.5232397266664
1236 7420.203952248008 1622.859336116293
1237 7411.347663630837 1651.1835950345849
1238 7402.453442988834 1679.495965661481
1239 7393.52130628021 1707.796397198108
1240 7384.551269531246 1736.0848388671875
1241 7365.664550781246 1745.901733398321
1242 7153.656738281246 1679.4809570311918
1243 7150.951390326296 1661.464583527937
1244 7136.737792968746 1650.0679931640043
1245 7117.724530469135 1651.73972029984
1246 7105.432128906246 1666.340942382696
1247 7088.106933593746 1720.705200195196
1248 7089.741749238961 1739.8349731711787
1249 7104.459472656246 1752.1641845700797
1250 7354.369628906246 1830.4588623045129
1251 7345.551324488148 1857.850781855348
1252 7336.698338370294 1885.231512055383
1253 7327.810684750537 1912.601008993166
1254 7318.88837788234 1939.959228775173
1255 7309.931432074725 1967.3061275260407
1256 7300.939861692274 1994.6416613885085
1257 7291.913681155103 2021.9657865236513
1258 7282.852904938834 2049.278459110763
1259 7273.757547574558 2076.5796353474143
1260 7264.6276236488375 2103.869271449861
1261 7255.4631478036645 2131.14732365252
1262 7246.264134736444 2158.4137482087826
1263 7237.030599199974 2185.668501390319
1264 7227.762556002406 2212.9115394877736
1265 7218.460020007264 2240.1428188104182
1266 7209.123006133337 2267.3622956865
1267 7199.751529354751 2294.569926463184
1268 7190.345604700884 2321.7656675064936
1269 7180.90524725636 2348.94947520172
1270 7171.430472161035 2376.121305953129
1271 7161.921294609947 2403.281116184313
1272 7152.377729853313 2430.4288623380126
1273 7142.799793196504 2457.5645008764695
1274 6421.566894531246 643.8795166013879
1275 6131.493164062489 643.8797607420711
1276 5841.419433593739 643.8800048828125
1277 5812.332859013226 644.7158512974856
1278 5783.3441645275925 647.2423215773306
1279 5754.551532231442 651.4508587952587
1280 5726.052480174421 657.3272090152605
1281 5697.9435320763805 664.85146956885
1282 5670.3198904102355 673.998156463902
1283 5643.275113959768 684.7362906966591
1284 5616.900800944459 697.0295031745918
1285 5591.286278784595 710.8361578953336
1286 5566.5183015573275 726.1094929642277
1287 5542.6807561684545 742.7977789723664
1288 5519.854378235017 760.8444941997295
1289 5498.116478641059 780.1885160488309
1290 5477.540681692615 800.7643280617776
1291 5458.196675758845 822.502241818409
1292 5440.149977243793 845.3286329646944
1293 5423.461708688246 869.1661905718502
1294 5408.188391753189 893.9341789814644
1295 5394.381755786038 919.5487112498377
1296 5382.088562618021 945.9230332655716
1297 5371.350448186036 972.9678175779409
1298 5362.203781515524 1000.5914659408154
1299 5354.679541541835 1028.7004195476766
1300 5348.803212187377 1057.1994759070803
1301 5344.594696049866 1085.9921112844604
1302 5342.068246994018 1114.9808076198678
1303 5341.232421875 1144.0673828123254
1304 5341.23291015625 1562.4409179686336
1305 5341.2333984375 1980.8144531248836
1306 5342.188997926889 2010.595930017822
1307 5345.11340555314 2040.2488788820338
1308 5349.993799420179 2069.6432880785433
1309 5356.808781723408 2098.650279520545
1310 5365.528472567134 2127.142673731956
1311 5376.1146409712455 2154.9955474585877
1312 5388.520872492732 2182.0867813866353
1313 5402.692772727136 2208.2975955680595
1314 5418.5682057976555 2233.5130702043534
1315 5436.077566786316 2257.6226495055016
1316 5455.144086912693 2280.520626415673
1317 5475.684170122211 2302.106606079673
1318 5497.607759608181 2322.2859460183536
1319 5520.818732660682 2340.9701710829395
1320 5545.215322111013 2358.0773613695055
1321 5570.690562523956 2373.5325113918516
1322 5597.132759181553 2387.267858938605
1323 5624.425977802111 2399.22318217298
1324 5652.450552847378 2409.3460636719246
1325 5681.083612189159 2417.59212024702
1326 5710.199615835063 2423.925197540142
1327 5739.67090635133 2428.3175285403267
1328 5769.368268569469 2430.749855326314
1329 5799.161496122684 2431.2115135019994
1330 5828.919962328178 2429.7004789539496
1331 5858.513192912262 2426.2233767255675
1332 5887.811438067267 2420.795451970538
1333 5916.686241332081 2413.4405031109345
1334 5945.011002802068 2404.190777494572
1335 5972.661534199015 2393.0868300084257
1336 5999.516603367465 2380.1773452678462
1337 6025.458465810098 2365.5189241620246
1338 6050.373380931644 2349.1758356902865
1339 6074.152110727973 2331.219735178689
1340 6096.6903987337755 2311.7293501112727
1341 6117.889427129037 2290.790134953859
1342 6137.656249999996 2268.4938964842004
1343 6360.535970052082 2000.232706705574
1344 6583.415690104161 1731.9715169270057
1345 6806.295410156246 1463.7103271483793
1346 6824.670328482938 1440.2409841207555
1347 6841.614124265998 1415.718433883856
1348 6857.066582800824 1390.2298244496342
1349 6870.972789283329 1363.865737002343
1350 6883.283323965643 1336.7198639920098
1351 6893.954437783588 1308.8886761706672
1352 6902.948207831661 1280.4710797560983
1353 6910.232672133116 1251.5680649392307
1354 6915.781943226164 1222.2823469866998
1355 6919.576300162549 1192.7180012117606
1356 6921.602258591734 1162.9800931127975
1357 6921.8526186814015 1133.1743049922516
1358 6920.326490704185 1103.4065603840863
1359 6917.029298199563 1073.7826476234477
1360 6911.972758699721 1044.407843897352
1361 6905.174842087941 1015.3865411113366
1362 6896.6597067373405 986.8218749024672
1363 6886.457613657101 958.8153581172228
1364 6874.6048189511675 931.4665200556628
1365 6861.143444971636 904.8725527652423
1366 6846.121330624741 879.1279656407423
1367 6829.591861361387 854.3242495576269
1368 6811.6137794564165 830.5495517324307
1369 6792.250975250874 807.8883624662412
1370 6771.57226009911 786.4212148836814
1371 6749.651121827581 766.2243987350375
1372 6726.565463574556 747.3696892786538
1373 6702.397326938622 729.9240922064055
1374 6677.232600420019 713.9496055196505
1375 6651.1607141908935 699.5029992013588
1376 6624.274322279172 686.6356134672533
1377 6596.668973295524 675.3931763137225
1378 6568.442770873622 665.8156410097727
1379 6539.696025030335 657.9370441117208
1380 6510.530895684908 651.7853845043574
1381 6481.051029604034 647.382523898501
1382 6451.361192062879 644.7441091395449
1383 9533.999999999996 1950.9999999998836
1384 9383.999999999996 1950.9999999998836
1385 9383.999999999996 1580.9999999998254
1386 9405.21321013939 1572.213210139249
1387 9413.999999999996 1550.9999999998836
1388 9405.213210139369 1529.7867898605764
1389 9383.999999999996 1521.0
1390 9383.999999999996 1150.9999999998836
1391 9533.999999999996 1150.9999999998836
1392 9533.999999999996 1521.0
1393 9512.786789860624 1529.7867898605764
1394 9503.999999999996 1550.9999999998836
1395 9512.786789860602 1572.213210139249
1396 9533.999999999996 1580.9999999998254
1397 9693.999999999996 1955.9999999998836
1398 9543.999999999996 1955.9999999998836
1399 9543.999999999996 1585.9999999998836
1400 9565.213210139369 1577.2132101393072
1401 9573.999999999996 1556.0
1402 9565.213210139435 1534.7867898605182
1403 9543.999999999996 1525.9999999998254
1404 9543.999999999996 1156.0000000001164
1405 9693.999999999996 1156.0000000001164
1406 9693.999999999996 1525.9999999998254
1407 9672.786789860558 1534.7867898605182
1408 9663.999999999996 1556.0
1409 9672.786789860624 1577.2132101393072
1410 9693.999999999996 1585.9999999998836
1411 9863.999999999996 1872.0
1412 9713.999999999996 1872.0
1413 9713.999999999996 1501.9999999998254
1414 9735.213210139347 1493.2132101393072
1415 9743.999999999996 1472.0
1416 9735.213210139485 1450.7867898604018
1417 9713.999999999996 1441.9999999995925
1418 9713.999999999996 1072.0
1419 9863.999999999996 1072.0
1420 9863.999999999996 1441.9999999995925
1421 9842.786789860507 1450.7867898604018
1422 9833.999999999996 1472.0
1423 9842.786789860646 1493.2132101393072
1424 9863.999999999996 1501.9999999998254
1425 10034.999999999996 1471.0000000001164
1426 9884.999999999989 1471.0000000001164
1427 9884.999999999989 1101.0
1428 9906.213210139456 1092.213210139249
1429 9914.999999999996 1070.999999999709
1430 9906.213210139362 1049.7867898604018
1431 9884.999999999989 1040.9999999998836
1432 9884.999999999989 670.9999999998254
1433 10034.999999999996 670.9999999998254
1434 10034.999999999996 1040.9999999998836
1435 10013.786789860631 1049.7867898604018
1436 10004.999999999996 1070.999999999709
1437 10013.78678986053 1092.213210139249
1438 10034.999999999996 1101.0
1439 9703.999999999996 1141.0
1440 9333.999999999996 1141.0
1441 9325.213210139413 1119.7867898605764
1442 9303.999999999996 1110.9999999998836
1443 9282.78678986058 1119.7867898605764
1444 9273.999999999996 1141.0
1445 8903.999999999996 1141.0
1446 8903.999999999996 990.9999999998836
1447 9273.999999999996 990.9999999998836
1448 9282.786789860602 1012.213210139249
1449 9303.999999999996 1020.9999999998254
1450 9325.21321013939 1012.213210139249
1451 9333.999999999996 990.9999999998836
1452 9703.999999999996 990.9999999998836
1453 9715.999999999996 981.0000000001164
1454 9345.999999999996 981.0000000001164
1455 9337.213210139485 959.7867898605182
1456 9315.999999999996 950.999999999709
1457 9294.786789860507 959.7867898605182
1458 9285.999999999996 981.0000000001164
1459 8915.999999999996 981.0000000001164
1460 8915.999999999996 830.9999999998836
1461 9285.999999999996 830.9999999998836
1462 9294.786789860602 852.213210139249
1463 9315.999999999996 860.9999999998254
1464 9337.21321013939 852.213210139249
1465 9345.999999999996 830.9999999998836
1466 9715.999999999996 830.9999999998836
1467 9832.999999999996 821.0
1468 9462.999999999996 821.0
1469 9454.213210139435 799.7867898605182
1470 9432.999999999996 790.9999999998254
1471 9411.786789860558 799.7867898605182
1472 9402.999999999996 821.0
1473 9032.999999999996 821.0
1474 9032.999999999996 670.9999999998254
1475 9402.999999999996 670.9999999998254
1476 9411.78678986053 692.2132101393654
1477 9432.999999999996 701.0000000001164
1478 9454.213210139464 692.2132101393654
1479 9462.999999999996 670.9999999998254
1480 9832.999999999996 670.9999999998254
1481 9949.999999999996 660.9999999998836
1482 9579.999999999996 660.9999999998836
1483 9571.21321013934 639.7867898606346
1484 9549.999999999996 631.0000000001164
1485 9528.786789860653 639.7867898606346
1486 9519.999999999996 660.9999999998836
1487 9149.999999999996 660.9999999998836
1488 9149.999999999996 511.0
1489 9519.999999999996 511.0
1490 9528.786789860602 532.2132101393654
1491 9549.999999999996 541.0
1492 9571.21321013939 532.2132101393654
1493 9579.999999999996 511.0
1494 9949.999999999996 511.0
1495 9885.999999999996 500.9999999998836
1496 9765.999999999996 500.9999999998836
1497 9765.999999999996 471.0000000001164
1498 9763.071067811954 463.92893218802055
1499 9755.999999999996 460.99999999970896
1500 9715.999999999996 460.99999999970896
1501 9708.928932188039 463.92893218802055
1502 9705.999999999996 471.0000000001164
1503 9705.999999999996 500.9999999998836
1504 9585.999999999996 500.9999999998836
1505 9585.999999999996 340.9999999998836
1506 9705.999999999996 340.9999999998836
1507 9705.999999999996 370.9999999998836
1508 9708.928932188133 378.0710678117466
1509 9715.999999999996 380.9999999998836
1510 9755.999999999996 380.9999999998836
1511 9763.07106781186 378.0710678117466
1512 9765.999999999996 370.9999999998836
1513 9765.999999999996 340.9999999998836
1514 9885.999999999996 340.9999999998836
1515 9575.999999999996 500.9999999998836
1516 9455.999999999996 500.9999999998836
1517 9455.999999999996 471.0000000001164
1518 9453.071067811954 463.92893218802055
1519 9445.999999999996 460.99999999970896
1520 9405.999999999996 460.99999999970896
1521 9398.928932188039 463.92893218802055
1522 9395.999999999996 471.0000000001164
1523 9395.999999999996 500.9999999998836
1524 9275.999999999996 500.9999999998836
1525 9275.999999999996 340.9999999998836
1526 9395.999999999996 340.9999999998836
1527 9395.999999999996 370.9999999998836
1528 9398.928932188133 378.0710678117466
1529 9405.999999999996 380.9999999998836
1530 9445.999999999996 380.9999999998836
1531 9453.07106781186 378.0710678117466
1532 9455.999999999996 370.9999999998836
1533 9455.999999999996 340.9999999998836
1534 9575.999999999996 340.9999999998836
1535 8893.999999999996 1866.9999999998836
1536 8743.999999999996 1866.9999999998836
1537 8743.999999999996 1496.9999999998254
1538 8765.21321013939 1488.213210139249
1539 8773.999999999996 1466.9999999998836
1540 8765.213210139369 1445.7867898605764
1541 8743.999999999996 1437.0
1542 8743.999999999996 1066.9999999998836
1543 8893.999999999996 1066.9999999998836
1544 8893.999999999996 1437.0
1545 8872.786789860624 1445.7867898605764
1546 8863.999999999996 1466.9999999998836
1547 8872.786789860602 1488.213210139249
1548 8893.999999999996 1496.9999999998254
1549 9053.999999999996 1950.9999999998836
1550 8903.999999999996 1950.9999999998836
1551 8903.999999999996 1580.9999999998254
1552 8925.21321013939 1572.213210139249
1553 8933.999999999996 1550.9999999998836
1554 8925.213210139369 1529.7867898605764
1555 8903.999999999996 1521.0
1556 8903.999999999996 1150.9999999998836
1557 9053.999999999996 1150.9999999998836
1558 9053.999999999996 1521.0
1559 9032.786789860624 1529.7867898605764
1560 9023.999999999996 1550.9999999998836
1561 9032.786789860602 1572.213210139249
1562 9053.999999999996 1580.9999999998254
1563 9213.999999999996 1971.9999999998836
1564 9063.999999999996 1971.9999999998836
1565 9063.999999999996 1601.9999999998254
1566 9085.21321013939 1593.213210139249
1567 9093.999999999996 1571.9999999998836
1568 9085.213210139369 1550.7867898605764
1569 9063.999999999996 1542.0
1570 9063.999999999996 1171.9999999998836
1571 9213.999999999996 1171.9999999998836
1572 9213.999999999996 1542.0
1573 9192.786789860624 1550.7867898605764
1574 9183.999999999996 1571.9999999998836
1575 9192.786789860602 1593.213210139249
1576 9213.999999999996 1601.9999999998254
1577 9373.999999999996 1971.9999999998836
1578 9223.999999999996 1971.9999999998836
1579 9223.999999999996 1601.9999999998254
1580 9245.21321013939 1593.213210139249
1581 9253.999999999996 1571.9999999998836
1582 9245.213210139369 1550.7867898605764
1583 9223.999999999996 1542.0
1584 9223.999999999996 1171.9999999998836
1585 9373.999999999996 1171.9999999998836
1586 9373.999999999996 1542.0
1587 9352.786789860624 1550.7867898605764
1588 9343.999999999996 1571.9999999998836
1589 9352.786789860602 1593.213210139249
1590 9373.999999999996 1601.9999999998254
1591 10667.000976562496 2552.6582031248836
1592 10641.987775893544 2559.3538368010777
1593 10623.678055551169 2577.663557143358
1594 10616.982421874996 2602.6767578123254
1595 10198.492106119786 2602.6769205727614
1596 9780.001790364582 2602.6770833331975
1597 9361.511474609371 2602.6772460936336
1598 8943.02115885416 2602.677408854128
1599 8524.530843098957 2602.677571614564
1600 8106.040527343746 2602.677734375
1601 7710.509765624996 2602.677856445196
1602 7314.979003906246 2602.677978515392
1603 7309.936984955693 2580.782732795109
1604 7295.816623953378 2563.305915424251
1605 7275.469238281246 2553.7766113280086
1606 7281.651367625385 2524.966985957464
1607 7287.844251597449 2496.159670474706
1608 7294.047889334386 2467.354668894317
1609 7300.262279971623 2438.5519852307043
1610 7306.487422643102 2409.751623497985
1611 7312.723316481282 2380.9535877098097
1612 7318.96996061708 2352.157881879655
1613 7325.22735417994 2323.3645100205904
1614 7331.495496297826 2294.573476145277
1615 7337.774386097186 2265.7847842662595
1616 7344.06402270294 2236.998438395676
1617 7350.364405238553 2208.2144425451406
1618 7356.675532825993 2179.4328007262084
1619 7362.997404585698 2150.6535169500858
1620 7369.330019636651 2121.876595227397
1621 7375.673377096278 2093.10203956865
1622 7382.027476080566 2064.3298539840616
1623 7388.392315704001 2035.5600424833829
1624 7394.7678950795125 2006.7926090760739
1625 7401.154213318605 1978.0275577713037
1626 7407.551269531246 1949.2648925778922
1627 7413.031081840196 1924.5876095909043
1628 7418.521281937272 1899.9126355999033
1629 7424.021868849541 1875.2399749776232
1630 7429.53284160222 1850.5696320963325
1631 7435.054199218746 1825.9016113278922
1632 7442.595954444605 1824.591224119009
1633 7447.001464843746 1818.3312988281832
1634 7451.383300781246 1798.809814453125
1635 7454.049805351886 1785.6295807749266
1636 7446.612792968746 1774.426025390625
1637 7473.134927065683 1769.942001974152
1638 7488.643066406246 1747.964111328125
1639 7645.587402343746 1783.141845703125
1640 7649.777268557566 1800.8668601442478
1641 7664.881347656246 1811.0451660155086
1642 7683.741751976213 1807.7687212094315
1643 7694.755371093746 1792.111450195196
1644 7705.915527343746 1742.3204345700797
1645 7702.6383111373325 1723.460476342123
1646 7686.980957031246 1712.4475097653922
1647 7471.530761718746 1664.1564941403922
1648 7478.103077611657 1635.2301068270463
1649 7484.689682145985 1606.3069697235478
1650 7491.290573714385 1577.3870898879832
1651 7497.905750706046 1548.4704743777402
1652 7504.535211506667 1519.5571302492172
1653 7511.178954498475 1490.6470645582303
1654 7517.83697806019 1461.7402843596064
1655 7524.509280567054 1432.8367967074737
1656 7531.195860390839 1403.9366086551454
1657 7537.896715899817 1375.03972725512
1658 7544.611845458781 1346.1461595590808
1659 7551.341247429049 1317.2559126178967
1660 7558.0849201684505 1288.3689934816794
1661 7564.842862031317 1259.4854091996094
1662 7571.6150713685165 1230.6051668202272
1663 7578.401546527439 1201.7282733910833
1664 7585.202285851981 1172.8547359590884
1665 7592.017287682549 1143.9845615701051
1666 7598.846550356098 1115.1177572694141
1667 7605.6900722060855 1086.2543301013066
1668 7612.547851562496 1057.3942871093168
1669 7618.408348106113 1032.8129408283276
1670 7624.290602716315 1008.2367921181722
1671 7630.194610783492 983.665860237903
1672 7636.120367680971 959.1001644424396
1673 7642.067868765062 934.539723982627
1674 7648.037109374996 909.9845581052941
1675 7674.55130716725 905.8945670658723
1676 7690.380859374996 884.2345581052941
1677 7846.874999999996 922.2325439450215
1678 7850.7510480716555 940.0304875081638
1679 7865.674804687496 950.4742431641207
1680 7884.568621880386 947.545165916672
1681 7895.867187499996 932.1212158201961
1682 7908.006835937496 882.5572509765043
1683 7905.089719926411 863.6147971319151
1684 7889.617187499996 852.3043212891207
1685 7675.008789062496 800.1964721679105
1686 7681.575327237839 773.7472158844466
1687 7688.167112640902 747.3042405080632
1688 7694.784139264 720.8675701385364
1689 7701.426401076464 694.4372288700542
1690 7708.093892024615 668.0132407907513
1691 7714.786606031772 641.5956299832906
1692 7721.504536998265 615.1844205243397
1693 7728.247678801465 588.7796364847454
1694 7735.016025295732 562.381301929534
1695 7741.809570312496 535.9894409177941
1696 7748.6514874390305 509.6677246603067
1697 7755.548432524109 483.36037349753315
1698 7762.500375407715 457.067502470396
1699 7769.50728568932 430.78922655637143
1700 7776.569132728026 404.52566066919826
1701 7783.6858856427025 378.2769196582958
1702 7790.857513312094 352.04311830812367
1703 7798.083984374996 325.82437133800704
1704 7805.493596045173 299.26523482997436
1705 7812.937183625047 272.7156005369616
1706 7820.41473492888 246.1755119226873
1707 7827.926237715339 219.6450124354451
1708 7835.471679687496 193.12414550769608
1709 7858.669938569892 191.74332171166316
1710 7875.889648437496 176.13731384271523
1711 7960.891113281246 19.209060668828897
1712 7962.516113281246 16.208084106328897
1713 8237.104248046871 16.207977294863667
1714 8511.692382812496 16.207870483398438
1715 8932.7501953125 16.207706451416016
1716 9353.808007812495 16.207542419433594
1717 9774.865820312498 16.207378387392964
1718 10195.923632812493 16.207214355410542
1719 10616.981445312496 16.20705032342812
1720 10616.981445312496 19.208026886102743
1721 10623.676922473493 44.22142589656869
1722 10641.986663798361 62.53133897902444
1723 10666.999999999989 69.22705078101717
1724 10666.999999999989 433.61352539039217
1725 10666.999999999989 797.999999999709
1726 10446.917968749996 798.000061034807
1727 10429.230337332923 805.3225837328355
1728 10421.908203124996 823.0103759763297
1729 10421.908203124996 874.0294189451961
1730 10429.230898785467 891.7161851167912
1731 10446.917968749996 899.0381469724234
1732 10463.881869538494 892.4094484211528
1733 10471.846679687496 876.0303344727145
1734 10651.995117187489 876.0302734373254
1735 10666.999999999989 891.0351562498254
1736 10666.999999999989 1278.1801757811336
1737 10666.999999999989 1665.3251953125
1738 10466.925781249996 1665.3253173828125
1739 10449.238344187263 1672.6476459449623
1740 10441.916015624996 1690.335083007696
1741 10441.916015624996 1738.352661132405
1742 10449.23834418716 1756.0400981953717
1743 10466.925781249996 1763.3624267578125
1744 10483.889992613655 1756.733369496942
1745 10491.854492187496 1740.353637695196
1746 10651.995117187489 1740.3535156248836
1747 10666.999999999989 1755.359375
1748 10667.000488281239 2154.008789062442
1749 9566.587890624996 1982.4448242186918
1750 9595.67447956745 1981.6090054219821
1751 9624.663189928757 1979.0825610911706
1752 9653.455839469014 1974.874048073485
1753 9681.954909989257 1968.9977202362497
1754 9710.063877617129 1961.4734801906743
1755 9737.687539724826 1952.326811883133
1756 9764.73233737212 1941.5886942833895
1757 9791.106672182334 1929.2954964615637
1758 9816.721216578113 1915.488854409079
1759 9841.489216326107 1900.2155300214072
1760 9865.326784366061 1883.5272527193883
1761 9888.153184928942 1865.4805442463257
1762 9909.891106982006 1846.136527233757
1763 9930.466926074503 1825.5607181842788
1764 9949.810953697324 1803.8228055729996
1765 9967.857673311886 1780.996413818677
1766 9984.545962248969 1757.1588539242512
1767 9999.819298725863 1732.39086163108
1768 10013.625953280734 1706.7763239743072
1769 10025.919163975825 1680.4019951644004
1770 10036.657294776054 1653.3572027583723
1771 10045.803976566644 1625.7335451151594
1772 10053.32823033215 1597.6245811598492
1773 10059.204572079707 1569.12551350781
1774 10063.413099151057 1540.332866021723
1775 10065.939557631176 1511.3441568935523
1776 10066.775390624996 1482.257568359084
1777 10066.775390624996 1050.6015624998836
1778 10066.775390624996 618.945556640625
1779 10065.826434612947 589.2135800663964
1780 10062.915202354288 559.6092615426169
1781 10058.054415444454 530.2619669630076
1782 10051.265314704888 501.29993907007156
1783 10042.577567364173 472.8497370555997
1784 10032.029137417321 445.0356835182174
1785 10019.666119729405 417.97932119487086
1786 10005.54253860882 391.7988818392623
1787 9989.720111730105 366.6087695689639
1788 9972.267980438093 342.5190609387355
1789 9953.262407611863 319.6350239244639
1790 9932.786444408772 298.05665791989304
1791 9910.929567344869 277.878256755881
1792 9887.787287297575 259.18799665238475
1793 9863.460732139192 242.0675509032444
1794 9838.056204825127 226.59173297748202
1795 9811.684718867826 212.82816959707998
1796 9784.461513226412 200.8370052195387
1797 9756.50554873182 190.67063921689987
1798 9727.938988247934 182.37349689903203
1799 9698.88666284044 175.98183538258309
1800 9669.475526286074 171.52358515374362
1801 9639.834100305936 169.01822801615344
1802 9610.091912947184 168.47671195934527
1803 9580.378932567266 169.90140331740258
1804 9550.824999894048 173.28607642860152
1805 9521.559260643658 178.61594084068201
1806 9492.709601175422 185.8677059423062
1807 9464.40208964999 195.00968273950275
1808 9436.76042513266 206.00192233087728
1809 9409.905397049293 218.79639047791716
1810 9383.954357356775 233.33717750612414
1811 9359.02070773477 249.56074262142647
1812 9335.21340403939 267.3961915722466
1813 9312.63648018445 286.76558644592296
1814 9291.38859353078 307.5842862438294
1815 9271.562593770093 329.7613167486852
1816 9253.245117187496 353.19976806628983
1817 9049.981770833332 631.1285400388879
1818 8846.71842447916 909.0573120114859
1819 8643.455078124996 1186.986083984084
1820 8626.58310848127 1211.5203607297735
1821 8611.201460189852 1237.0154385083006
1822 8597.364682364936 1263.3809021780035
1823 8585.12184542858 1290.5232498812256
1824 8574.516367088527 1318.3462246371782
1825 8565.585858362665 1346.751155705424
1826 8558.361990196205 1375.6373085092637
1827 8552.870381144578 1404.9022418787354
1828 8549.130506520425 1434.4421713452903
1829 8547.155629326775 1464.1523372008232
1830 8546.952753221467 1493.927376014879
1831 8548.522597679523 1523.661694293085
1832 8551.859595441634 1553.2498429514817
1833 8556.951912257759 1582.5868912783917
1834 8563.781488855824 1611.568799058674
1835 8572.324104986688 1640.0927855391055
1836 8582.549465318272 1668.0576939277234
1837 8594.421306874228 1695.3643501339247
1838 8607.897527636069 1721.9159144771402
1839 8622.93033585278 1747.6182251166902
1840 8639.466419528373 1772.3801319852355
1841 8657.44713548628 1796.1138200411224
1842 8676.808717340125 1818.7351206936291
1843 8697.48250163333 1840.1638102963916
1844 8719.3951713456 1860.3238946507336
1845 8742.469015902618 1879.143878509698
1846 8766.62220676705 1896.5570191270672
1847 8791.769087633304 1912.5015629522386
1848 8817.820478197038 1926.920964631543
1849 8844.68399042208 1939.7640875394573
1850 8872.264356183176 1950.985385128297
1851 8900.463765122633 1960.5450624533696
1852 8929.18221152265 1968.4092173007084
1853 8958.31784896323 1974.5499604173237
1854 8987.767351507926 1978.9455144169624
1855 9017.4262801365 1981.580291010614
1856 9047.189453124996 1982.4449462888879
1857 9306.888671874996 1982.4448852537898
1858 9637.615234374996 2562.662597656192
1859 9644.937562937212 2580.350034719042
1860 9662.624999999996 2587.672363281308
1861 9680.31180563568 2580.3496892142575
1862 9687.633789062496 2562.662597656192
1863 9680.311805635658 2544.9755060981843
1864 9662.624999999996 2537.652832031192
1865 9644.937562937233 2544.9751605934
1866 8813.306640624996 2562.662841796933
1867 8820.628624051886 2580.3499333548243
1868 8838.315429687496 2587.6726074217004
1869 8856.002866750208 2580.350278859609
1870 8863.325195312496 2562.662841796933
1871 8856.002866750332 2544.9754047339666
1872 8838.315429687496 2537.6530761715258
1873 8820.628624051762 2544.975750238693
1874 10826.999999999996 808.9999999998836
1875 10676.999999999996 808.9999999998836
1876 10676.999999999996 439.0000305175199
1877 10698.21321013939 430.2132406568853
1878 10706.999999999996 409.0000305175199
1879 10698.21321013939 387.7868203781545
1880 10676.999999999996 379.0000305175199
1881 10676.999999999996 9.000029563787393
1882 10826.999999999996 9.0
1883 10826.999999999996 379.0
1884 10805.786789860624 387.7867898605764
1885 10796.999999999996 408.9999999998836
1886 10805.786789860602 430.213210139249
1887 10826.999999999996 438.9999999998254
1888 11658.999999999996 1508.9998779296875
1889 11498.999999999996 1508.9999999998254
1890 11498.999999999996 1388.9999999998836
1891 11528.999999999996 1388.9999999998836
1892 11536.071067811896 1386.0710678116302
1893 11539.000000000011 1378.999999999709
1894 11539.000000000011 1339.0
1895 11536.071067811918 1331.9289321880206
1896 11528.999999999996 1328.9999999998254
1897 11498.999999999996 1328.9999999998254
1898 11498.999999999996 1208.9999999998254
1899 11658.999999999996 1208.9998779296875
1900 11658.999999999996 1328.9998779295129
1901 11628.999999999996 1328.9999999998254
1902 11621.928932188082 1331.9289321880206
1903 11618.999999999996 1339.0
1904 11618.999999999996 1378.999999999709
1905 11621.928932188104 1386.0710678116302
1906 11628.999999999996 1388.9999999998836
1907 11658.999999999996 1388.9998779296875
1908 11489.999999999996 1508.9999999998254
1909 11329.999999999996 1508.9999999998254
1910 11329.999999999996 1388.9999999998836
1911 11359.999999999996 1388.9999999998836
1912 11367.071067811881 1386.0710678116302
1913 11369.999999999989 1378.999999999709
1914 11369.999999999989 1339.0
1915 11367.071067811903 1331.9289321880206
1916 11359.999999999996 1328.9999999998254
1917 11329.999999999996 1328.9999999998254
1918 11329.999999999996 1208.9999999998254
1919 11489.999999999996 1208.9999999998254
1920 11489.999999999996 1328.9999999998254
1921 11459.999999999996 1328.9999999998254
1922 11452.928932188082 1331.9289321880206
1923 11449.999999999996 1339.0
1924 11449.999999999996 1378.999999999709
1925 11452.928932188104 1386.0710678116302
1926 11459.999999999996 1388.9999999998836
1927 11489.999999999996 1388.9999999998836
1928 11990.050781249996 2551.0625
1929 11965.03758058108 2557.7581336760777
1930 11946.727860238712 2576.067854018358
1931 11940.032226562496 2601.081054687209
1932 11784.973632812496 2601.0812988280086
1933 11299.791992187496 2601.081420898321
1934 10814.610351562496 2601.081542968692
1935 10807.914717886324 2576.0683422997827
1936 10789.60499754395 2557.758621957444
1937 10764.591796874996 2551.062988281308
1938 10764.590820312496 2242.9111328125
1939 10764.589843749996 1934.7592773436918
1940 10764.927576111088 1907.250804081792
1941 10765.650449435034 1879.749756492558
1942 10766.758321990896 1852.2615265977802
1943 10768.250976562496 1824.7915039061336
1944 10775.475805533893 1822.2649598442367
1945 10778.797851562496 1815.3696289061336
1946 10779.998046874996 1795.3979492188082
1947 10777.512953304224 1788.1763662734302
1948 10770.655273437496 1784.8149414061918
1949 10771.015863646713 1779.247350858699
1950 10771.382812499996 1773.6801757813082
1951 10796.74908035035 1765.2317734669195
1952 10808.749999999996 1741.3403320310172
1953 10968.513671874996 1753.1801757810172
1954 10975.24628200255 1770.1039819401922
1955 10991.674804687496 1777.9682617186336
1956 11009.854846769387 1771.972644040361
1957 11018.463867187496 1754.8745117188082
1958 11022.233398437511 1703.9956054685172
1959 11016.238474162823 1685.8162121941568
1960 10999.141601562496 1677.2065429686336
1961 10780.192382812496 1660.9809570313082
1962 10782.179626319226 1639.3885495257564
1963 10784.262695312496 1617.8051757809008
1964 10787.206689436196 1588.4416123805568
1965 10790.238465662023 1559.0869825943373
1966 10793.357996886643 1529.7415488455445
1967 10796.565255222213 1500.4055734751164
1968 10799.860211996627 1471.0793187394156
1969 10803.242837753776 1441.763046808017
1970 10806.713102253812 1412.457019761263
1971 10810.270974473435 1383.1614995877608
1972 10813.916422606137 1353.876748182287
1973 10817.649414062496 1324.6030273434008
1974 10821.09577285196 1298.0793393156491
1975 10824.589123824688 1271.5617995640496
1976 10828.129456012717 1245.0504913447658
1977 10831.716758300576 1218.5454978945781
1978 10835.351019425329 1192.0469024304184
1979 10839.032227976593 1165.554788148962
1980 10842.760372396606 1139.0692382267443
1981 10846.535440980228 1112.5903358196374
1982 10850.357421874996 1086.1181640625
1983 10854.683608284668 1056.581405810488
1984 10859.055506079607 1027.0513789470424
1985 10863.47310478632 997.5281542154262
1986 10867.93639382182 968.0118023427203
1987 10872.445362493669 938.5023940395331
1988 10876.999999999989 908.9999999998254
1989 10903.052844467249 902.7087458585738
1990 10917.016601562496 879.8320312498254
1991 11075.498046874996 904.6708374022855
1992 11080.82990210556 922.086909570964
1993 11096.563476562496 931.2631225585355
1994 11115.171457964982 926.7682062652893
1995 11125.144531249989 910.4281005859957
1996 11133.043945312511 860.0218505858793
1997 11128.54866171534 841.4145126012736
1998 11112.208984374996 831.4417724609957
1999 10894.660156249996 797.3452148435172
2000 10898.889822387824 771.2160130063421
2001 10903.15534434246 745.092640583578
2002 10907.45671407985 718.9751467783353
2003 10911.793923498382 692.8635807827231
2004 10916.166964428969 666.7579917776166
2005 10920.575828635028 640.6584289326565
2006 10925.020507812496 614.5649414061918
2007 10929.801515664953 586.6534978873678
2008 10934.60047976056 558.745136075886
2009 10939.417398112953 530.8398675235803
2010 10944.252268728309 502.9377037809463
2011 10949.105089605404 475.0386563970824
2012 10953.975858735557 447.14273692003917
2013 10958.864574102674 419.249956896354
2014 10963.771233683223 391.36032787139993
2015 10968.695835446259 363.47386138915317
2016 10973.6383773534 335.5905689923093
2017 10978.59885735883 307.71046222234145
2018 10983.577273409323 279.8335526192677
2019 10988.573623444227 251.95985172182554
2020 10993.587905395452 224.0893710674718
2021 10998.620117187496 196.2221221923246
2022 11021.304872606273 192.68891528015956
2023 11036.919921874996 175.85882568353554
2024 11106.249023437496 18.112703323131427
2025 11107.566406249996 15.111726760631427
2026 11523.798828124996 15.111564636055846
2027 11940.031249999996 15.111402511480264
2028 11940.031249999996 18.112379073980264
2029 11946.726727797173 43.125777278328314
2030 11965.036469036753 61.43568957736716
2031 11990.049804687496 68.1314010618953
2032 11990.05 564.717620849493
2033 11990.050195312495 1061.3038406371488
2034 11990.050390624998 1557.8900604247465
2035 11990.050585937493 2054.4762802124023
2036 11509.870117187496 1113.5236816403922
2037 11481.86505553409 1115.0866304308292
2038 11454.211330657814 1119.776810342155
2039 11427.257037155436 1127.535183169006
2040 11401.341465446942 1138.2640894578653
2041 11376.790830916481 1151.8284778069356
2042 11353.914167636864 1168.0576048420626
2043 11332.99943836591 1186.7471844696556
2044 11314.30990978052 1207.6619593522628
2045 11298.080838575606 1230.5386622388032
2046 11284.516510142097 1255.0893298729206
2047 11273.787667099914 1281.0049277650542
2048 11266.029360054705 1307.9592402015696
2049 11261.33924763199 1335.6129765241058
2050 11259.776367187496 1363.61804199178
2051 11259.776367187496 1463.6546630857047
2052 11261.339222230887 1491.6597474158043
2053 11266.029313455005 1519.3135050000856
2054 11273.787603697634 1546.2678403978352
2055 11284.516434423462 1572.1834622402093
2056 11298.080755014165 1596.7341541069327
2057 11314.309822736472 1619.610880819615
2058 11332.999351989576 1640.525678464328
2059 11353.914085777982 1659.2152791765402
2060 11376.790757040962 1675.4444250612287
2061 11401.341402562564 1689.0088295337628
2062 11427.256987747813 1699.7377488049679
2063 11454.211296637764 1707.496131141961
2064 11481.865038197353 1712.1863168501295
2065 11509.870117187496 1713.7492675780086
2066 11537.87521351437 1712.1863149128621
2067 11565.528971757278 1707.496123407851
2068 11592.48329603481 1699.7377315607737
2069 11618.398894696813 1689.008799307223
2070 11642.949551209564 1675.4443787112832
2071 11665.826230455914 1659.2152139770915
2072 11686.74096876178 1640.52559218026
2073 11705.430498682606 1619.6107717734412
2074 11721.659562922305 1596.734021234617
2075 11735.223875670195 1572.183305135346
2076 11745.952694079668 1546.2676593427313
2077 11753.71096751971 1519.3133009838057
2078 11758.401037545209 1491.6595221377793
2079 11759.963867187496 1463.6544189453125
2080 11759.963867187496 1363.6177978513879
2081 11758.400961341958 1335.6127512460807
2082 11753.71082772069 1307.959036185348
2083 11745.95250387293 1281.0047467100085
2084 11735.223648514428 1255.0891727679991
2085 11721.65931223812 1230.5385293664294
2086 11705.430237550612 1207.6618503060308
2087 11686.740709632937 1186.7470981855295
2088 11665.825984879437 1168.0575396425556
2089 11642.94932958316 1151.8284314568737
2090 11618.398706043812 1138.264059231209
2091 11592.483147812043 1127.5351659246953
2092 11565.528869697202 1119.7768026079284
2093 11537.87516150421 1115.0866284935037
GTSP_SET_SECTION
1 1 -1
2 2 3 4 5 6 7 8 9 10 11 12 13 14 15 -1
3 16 17 18 19 20 21 22 23 24 25 26 27 28 29 -1
4 30 31 32 33 34 35 36 37 38 39 40 41 42 43 -1
5 44 45 46 47 48 49 50 51 52 53 54 55 56 57 -1
6 58 59 60 61 62 63 64 65 66 67 68 69 70 71 72 73 74 75 76 77 -1
7 78 79 80 81 82 83 84 85 86 87 88 89 90 91 92 93 94 95 96 97 -1
8 98 99 100 101 102 103 104 105 106 107 108 109 110 111 -1
9 112 113 114 115 116 117 118 119 120 121 122 123 124 125 126 127 128 129 130 131 132 133 134 135 136 137 138 139 140 141 142 143 144 145 146 147 148 149 150 151 152 153 154 155 156 157 158 159 160 161 162 163 164 165 166 167 168 169 170 171 172 173 174 175 176 177 178 179 180 181 182 183 184 185 186 187 188 189 190 191 192 193 194 195 196 197 198 199 200 201 202 203 204 205 206 207 208 209 210 211 212 213 214 215 216 217 218 219 220 221 222 223 224 225 226 227 228 229 230 231 232 233 234 235 236 237 238 239 240 241 242 243 244 245 246 247 248 249 250 251 252 253 254 255 256 257 258 259 260 261 262 263 264 265 -1
10 266 267 268 269 270 271 272 273 274 275 276 277 278 279 -1
11 280 281 282 283 284 285 286 287 288 289 290 291 292 293 294 295 296 297 298 299 -1
12 300 301 302 303 304 305 306 307 308 309 310 311 312 313 -1
13 314 315 316 317 318 319 320 321 322 323 324 325 326 327 -1
14 328 329 330 331 332 333 334 335 336 337 338 339 340 341 -1
15 342 343 344 345 346 347 348 349 350 351 352 353 354 355 -1
16 356 357 358 359 360 361 362 363 364 365 366 367 368 369 -1
17 370 371 372 373 374 375 376 377 378 379 380 381 382 383 -1
18 384 385 386 387 388 389 390 391 392 393 394 395 396 397 398 399 400 401 402 403 -1
19 404 405 406 407 408 409 410 411 412 413 414 415 416 417 418 419 420 421 422 423 -1
20 424 425 426 427 428 429 430 431 432 433 434 435 436 437 438 439 440 441 442 443 444 445 446 447 448 449 450 451 452 453 454 455 456 457 458 459 460 461 462 463 464 465 466 467 468 469 470 471 472 473 474 475 476 477 478 479 480 481 482 483 484 485 486 487 488 489 490 491 492 493 494 495 496 497 498 499 500 501 502 503 504 505 506 507 508 509 510 511 512 513 514 515 516 517 518 519 520 521 522 523 524 525 526 527 528 529 530 531 -1
21 532 533 534 535 536 537 538 539 540 541 542 543 544 545 546 547 548 549 550 551 552 553 554 555 556 557 558 559 560 561 562 563 564 565 566 567 568 569 570 571 572 573 574 575 576 577 -1
22 578 579 580 581 582 583 584 585 -1
23 586 587 588 589 590 591 592 593 -1
24 594 595 596 597 598 599 600 601 602 603 604 605 -1
25 606 607 608 609 610 611 612 613 614 615 616 617 618 619 620 621 622 623 624 625 626 627 628 629 -1
26 630 631 632 633 634 635 636 637 638 639 640 641 -1
27 642 643 644 645 646 647 648 649 -1
28 650 651 652 653 654 655 656 657 658 659 660 661 662 663 -1
29 664 665 666 667 668 669 670 671 672 673 674 675 676 677 -1
30 678 679 680 681 682 683 684 685 686 687 688 689 690 691 692 693 694 695 696 697 -1
31 698 699 700 701 702 703 704 705 706 707 708 709 710 711 -1
32 712 713 714 715 716 717 718 719 720 721 722 723 724 725 726 727 728 729 730 731 732 733 734 735 736 737 738 739 740 741 742 743 744 745 746 747 748 749 750 751 752 753 754 755 756 757 758 759 760 761 762 763 764 765 766 767 768 769 770 771 772 773 774 775 776 777 778 779 780 781 782 783 784 785 786 787 788 789 790 791 792 793 794 795 796 797 798 799 800 801 802 803 804 805 806 807 808 809 810 811 812 813 814 815 816 817 818 819 820 821 822 823 824 825 826 827 828 829 830 831 832 833 834 835 836 837 838 839 840 841 842 843 844 845 846 847 848 849 850 851 852 853 854 855 856 857 858 859 860 861 862 863 864 865 -1
33 866 867 868 869 870 871 872 873 874 875 876 877 878 879 880 881 882 883 884 885 -1
34 886 887 888 889 890 891 892 893 894 895 896 897 898 899 900 901 902 903 904 905 -1
35 906 907 908 909 910 911 912 913 914 915 916 917 918 919 -1
36 920 921 922 923 924 925 926 927 928 929 930 931 932 933 -1
37 934 935 936 937 938 939 940 941 942 943 944 945 946 947 948 949 950 951 952 953 -1
38 954 955 956 957 958 959 960 961 962 963 964 965 966 967 968 969 970 971 972 973 -1
39 974 975 976 977 978 979 980 981 982 983 984 985 986 987 -1
40 988 989 990 991 992 993 994 995 996 997 998 999 1000 1001 -1
41 1002 1003 1004 1005 1006 1007 1008 1009 1010 1011 1012 1013 1014 1015 -1
42 1016 1017 1018 1019 1020 1021 1022 1023 1024 1025 1026 1027 1028 1029 -1
43 1030 1031 1032 1033 1034 1035 1036 1037 1038 1039 1040 1041 1042 1043 -1
44 1044 1045 1046 1047 1048 1049 1050 1051 1052 1053 1054 1055 1056 1057 -1
45 1058 1059 1060 1061 1062 1063 1064 1065 1066 1067 1068 1069 1070 1071 1072 1073 1074 1075 1076 1077 -1
46 1078 1079 1080 1081 1082 1083 1084 1085 1086 1087 1088 1089 1090 1091 -1
47 1092 1093 1094 1095 1096 1097 1098 1099 1100 1101 1102 1103 1104 1105 -1
48 1106 1107 1108 1109 1110 1111 1112 1113 1114 1115 1116 1117 1118 1119 -1
49 1120 1121 1122 1123 1124 1125 1126 1127 1128 1129 1130 1131 1132 1133 1134 1135 1136 1137 1138 1139 1140 1141 1142 1143 1144 1145 1146 1147 1148 1149 1150 1151 1152 1153 1154 1155 1156 1157 1158 1159 1160 1161 1162 1163 1164 1165 1166 1167 1168 1169 1170 1171 1172 1173 1174 1175 1176 1177 1178 1179 1180 1181 1182 1183 1184 1185 1186 1187 1188 1189 1190 1191 1192 1193 1194 1195 1196 1197 1198 1199 1200 1201 1202 1203 1204 1205 1206 1207 1208 1209 1210 1211 1212 1213 1214 1215 1216 1217 1218 1219 1220 1221 1222 1223 1224 1225 1226 1227 1228 1229 1230 1231 1232 1233 1234 1235 1236 1237 1238 1239 1240 1241 1242 1243 1244 1245 1246 1247 1248 1249 1250 1251 1252 1253 1254 1255 1256 1257 1258 1259 1260 1261 1262 1263 1264 1265 1266 1267 1268 1269 1270 1271 1272 1273 -1
50 1274 1275 1276 1277 1278 1279 1280 1281 1282 1283 1284 1285 1286 1287 1288 1289 1290 1291 1292 1293 1294 1295 1296 1297 1298 1299 1300 1301 1302 1303 1304 1305 1306 1307 1308 1309 1310 1311 1312 1313 1314 1315 1316 1317 1318 1319 1320 1321 1322 1323 1324 1325 1326 1327 1328 1329 1330 1331 1332 1333 1334 1335 1336 1337 1338 1339 1340 1341 1342 1343 1344 1345 1346 1347 1348 1349 1350 1351 1352 1353 1354 1355 1356 1357 1358 1359 1360 1361 1362 1363 1364 1365 1366 1367 1368 1369 1370 1371 1372 1373 1374 1375 1376 1377 1378 1379 1380 1381 1382 -1
51 1383 1384 1385 1386 1387 1388 1389 1390 1391 1392 1393 1394 1395 1396 -1
52 1397 1398 1399 1400 1401 1402 1403 1404 1405 1406 1407 1408 1409 1410 -1
53 1411 1412 1413 1414 1415 1416 1417 1418 1419 1420 1421 1422 1423 1424 -1
54 1425 1426 1427 1428 1429 1430 1431 1432 1433 1434 1435 1436 1437 1438 -1
55 1439 1440 1441 1442 1443 1444 1445 1446 1447 1448 1449 1450 1451 1452 -1
56 1453 1454 1455 1456 1457 1458 1459 1460 1461 1462 1463 1464 1465 1466 -1
57 1467 1468 1469 1470 1471 1472 1473 1474 1475 1476 1477 1478 1479 1480 -1
58 1481 1482 1483 1484 1485 1486 1487 1488 1489 1490 1491 1492 1493 1494 -1
59 1495 1496 1497 1498 1499 1500 1501 1502 1503 1504 1505 1506 1507 1508 1509 1510 1511 1512 1513 1514 -1
60 1515 1516 1517 1518 1519 1520 1521 1522 1523 1524 1525 1526 1527 1528 1529 1530 1531 1532 1533 1534 -1
61 1535 1536 1537 1538 1539 1540 1541 1542 1543 1544 1545 1546 1547 1548 -1
62 1549 1550 1551 1552 1553 1554 1555 1556 1557 1558 1559 1560 1561 1562 -1
63 1563 1564 1565 1566 1567 1568 1569 1570 1571 1572 1573 1574 1575 1576 -1
64 1577 1578 1579 1580 1581 1582 1583 1584 1585 1586 1587 1588 1589 1590 -1
65 1591 1592 1593 1594 1595 1596 1597 1598 1599 1600 1601 1602 1603 1604 1605 1606 1607 1608 1609 1610 1611 1612 1613 1614 1615 1616 1617 1618 1619 1620 1621 1622 1623 1624 1625 1626 1627 1628 1629 1630 1631 1632 1633 1634 1635 1636 1637 1638 1639 1640 1641 1642 1643 1644 1645 1646 1647 1648 1649 1650 1651 1652 1653 1654 1655 1656 1657 1658 1659 1660 1661 1662 1663 1664 1665 1666 1667 1668 1669 1670 1671 1672 1673 1674 1675 1676 1677 1678 1679 1680 1681 1682 1683 1684 1685 1686 1687 1688 1689 1690 1691 1692 1693 1694 1695 1696 1697 1698 1699 1700 1701 1702 1703 1704 1705 1706 1707 1708 1709 1710 1711 1712 1713 1714 1715 1716 1717 1718 1719 1720 1721 1722 1723 1724 1725 1726 1727 1728 1729 1730 1731 1732 1733 1734 1735 1736 1737 1738 1739 1740 1741 1742 1743 1744 1745 1746 1747 1748 -1
66 1749 1750 1751 1752 1753 1754 1755 1756 1757 1758 1759 1760 1761 1762 1763 1764 1765 1766 1767 1768 1769 1770 1771 1772 1773 1774 1775 1776 1777 1778 1779 1780 1781 1782 1783 1784 1785 1786 1787 1788 1789 1790 1791 1792 1793 1794 1795 1796 1797 1798 1799 1800 1801 1802 1803 1804 1805 1806 1807 1808 1809 1810 1811 1812 1813 1814 1815 1816 1817 1818 1819 1820 1821 1822 1823 1824 1825 1826 1827 1828 1829 1830 1831 1832 1833 1834 1835 1836 1837 1838 1839 1840 1841 1842 1843 1844 1845 1846 1847 1848 1849 1850 1851 1852 1853 1854 1855 1856 1857 -1
67 1858 1859 1860 1861 1862 1863 1864 1865 -1
68 1866 1867 1868 1869 1870 1871 1872 1873 -1
69 1874 1875 1876 1877 1878 1879 1880 1881 1882 1883 1884 1885 1886 1887 -1
70 1888 1889 1890 1891 1892 1893 1894 1895 1896 1897 1898 1899 1900 1901 1902 1903 1904 1905 1906 1907 -1
71 1908 1909 1910 1911 1912 1913 1914 1915 1916 1917 1918 1919 1920 1921 1922 1923 1924 1925 1926 1927 -1
72 1928 1929 1930 1931 1932 1933 1934 1935 1936 1937 1938 1939 1940 1941 1942 1943 1944 1945 1946 1947 1948 1949 1950 1951 1952 1953 1954 1955 1956 1957 1958 1959 1960 1961 1962 1963 1964 1965 1966 1967 1968 1969 1970 1971 1972 1973 1974 1975 1976 1977 1978 1979 1980 1981 1982 1983 1984 1985 1986 1987 1988 1989 1990 1991 1992 1993 1994 1995 1996 1997 1998 1999 2000 2001 2002 2003 2004 2005 2006 2007 2008 2009 2010 2011 2012 2013 2014 2015 2016 2017 2018 2019 2020 2021 2022 2023 2024 2025 2026 2027 2028 2029 2030 2031 2032 2033 2034 2035 -1
73 2036 2037 2038 2039 2040 2041 2042 2043 2044 2045 2046 2047 2048 2049 2050 2051 2052 2053 2054 2055 2056 2057 2058 2059 2060 2061 2062 2063 2064 2065 2066 2067 2068 2069 2070 2071 2072 2073 2074 2075 2076 2077 2078 2079 2080 2081 2082 2083 2084 2085 2086 2087 2088 2089 2090 2091 2092 2093 -1
GTSP_SET_ORDERING
18 21 20 -1
19 21 20 -1
21 20 -1
22 20 -1
23 20 -1
24 20 -1
25 20 -1
26 20 -1
27 20 -1
33 50 49 -1
34 50 49 -1
35 50 49 -1
36 50 49 -1
37 50 49 -1
38 50 49 -1
39 50 49 -1
40 50 49 -1
41 50 49 -1
42 50 49 -1
43 50 49 -1
44 50 49 -1
45 50 49 -1
46 50 49 -1
47 50 49 -1
48 50 49 -1
50 49 -1
51 66 65 -1
52 66 65 -1
53 66 65 -1
54 66 65 -1
55 66 65 -1
56 66 65 -1
57 66 65 -1
58 66 65 -1
59 66 65 -1
60 66 65 -1
61 66 65 -1
62 66 65 -1
63 66 65 -1
64 66 65 -1
66 65 -1
67 65 -1
68 65 -1
70 73 72 -1
71 73 72 -1
73 72 -1
EOF