NAME: Lc73v1417
TYPE: PCGTSP 
COMMENT: 
DIMENSION: 1418
GTSP_SETS: 74
EDGE_WEIGHT_TYPE: EUC_2D
NODE_COORD_SECTION
1 0.0 0.0
2 2210.0 279.00000000023283
3 1853.5 279.00013732910156
4 1497.0 279.0002746580867
5 1498.470703125 264.0002746582031
6 1732.2976074218677 129.00018310570158
7 1976.1730957031177 129.00009155273438
8 2210.0 263.9999999998836
9 2226.0 438.9999999998836
10 1857.5 438.9999999998836
11 1489.0 438.9999999998836
12 1489.0 298.9999999998836
13 1499.0 298.9999999998836
14 1506.071067811863 296.0710678118048
15 1509.0 289.0
16 1867.5 289.0
17 2226.0 289.0
18 2144.0 464.0
19 2009.0 599.0000610351562
20 1623.3489990234302 599.0001831055852
21 1488.3489990234302 464.000244140625
22 1486.0 449.00024414039217
23 1815.0 449.0001220701961
24 2144.0 449.0
25 2731.19091796875 2008.9998779300367
26 2477.595458984375 2008.9999389650766
27 2224.0 2009.0000000001164
28 2221.0724509886313 2001.922499318025
29 2213.99609375 1998.9921875002328
30 2203.9921875 1998.9921875002328
31 2203.99212646484 1615.3476562502328
32 2203.992065429684 1231.7031250001164
33 2203.9920043945276 848.0585937501164
34 2203.9919433593677 464.4140625
35 2213.9958496093677 464.4140625
36 2221.0722068480864 461.48375068209134
37 2223.9997558593677 454.4062499998836
38 2477.5952148437427 454.4062042236328
39 2731.1906738281177 454.4061584472656
40 2731.1907348632776 843.0545883179875
41 2731.190795898434 1231.7030181887094
42 2731.19085693359 1620.3514480593149
43 952.0 1444.0
44 797.0 1444.0
45 782.0 1429.0
46 782.0 1379.0000000001164
47 809.677734375 1351.322265625
48 817.7883555217595 1345.9029693250777
49 827.35546875 1344.0000000002328
50 927.0 1344.0000000002328
51 944.6776695296139 1351.3223304704297
52 952.0 1369.0
53 1082.0 1408.0000000002328
54 1067.0 1423.0
55 962.0 1423.0
56 962.0 1347.9999999998836
57 969.3223088911691 1330.3223520494066
58 986.9999389648401 1323.0000000001164
59 1036.6484375 1323.0000000001164
60 1046.2123980464567 1324.9040902613197
61 1054.3203125 1330.322265625
62 1082.0 1358.0
63 1072.0 1312.9999999998836
64 959.0 1312.9999999998836
65 944.0 1297.9999999998836
66 944.0 1241.0000000001164
67 971.677734375 1213.3222656248836
68 979.7883555217668 1207.9029693249613
69 989.35546875 1206.0
70 1047.0 1206.0
71 1064.6776695297121 1213.3223304704297
72 1072.0 1231.0000000002328
73 913.0000610351599 1308.9998779300367
74 905.6777305647702 1326.677547459607
75 888.0000610351599 1333.9998779296875
76 785.0000610351599 1334.0
77 785.0 1241.9999999998836
78 800.0 1227.0
79 913.0 1226.9998779293383
80 959.0 1211.0
81 846.0 1211.0
82 831.0 1196.0000000002328
83 831.0 1138.9999999998836
84 858.677734375 1111.3222656248836
85 866.7883555217377 1105.902969324845
86 876.35546875 1103.9999999998836
87 934.0 1103.9999999998836
88 951.6776695296685 1111.3223304703133
89 959.0 1129.0
90 1114.0 1180.9999999996508
91 1099.0 1196.0000000002328
92 994.0 1196.0000000002328
93 994.0 1121.0000000001164
94 1001.3223304702879 1103.3223304703133
95 1019.0 1095.9999999998836
96 1068.6484375 1095.9999999998836
97 1078.212398046504 1097.9040902613197
98 1086.3203125 1103.3222656252328
99 1114.0 1131.0
100 1143.0 987.0000000002328
101 1128.0 1002.0
102 1023.0 1002.0
103 1023.0 926.9999999998836
104 1030.3223304703897 909.3223304703133
105 1048.0 902.0000000002328
106 1097.6484375 902.0000000002328
107 1107.2123980464276 903.9040902614361
108 1115.3203125 909.322265625
109 1143.0 936.9999999998836
110 1013.000061035149 1068.999877929571
111 1005.6777305648648 1086.6775474593742
112 988.000061035149 1093.9998779299203
113 930.3555297851599 1094.0
114 920.7884165568976 1092.0970306750387
115 912.6777954101599 1086.677734375
116 885.000061035149 1059.0
117 885.0 1002.0
118 900.0 987.0000000002328
119 1013.0 986.9998779296875
120 1011.0 971.9999999998836
121 898.0 971.9999999998836
122 883.0 956.9999999998836
123 883.0 865.0000000001164
124 986.0 865.0000000001164
125 1003.6776695296685 872.3223304705461
126 1011.0 890.0000000002328
127 845.322326660149 973.677734375
128 837.2121636593693 979.0968766636215
129 827.6455688476599 981.0000610351562
130 737.999084472649 981.0001220701961
131 720.3214149429805 973.6777915997664
132 712.999084472649 956.0001220700797
133 712.9990234375 868.0001220703125
134 858.0 868.0000000001164
135 873.0 883.0000000001164
136 873.0000610351599 946.0
137 847.322326660149 1096.6777343751164
138 839.2121566270471 1102.0968438229756
139 829.6455688476599 1103.9999999998836
140 739.999084472649 1104.0001220703125
141 722.3214149429841 1096.6777915999992
142 714.999084472649 1079.0001220703125
143 714.9990234375 991.0001220700797
144 860.0 990.9999999997672
145 875.0 1005.9999999997672
146 875.0000610351599 1068.9999999998836
147 701.000061035149 1040.9998779294547
148 693.6777305649048 1058.6775474593742
149 676.000061035149 1065.999877929804
150 527.000061035149 1066.0000000001164
151 527.0 981.0000000001164
152 542.0 966.0
153 701.0 965.9998779295711
154 649.0 1175.9999999997672
155 488.0 1175.9999999997672
156 473.0 1161.0000000001164
157 473.0 1111.0000000003492
158 500.669921875 1083.3300781251164
159 508.78325126646087 1077.9050828043837
160 518.35546875 1075.9999999997672
161 624.0 1075.9999999997672
162 641.6776695297085 1083.3223304700805
163 649.0 1100.9999999998836
164 793.322326660149 1219.6777343751164
165 785.2121566270398 1225.096843823092
166 775.645568847649 1227.0
167 685.999084472649 1227.000122070196
168 668.3214149429805 1219.6777915997664
169 660.999084472649 1202.0001220700797
170 660.9990234375 1114.0001220703125
171 806.0 1114.0
172 821.0 1129.0
173 821.000061035149 1192.0
174 651.0009765625 1273.9998779299203
175 643.678710829794 1291.6776047922904
176 626.0010375976599 1299.0
177 536.354553222649 1299.0
178 526.78796544324 1297.0968438229756
179 518.6777954101599 1291.677734375
180 491.0000305175781 1264.0
181 491.0 1200.9999999998836
182 506.0 1186.0000000001164
183 651.0009765625 1185.999877929571
184 772.0009765625 1397.999877929804
185 764.6787108297904 1415.677604792174
186 747.001037597649 1423.0
187 657.354553222649 1423.0
188 647.7879654432072 1421.0968438229756
189 639.677795410149 1415.6777343747672
190 612.0 1388.0
191 612.0 1325.0
192 627.0 1310.0000000001164
193 772.0009765625 1309.999877929804
194 2782.6022949218677 2339.823974609142
195 2768.7917480468677 2353.827880859375
196 2427.473429361973 2353.828043619753
197 2086.155110677082 2353.828206380247
198 1744.8367919921875 2353.828369140625
199 1730.8309326171875 2339.8234863282414
200 1730.8308105468677 2219.698486328125
201 1747.210873731623 2211.733628050657
202 1753.8395996093677 2194.7687988280086
203 1746.5172710470652 2177.081361765391
204 1728.8298339843677 2169.759033203125
205 1688.8151855468677 2169.759033203125
206 1671.1277484841703 2177.081361765391
207 1663.8054199218677 2194.7687988280086
208 1663.8055419921802 2353.828369140625
209 1272.1595153808557 2353.8284912109375
210 880.5134887695276 2353.8286132813664
211 866.5066528320276 2339.823974609142
212 866.5065917968786 2219.6989746094914
213 882.8867378300165 2211.7340266569518
214 889.5153808593786 2194.76904296875
215 882.1933110563732 2177.0821092664264
216 864.5065917968677 2169.759521484142
217 824.4909667968677 2169.759521484142
218 806.8041611611552 2177.0821955513675
219 799.4821777343677 2194.7692871094914
220 799.4822387695276 2353.8288574217586
221 429.5886993408167 2353.8289794921875
222 59.695159912109375 2353.8291015626164
223 52.67188599578003 2329.240464311675
224 34.40966734314861 2311.3402177143143
225 9.685370445247827 2304.8105468751164
226 9.685161272682308 1854.6419474285794
227 9.68495210011315 1404.473347981926
228 9.684742927547632 954.3047485353891
229 9.684534549709497 506.63676643394865
230 9.684326171867724 58.968784332391806
231 34.408610133450566 52.439094003639184
232 52.670810694111424 34.538839706918225
233 59.69406890868777 9.950205803150311
234 499.79644902546715 9.950001240009442
235 939.8988291422465 9.949796676752158
236 1380.0012092590296 9.949592113611288
237 1820.103589375809 9.94938755047042
238 2260.2059694925883 9.949182987213135
239 2700.3083496093677 9.948978424072266
240 2707.4500580088315 34.7357402384514
241 2725.9961529349894 52.66420707467478
242 2751.0104980468677 58.96262741088867
243 2756.068359375 424.1042175294133
244 2333.0556640625 424.10443115222733
245 2307.0425958341657 426.374871759559
246 2281.8174122530945 433.1220735873794
247 2258.14453125 444.1415710449219
248 2262.351860884064 422.0012509449152
249 2264.8852723025666 399.60756381298415
250 2265.73046875 377.08688354480546
251 2264.2955119634426 347.66722253977787
252 2259.9824694573726 318.53007753612474
253 2252.8329177900523 289.9563226973405
254 2242.9157766976314 262.2214012591867
255 2230.326644726596 235.592670331127
256 2215.1868776897427 210.3268236463191
257 2197.6424188291167 186.6674171044724
258 2177.8623919627935 164.8425209581619
259 2156.0374711772056 145.06252127850894
260 2132.3780427807433 127.51809188968036
261 2107.1121772368897 112.37835632567294
262 2080.483430626893 99.78925752523355
263 2052.7484968352983 89.8721509813331
264 2024.1747330906255 82.72263490746263
265 1995.0375827143034 78.40962869662326
266 1965.6179199218677 76.9747085571289
267 1765.5437011718677 76.97480011009611
268 1736.1239803904064 78.4096657903865
269 1706.9867677596085 82.72262886550743
270 1678.4129391491624 89.87211338675115
271 1650.6779395394442 99.78920000675134
272 1624.0491277967594 112.37829034531023
273 1598.7831993968102 127.5180285355309
274 1575.123711940756 145.06247106578667
275 1553.2987373172837 164.84249364072457
276 1533.5186631432844 186.66742149973288
277 1515.9741646767689 210.32686747668777
278 1500.834366752275 235.59276008279994
279 1488.2452134572814 262.221542062005
280 1478.3280612655508 289.95651822537184
281 1471.1785091893216 318.53032993280794
282 1466.8654772273112 347.66753236670047
283 1465.4305419921802 377.08724975574296
284 1466.8655060711644 406.506962398882
285 1471.1785659482994 435.6441573293414
286 1478.3281447512563 464.2179589115549
287 1488.2453222392724 491.9529224879807
288 1500.8344991779231 518.5816896002507
289 1515.9743188929897 543.8475652611814
290 1533.518837120002 567.5069924329873
291 1553.2989288722274 589.3318998598261
292 1575.1239187653846 609.1119006201625
293 1598.783419083029 626.6563202069374
294 1624.04935786414 641.7960345841711
295 1650.6781774626434 654.3851005029865
296 1678.413182385233 664.3021623591194
297 1706.987013774935 671.4516220330261
298 1736.1242266869558 675.7645604322897
299 1765.5439453125 677.1994018557016
300 1965.6181640625 677.1993408203125
301 1992.5948351041625 675.988416806329
302 2019.3533313939042 672.3566137045855
303 2045.6768475323224 666.3333574782591
304 2071.352102460245 657.9674503640272
305 2096.171067526171 647.3266754620709
306 2119.932651997049 634.4972475367831
307 2142.444332356008 619.5831144786207
308 2163.5237121859027 602.7051150875632
309 2183.0 584.0
310 2183.0002441406214 1040.8929036458721
311 2183.0004882812464 1497.7858072916279
312 2183.0007324218677 1954.6787109375
313 2185.874789577647 1983.9569790302776
314 2194.408141765067 2012.1111809811555
315 2208.272548022029 2038.058347034268
316 2226.934704911764 2060.8004025100963
317 2249.676760387647 2079.4625593998935
318 2275.6239264407486 2093.32696565683
319 2303.778128391623 2101.860317844199
320 2333.0563964843677 2104.7343750001164
321 2779.3464355468677 2104.7341308592586
322 459.8537902831995 1154.379760742304
323 461.2887570376188 1183.7994083819212
324 465.60180690195193 1212.9365392923355
325 472.7513632833179 1241.5102796910796
326 482.66850646032253 1269.2451867222553
327 495.25763794989325 1295.8739036490442
328 510.39740204987174 1321.1397370969644
329 527.941855674002 1344.7991315071704
330 547.7218752024091 1366.6240169428056
331 569.5467867859516 1386.4040076201782
332 593.2062043886981 1403.9484299680917
333 618.4720578504384 1419.088160668267
334 645.1007914191287 1431.6772569564637
335 672.8357115601502 1441.594363469747
336 701.4094614101014 1448.7438820784446
337 730.546598022087 1453.0568934254115
338 759.9662475585901 1454.491821288946
339 960.0414428710901 1454.491821288946
340 989.4610927015237 1453.0568603324937
341 1018.5982263333717 1448.74381583801
342 1047.17196992151 1441.5942643519957
343 1074.9068805437564 1431.6771255575586
344 1101.535601393869 1419.087997907889
345 1126.801439026618 1403.9482370838523
346 1150.4608378110352 1386.4037861591205
347 1172.2857277387884 1366.6237687492976
348 1192.065722955489 1344.7988587077707
349 1209.610149821674 1321.1394420829602
350 1224.7498849535223 1295.8735890550306
351 1237.3389855251407 1269.244855403318
352 1247.2560961167073 1241.5099346967181
353 1254.4056185468871 1212.9361838384066
354 1258.7186334126527 1183.7990458207205
355 1260.1535644531177 1154.3793945311336
356 1258.7187045244136 1124.9596710840706
357 1254.405746680146 1095.822455270798
358 1247.256266825214 1067.2486230371287
359 1237.339184273289 1039.5136194428196
360 1224.7500973807619 1012.884803435998
361 1209.6103620009198 987.6188705748646
362 1192.0659216419372 963.9593785429606
363 1172.2859006055623 942.1343993101036
364 1150.4609736684142 922.354320571525
365 1126.8015280217332 904.8098176601343
366 1101.5356351880619 889.6700154806022
367 1074.906852465101 877.0808581851888
368 1047.1718750903383 867.1637023057556
369 1018.5980617589848 860.0141469055088
370 989.4608573486803 855.7011120264651
371 960.0411376953089 854.266174316057
372 759.9659423828089 854.2662963867188
373 730.5462259416163 855.7012608362129
374 701.4090273227266 860.0143218252342
375 672.8352222698377 867.1639024597825
376 645.1002555451523 877.0810824638465
377 618.471485706621 889.6702625538455
378 593.2056078343085 904.8100859937258
379 569.5461790501795 922.3546084455447
380 547.7212706847131 942.1347048379248
381 527.9412697228981 963.9596996924374
382 510.3968507231657 987.6192051905673
383 495.2571377594868 1012.885149262147
384 482.66807410505135 1039.5139741471503
385 472.75101537344744 1067.2489842348732
386 465.6015596790676 1095.8228205492487
387 461.2886260937594 1124.9600380269112
388 1035.5700683593677 2214.7768554688664
389 1041.8639411739314 2238.289361382602
390 1059.0751405706615 2255.5005607793573
391 1082.5876464843677 2261.7944335938664
392 1442.7224121093677 2261.794189453125
393 1466.2353308325255 2255.5006423981395
394 1483.4469313812988 2238.289399329573
395 1489.7409667968786 2214.776611328125
396 1483.4469313812951 2191.263823326677
397 1466.2353308325219 2174.0525802581105
398 1442.7224121093677 2167.7590332032414
399 1082.5876464843677 2167.75927734375
400 1059.0751405706214 2174.053150158259
401 1041.8639411738914 2191.264349555131
402 432.3444824218677 2174.761474609142
403 455.3175661887144 2170.198539548088
404 474.7933347041471 2157.1878748893505
405 487.8039894608846 2137.712099758908
406 492.3669128417896 2114.739013672108
407 487.80398363093263 2091.7659134797286
408 474.79331313322473 2072.2901308605215
409 455.317523898997 2059.2794702649117
410 432.34442138671875 2054.7165527342586
411 409.37133761973746 2059.2794877954293
412 389.8955691042538 2072.2901524543995
413 376.8849143475636 2091.7659275850747
414 372.3219909668005 2114.739013672108
415 376.8849201777957 2137.712113864254
416 389.89559067555456 2157.1878964832285
417 409.3713799097277 2170.198557078722
418 3136.0 2377.999999999767
419 2902.1728515625 2513.0
420 2459.1151860555 2513.0
421 2016.0575205485038 2513.0
422 1572.999855041504 2513.0
423 1129.942189534504 2513.0
424 686.8845240275077 2513.0
425 243.8268585205078 2513.0
426 9.999999046318408 2377.999999999767
427 10.0 2362.9999999998836
428 456.57142857142753 2362.9999999998836
429 903.1428571428587 2362.9999999998836
430 1349.7142857142862 2362.9999999998836
431 1796.2857142857138 2362.9999999998836
432 2242.8571428571413 2362.9999999998836
433 2689.4285714285725 2362.9999999998836
434 3136.0 2362.9999999998836
435 4992.0 2121.9995117186336
436 4970.786796564356 2130.7863082831027
437 4962.0 2151.9995117188664
438 4642.0 2151.999755859375
439 4322.0 2151.999999999767
440 4313.213203435502 2130.7867965643527
441 4292.0 2122.000000000233
442 4292.0 2017.0000000001164
443 4317.98046875 2002.0000000002328
444 4641.999755859375 2001.999755859375
445 4966.01904296875 2001.9995117186336
446 4992.0 2016.99951171875
447 4982.0 1976.9999999998836
448 4956.01953125 1992.0
449 4632.000244140625 1992.0001220703125
450 4307.98095703125 1992.0002441407414
451 4282.0 1977.0002441407414
452 4282.0 1872.000244140625
453 4303.213203435549 1863.2134475763887
454 4312.0 1842.0002441408578
455 4632.0 1842.0001220705453
456 4952.0 1842.0000000001164
457 4960.786796564447 1863.2132034356473
458 4982.0 1872.0
459 3993.0 1309.0000000001164
460 3701.1494140624964 1140.5001525878906
461 3409.298828124989 972.0003051755484
462 3418.740234375 960.1307983397273
463 3688.740234375 960.1306152346078
464 3865.5 1062.182861328125
465 4000.5 1296.0096435546875
466 3918.015625 1429.0468749997672
467 3903.009765624989 1444.0546875
468 3637.9106445312464 1444.0548095703125
469 3372.8115234375 1444.0549316407414
470 3366.1149125402917 1419.04296939075
471 3347.805323202494 1400.7344524824293
472 3322.79296875 1394.039306640625
473 3322.7927246093677 1025.8986816407414
474 3472.8483886718677 1025.8986816407414
475 3472.8486328125 1143.9455566407414
476 3475.7229013635733 1173.2237887184601
477 3484.256450986217 1201.3779149547918
478 3498.1210334628267 1227.3249696248677
479 3516.783339128957 1250.0668833641103
480 3539.525510956508 1268.7288745190017
481 3565.472757364376 1282.593098159181
482 3593.6270016128947 1291.126258423319
483 3622.9052734375 1294.0001220705453
484 3892.0 1294.0000000003492
485 3918.015625 1309.0078124998836
486 5533.0107421875 2304.037109375233
487 5507.996390596087 2310.335533571313
488 5489.4502946583525 2328.2640097575495
489 5482.30859375 2353.050781250233
490 5042.206217447918 2353.0508626303636
491 4602.103841145832 2353.0509440106107
492 4162.00146484375 2353.051025390858
493 3721.899088541668 2353.0511067709886
494 3281.796712239582 2353.0511881511193
495 2841.6943359375 2353.0512695313664
496 2834.671066082403 2328.4626391137717
497 2816.4088571847606 2310.562393544242
498 2791.6845703125 2304.0327148438664
499 2791.6845703125 1856.3646850585938
500 2791.6845703125 1408.6966552734375
501 2791.6844889322892 958.5280545551796
502 2791.6844075520785 508.359453837038
503 2791.6843261718677 58.19085311878007
504 2816.4086157296406 51.661172785796225
505 2834.6708250384036 33.760923330904916
506 2841.6940917968677 9.172288894886151
507 3211.5876464843677 9.172216415405273
508 3581.4812011718677 9.172143935924396
509 3581.4812011718677 168.23171997070312
510 3588.803189997343 185.91880166251212
511 3606.4899902343677 193.24147033656482
512 3646.5056152343677 193.24147033656482
513 3664.1924208699784 185.91879626968876
514 3671.5144042968677 168.23170471179765
515 3664.8856784190793 151.26687548914924
516 3648.5056152343677 143.30201721179765
517 3648.5056152343677 23.177013397216797
518 3662.5124511718677 9.172128677368164
519 4054.158325195309 9.172052383422852
520 4445.80419921875 9.171976089477539
521 4445.80419921875 168.23155212413985
522 4453.12653317966 185.91897932079155
523 4470.81396484375 193.2413024903508
524 4510.82861328125 193.2413024903508
525 4528.516055742646 185.91896853537764
526 4535.83837890625 168.23152160656173
527 4529.209647850479 151.26670203800313
528 4512.82958984375 143.30184936523438
529 4512.82958984375 23.176845550653525
530 4526.83544921875 9.171959876897745
531 4868.15380859375 9.171893437509425
532 5209.47216796875 9.17182699823752
533 5550.79052734375 9.1717605588492
534 5564.60107421875 23.1756649017334
535 5561.34521484375 258.2655029298039
536 5115.05517578125 258.2655944824219
537 5085.776903945298 261.1396523794392
538 5057.622698684972 269.67300674074795
539 5031.675530163087 283.53741643577814
540 5008.9334734117365 302.1995777579723
541 4990.271316714756 324.94163830473553
542 4976.406912296701 350.88880964624695
543 4967.873563661295 379.04301664198283
544 4964.99951171875 408.3212890625
545 4964.999674479168 865.2141927083721
546 4964.999837239582 1322.1070963541279
547 4965.0 1779.0
548 4945.523706052751 1760.2948996855412
549 4924.444321770185 1743.416915150592
550 4901.9326386015855 1728.5027968524955
551 4878.171052908387 1715.6733834192855
552 4853.352088134525 1705.0326225796016
553 4827.676834924154 1696.6667289467296
554 4801.353321825354 1690.6434854823165
555 4774.59482978089 1687.0116942988243
556 4747.618164062489 1685.80078125
557 4547.5439453125 1685.800903320196
558 4518.124225371626 1687.235756895272
559 4488.987012369689 1691.5487077019643
560 4460.413182152697 1698.698179914034
561 4432.678179689785 1708.6152543093776
562 4406.049363848804 1721.2043326350395
563 4380.783430120064 1736.3440591515973
564 4357.123936132448 1753.8884904740844
565 4335.298953815469 1773.668502431712
566 4315.518870839765 1795.4934203847079
567 4297.974362529691 1819.1528572828975
568 4282.834553798257 1844.4187417470384
569 4270.24538882295 1871.047516623279
570 4260.32822417836 1898.7824868160533
571 4253.178658987483 1927.356293768622
572 4248.865613368773 1956.4934927361319
573 4247.4306640625 1985.9132080078125
574 4248.865624594091 2015.3329150999198
575 4253.17867984061 2044.470104936161
576 4260.328252990501 2073.0439020391786
577 4270.245423884262 2100.778861901723
578 4282.8345933881355 2127.407626204891
579 4297.974404946697 2152.6735000880435
580 4315.518914430748 2176.332926625386
581 4335.298997003501 2198.1578346556053
582 4357.1239774431815 2217.9378373329528
583 4380.7834682061475 2235.482260206016
584 4406.049397512026 2250.621979272808
585 4432.678207900633 2263.2110512957443
586 4460.413204067092 2273.128120659152
587 4488.987027342628 2280.2775892078644
588 4518.124232967602 2284.5905377909075
589 4547.5439453125 2286.025390624767
590 4747.618164062489 2286.025390624767
591 4777.037818566387 2284.590447247261
592 4806.174958518179 2280.277419418213
593 4834.748709939122 2273.127883533947
594 4862.483629760249 2263.210759145324
595 4889.112361017444 2250.6216445910977
596 4914.378210098726 2235.481895457604
597 4938.0376211997245 2217.9374547431944
598 4959.862524134365 2198.1574460092233
599 4979.642532868416 2176.332543074619
600 4997.186973582771 2152.673131973599
601 5012.326722716345 2127.4072828922654
602 5024.915837270499 2100.7785516350996
603 5034.832961659213 2073.0436318139546
604 5041.982497543417 2044.4698803931242
605 5046.295525372549 2015.332740441314
606 5047.73046875 1985.9130859373836
607 5046.885272302552 1963.3924056693213
608 5044.351860884046 1940.9987185375066
609 5040.14453125 1918.8583984376164
610 5063.817414184934 1929.8778853217373
611 5089.042597712574 1936.6250768589089
612 5115.0556640625 1938.8955078126164
613 5538.068359375 1938.8953857421875
614 3241.853515625 1208.6214599611703
615 3243.288380425307 1238.041171722347
616 3247.6013408598265 1267.1783755930373
617 3254.7508210309716 1295.7521959604928
618 3264.667901675526 1323.4871880931314
619 3277.256984529722 1350.1159933611052
620 3292.396713873408 1375.3819165088935
621 3309.9411463699253 1399.0414001356112
622 3329.7211579246214 1420.8663725297665
623 3351.5460740003255 1440.6464462252334
624 3375.2055076738434 1458.1909460858442
625 3400.4713877151335 1473.330747367465
626 3427.1001571389097 1485.9199060400715
627 3454.8351210351902 1495.8370656527113
628 3483.4089210462735 1502.9866271802457
629 3512.5461126367845 1507.2996705751866
630 3541.9658203125 1508.7346191402758
631 3742.041015625 1508.7346191402758
632 3771.4607384926967 1507.2996690928703
633 3800.597944837162 1502.9866212505149
634 3829.1717587311796 1495.8370523963822
635 3856.906735220393 1485.9198827198707
636 3883.535515548934 1473.3307114419295
637 3908.8014044359697 1458.1908952607773
638 3932.4608445587946 1440.6463785013184
639 3954.2857643891 1420.8662862454075
640 3974.0657767496996 1399.0412940056995
641 3991.6102068982545 1375.3817896572873
642 4006.749930587677 1350.1158453476382
643 4019.3390043847176 1323.4870189336361
644 4029.2560725309086 1295.7520061405376
645 4036.4055367839937 1267.1781660740962
646 4040.7184779628624 1238.0409439408686
647 4042.1533203125 1208.621215820429
648 4040.7183642275486 1179.2015543042216
649 4036.4053223232295 1150.0644087297842
650 4029.2557711533664 1121.4906532753957
651 4019.3386304515298 1093.7557311916025
652 4006.7494987635364 1067.126999602653
653 3991.609731903387 1041.8611522566061
654 3974.065273116139 1018.2017450670246
655 3954.28524622463 996.3768483006861
656 3932.4603253217065 976.5968480408192
657 3908.8008967237 959.0524181239307
658 3883.535030903411 943.912682094262
659 3856.9062839526305 931.3235828998731
660 3829.1713497674937 921.4064760415349
661 3800.5975855889665 914.2569597386755
662 3771.4604347515706 909.9439533888362
663 3742.0407714843677 908.509033203125
664 3541.9655761718677 908.5090942382812
665 3512.5459342292233 909.9440604367992
666 3483.4088088514727 914.2571086334065
667 3454.8350736587963 921.4066622672835
668 3427.1001713498736 931.3238016702235
669 3400.4714585124166 943.9129284329247
670 3375.2056283815473 959.0526869455352
671 3351.5462363898587 976.5971342326375
672 3329.7213523621394 996.3771468008636
673 3309.94136198701 1018.2020509423455
674 3292.396938758571 1041.8614607745549
675 3277.2572059380327 1067.1273063005647
676 3264.6681062534626 1093.756031939527
677 3254.750995053324 1121.4909443329088
678 3247.601470475329 1150.064686795813
679 3243.288451907534 1179.2018165593036
680 3801.5632324218677 151.22581481921952
681 3806.3543374962574 175.34747908788268
682 3820.0155062442573 195.796974029392
683 3840.465004493246 209.45813782629557
684 3864.5866699218677 214.2492370606633
685 4224.72119140625 214.24916076671798
686 4248.843160286033 209.45834056625608
687 4269.292991907703 195.7972378481645
688 4282.954411496474 175.34761790907942
689 4287.74560546875 151.22572326648515
690 4282.954689799124 127.10353104118258
691 4269.293334716567 106.6535821899306
692 4248.843384211559 92.99222958285827
693 4224.72119140625 88.20131683337968
694 3864.5866699218677 88.20138549804688
695 3840.464771752915 92.99258092790842
696 3820.0151499418025 106.65400445181876
697 3806.354048239562 127.10384125320707
698 5879.999999999996 2610.99755859375
699 5436.999999999996 2610.9979073660215
700 4993.999999999996 2610.998256138293
701 4550.999999999996 2610.9986049105646
702 4108.0 2610.9989536829526
703 3665.0 2610.999302455224
704 3222.0 2610.9996512274956
705 2779.0 2610.999999999767
706 2779.0 2596.0000000001164
707 3012.82666015625 2460.999755859375
708 3451.717692057293 2460.999430338503
709 3890.608723958332 2460.9991048176307
710 4329.499755859375 2460.9987792967586
711 4768.390787760418 2460.9984537758864
712 5207.281819661457 2460.9981282550143
713 5646.1728515625 2460.997802734142
714 5879.999999999996 2595.99755859375
715 7092.585937499996 2403.00732421875
716 6708.941406249996 2403.0074462890625
717 6325.296874999996 2403.007568359375
718 5941.652343749996 2403.007690429571
719 5558.0078125 2403.0078124998836
720 5558.0078125 2393.00390625
721 5555.07750068215 2385.927549011307
722 5548.0 2382.9999999998836
723 5548.0 2129.404541015625
724 5548.0 1875.80908203125
725 5936.648437499996 1875.8089294433594
726 6325.296874999996 1875.8087768554688
727 6713.945312499996 1875.8086242675781
728 7102.593749999996 1875.8084716796875
729 7102.593749999996 2129.4039916992188
730 7102.593749999996 2382.99951171875
731 7095.516249317847 2385.927060730057
732 7092.585937499996 2393.00341796875
733 6738.999999999996 270.0
734 6353.999999999996 270.0
735 5968.999999999996 270.0
736 5584.0 270.0
737 5584.0 170.0
738 5968.999999999996 170.0
739 6353.999999999996 170.0
740 6738.999999999996 170.0
741 7198.999999999996 25.000000000116415
742 6965.172851562496 159.99999999988358
743 6579.724121093746 159.99999999988358
744 6194.275390624996 159.99999999988358
745 5808.826660156246 159.99999999988358
746 5574.999999999989 25.000000000116415
747 5574.999999999989 9.999999999883585
748 5980.999999999989 9.999999999883585
749 6386.999999999989 9.999999999883585
750 6792.999999999996 9.999999999883585
751 7198.999999999996 9.999999999883585
752 7052.999999999996 1258.9999999997672
753 6971.593749999996 1305.9999999998836
754 6617.296874999996 1306.0001220703125
755 6262.999999999996 1306.0002441407414
756 6262.999999999996 1171.0002441407414
757 6275.999999999996 1156.0002441403922
758 6656.999999999996 1156.0001220703125
759 7037.999999999996 1156.0000000001164
760 7052.999999999996 1171.0
761 7049.999999999996 1131.0
762 7034.999999999996 1145.9999999996508
763 6653.999999999996 1146.0001220700797
764 6272.999999999996 1146.0002441405086
765 6259.999999999996 1131.000244140625
766 6259.999999999996 996.0003051758977
767 6614.296874999996 996.0001525878906
768 6968.593749999996 996.0
769 7049.999999999996 1043.0
770 7064.999999999996 971.0000000001164
771 7049.999999999996 986.0000000001164
772 6668.999999999996 986.0001525878906
773 6287.999999999996 986.0003051757812
774 6274.999999999996 971.0003051757812
775 6274.999999999996 836.0003051758977
776 6629.296874999996 836.0001525878906
777 6983.593749999996 835.9999999998836
778 7064.999999999996 883.0000000001164
779 7228.000488281246 1862.5939941407414
780 7226.591796874996 1862.5939941407414
781 6786.273144531249 1862.5941650391323
782 6345.954492187495 1862.5943359375233
783 5905.635839843748 1862.5945068359142
784 5465.317187500001 1862.5946777343052
785 5024.99853515625 1862.594848632696
786 5024.9984130859375 1473.9463500975398
787 5024.998291015625 1085.2978515625
788 5024.9981689453125 696.6493530273438
789 5024.998046875 308.0008544921875
790 5465.316601562499 308.00068359379657
791 5905.635156249995 308.0005126952892
792 6345.953710937498 308.0003417968983
793 6786.272265625001 308.00017089839093
794 7226.590820312496 308.0
795 7227.999999999996 308.0
796 7228.000122070309 696.6484985351562
797 7228.000244140621 1085.2969970703125
798 7228.000366210934 1473.9454956055852
799 7084.587402343746 1085.296997070196
800 7084.587402343746 885.445068359375
801 7081.225955530263 859.4687129626982
802 7071.2344481224245 835.2563164664898
803 7055.298367833031 814.4690196393058
804 7034.511041903166 798.532977311872
805 7010.298627160319 788.5415141211124
806 6984.322265624996 785.1801147459773
807 6669.431640624996 785.1802368164062
808 6354.541015624996 785.1803588867188
809 6328.564739494821 788.541866701562
810 6304.352428252667 798.5333951478824
811 6283.565207840238 814.4694587743143
812 6267.629220137922 835.2567373920465
813 6257.63778012562 859.4690851274645
814 6254.276367187496 885.4453735351562
815 6254.276367187496 1085.29736328125
816 6254.276367187496 1285.1484374998836
817 6257.637615513111 1311.1249715227168
818 6267.629014670467 1335.3375767732505
819 6283.565076434588 1356.125078922254
820 6304.352462172912 1372.061292534927
821 6328.564994437478 1382.0528685607715
822 6354.541503906246 1385.4143066403922
823 6669.431884765621 1385.414184570196
824 6984.322265624996 1385.4140625
825 7010.298794818405 1382.0526192600373
826 7034.511342752692 1372.0610281894915
827 7055.29873646556 1356.1247917386936
828 7071.234795759618 1335.3372622132301
829 7081.226180483431 1311.124629128608
830 7084.587402343746 1285.148071288946
831 7418.069824218746 1588.9998779300367
832 7253.008300781246 1754.0620117186336
833 7237.999999999996 1754.0620117186336
834 7237.999999999996 1589.0000000001164
835 7253.007812499996 1573.9940185546875
836 7418.069824218746 1573.9938964847242
837 7875.999999999996 1754.0620117186336
838 7860.992187499996 1754.0620117186336
839 7695.930175781246 1589.000122070429
840 7695.930175781246 1573.9941406248836
841 7860.992187499996 1573.9940185546875
842 7875.999999999996 1589.0000000001164
843 7904.999999999996 2439.0
844 7671.172851562496 2573.9999999998836
845 7219.086303710934 2573.9999999998836
846 6766.999755859371 2573.9999999998836
847 6314.913208007809 2573.9999999998836
848 5862.826660156246 2573.9999999998836
849 5629.0 2439.0
850 5629.0 2423.9999999998836
851 6084.200000000001 2423.9999999998836
852 6539.399999999998 2423.9999999998836
853 6994.599999999995 2423.9999999998836
854 7449.799999999999 2423.9999999998836
855 7904.999999999996 2423.9999999998836
856 7900.155761718746 2351.012451171642
857 7791.861816406246 2413.5358886722242
858 7330.247558593746 2276.388916015625
859 7305.469022528017 2273.3558235646924
860 7281.0675780533675 2278.623176498222
861 7259.746582031246 2291.6074218748836
862 7123.050781249996 2199.0893554686336
863 7128.415397566914 2172.7070457456866
864 7113.460449218746 2150.3205566407414
865 7128.784786672975 2127.3175163959386
866 7144.113298313987 2104.3172574890777
867 7159.44598363707 2081.3197806774406
868 7174.782842137185 2058.325086718658
869 7190.123873309338 2035.3331763697788
870 7205.469076648271 2012.3440503880847
871 7220.818451648596 1989.357709530741
872 7236.171997804868 1966.3741545545636
873 7251.529714611421 1943.3933862166014
874 7266.891601562496 1920.4154052736703
875 7282.938598304772 1896.5053485512035
876 7299.010043214457 1872.611718114582
877 7315.105919477082 1848.734538962599
878 7331.226210252567 1824.87383607612
879 7347.3708986752645 1801.0296344192466
880 7363.539967854045 1777.2019589385018
881 7379.733400872214 1753.3908345634118
882 7395.951180787637 1729.5962862059241
883 7412.193290632687 1705.8183387608733
884 7428.459713414264 1682.0570171053987
885 7444.750432113873 1658.312346099643
886 7461.065429687496 1634.584350586054
887 7464.7784339105965 1629.1861727675423
888 7468.495117187496 1623.79052734375
889 7494.926831390421 1632.6620361550013
890 7521.999999999996 1626.0
891 7717.486083984371 1964.591552734375
892 7912.972167968746 2303.18310546875
893 7896.652731739432 2324.441952946945
894 7924.990234374996 2265.5000000001164
895 7911.999999999996 2272.9999999998836
896 7713.249999999996 1928.7550048828125
897 7514.499999999996 1584.5100097657414
898 7527.490234374996 1577.0100097655086
899 7761.316894531246 1712.009887695196
900 7924.990234374996 1995.4999999998836
901 8191.067871093746 1589.0000000001164
902 8026.005859374996 1754.06298828125
903 8010.999999999996 1754.06298828125
904 8010.999999999996 1589.0000000001164
905 8026.005859374996 1574.0000000003492
906 8191.067871093746 1574.0000000003492
907 9441.001953124996 1564.5939941407414
908 9000.683398437493 1564.5939941407414
909 8560.364843749998 1564.5939941407414
910 8120.046289062495 1564.5939941407414
911 7679.727734374999 1564.5939941407414
912 7239.409179687496 1564.5939941407414
913 7237.999999999996 1564.5939941407414
914 7237.999999999996 1175.9454956054688
915 7237.999999999996 787.2969970703125
916 7237.999999999996 398.64849853515625
917 7237.999999999996 9.999999999883585
918 7239.409179687496 9.999999999883585
919 7679.727734374999 9.999999999883585
920 8120.046289062495 9.999999999883585
921 8560.364843749998 9.999999999883585
922 9000.683398437493 9.999999999883585
923 9441.001953124996 9.999999999883585
924 9441.001953124996 398.64849853515625
925 9441.001953124996 787.2969970703125
926 9441.001953124996 1175.9454956054688
927 9631.703124999996 1751.1699218751164
928 9606.944847086594 1761.4229095506016
929 9596.695312499996 1786.1826171876164
930 9099.671874999996 1786.1827799479943
931 8602.648437499996 1786.1829427083721
932 8105.624999999996 1786.18310546875
933 8105.624999999996 1771.17431640625
934 8339.531249999996 1636.1264648436336
935 8835.812499999996 1636.1262817382812
936 9332.093749999996 1636.1260986330453
937 9361.371894578344 1633.2518716894556
938 9389.525948329672 1624.7183971425984
939 9415.472955027453 1610.8539182883687
940 9438.214853337031 1592.1917375007179
941 9456.876867618823 1569.4497025561286
942 9470.741156501052 1543.5025943499058
943 9479.27442491709 1515.3484781213338
944 9482.148437499996 1486.0703125
945 9482.148437499996 1322.0087890626164
946 9495.999999999996 1297.9999999998836
947 9618.703124999996 1297.9999999998836
948 9631.703124999996 1311.001953125
949 9821.703124999996 1935.1699218752328
950 9796.944847086645 1945.4229095506016
951 9786.695312499996 1970.1826171875
952 9289.671874999996 1970.1827799478779
953 8792.648437499996 1970.1829427083721
954 8295.624999999996 1970.18310546875
955 8295.624999999996 1955.17431640625
956 8529.531249999996 1820.1264648436336
957 9025.812499999996 1820.1262817382812
958 9522.093749999996 1820.126098632929
959 9551.371894578322 1817.2518716893392
960 9579.525948329629 1808.7183971425984
961 9605.472955027402 1794.8539182883687
962 9628.21485333698 1776.1917375007179
963 9646.87686761878 1753.449702556245
964 9660.741156501015 1727.5025943500223
965 9669.274424917068 1699.3484781214502
966 9672.148437499996 1670.0703125002328
967 9672.148437499996 1506.0087890625
968 9685.999999999996 1482.0
969 9808.703124999996 1482.0
970 9821.703124999996 1495.0019531248836
971 9846.999999999996 1945.0000000001164
972 9831.999999999996 1945.0000000001164
973 9831.999999999996 1636.0000000001164
974 9831.999999999996 1327.0000000001164
975 9846.999999999996 1328.338623046875
976 9981.999999999996 1562.16552734375
977 9981.999999999996 1711.173095703125
978 9984.068359374996 745.9999389648438
979 9819.005859374989 911.0629882814828
980 9803.999999999996 911.0629882814828
981 9803.999999999996 746.0
982 9819.005859374989 731.0
983 9984.068359374996 730.9999389648438
984 9928.063476562496 585.0058593751164
985 9762.999999999996 750.0679931640625
986 9747.999999999996 750.0679931640625
987 9747.999999999996 585.0059814454289
988 9762.999999999996 570.0
989 9928.063476562496 569.9998779296875
990 9939.070312499996 560.0059814453125
991 9774.007812499996 560.0059814453125
992 9758.999999999996 544.9999999998836
993 9758.999999999996 379.93801879894454
994 9774.007812499996 379.9379882813664
995 9939.070312499996 544.9999389648438
996 10000.999999999996 706.0000000002328
997 9985.994140624996 721.0
998 9820.932617187496 721.0000610351562
999 9820.932617187496 706.0000610351562
1000 9985.994140624996 540.93701171875
1001 10000.999999999996 540.93701171875
1002 10074.999999999996 849.9940185545711
1003 10059.999999999996 865.0000000001164
1004 9894.936523437496 865.0000610350398
1005 9894.936523437496 849.9940795898438
1006 10059.999999999996 684.9320068358211
1007 10074.999999999996 684.9320068358211
1008 10075.999999999996 1262.0000000001164
1009 10060.994140625011 1277.0058593751164
1010 9784.390625000004 1277.0059814453125
1011 9507.787109374996 1277.006103515625
1012 9501.091801456318 1251.99249003781
1013 9482.782037442648 1233.6823685441632
1014 9457.768554687496 1226.9865722657414
1015 9457.768066406246 831.770751953125
1016 9457.767578124996 436.554931640625
1017 9470.772460937496 423.55004882777575
1018 9638.435546874996 423.54998779285233
1019 9713.509765624996 673.3795471191406
1020 9788.583984374996 923.2091064454289
1021 9798.44991019084 951.0248513948172
1022 9811.001255682688 977.7365695283515
1023 9826.11654444398 1003.0857352928724
1024 9843.649485308986 1026.8270104043186
1025 9863.430388211065 1048.730618318892
1026 9885.2678065037 1068.5845680923667
1027 9908.950389849593 1086.196706104558
1028 9934.248929744728 1101.3965757905971
1029 9960.918577880188 1114.0370673801517
1030 9988.70121587157 1123.9958416790469
1031 10017.327953420954 1131.1765141108772
1032 10046.52173073326 1135.5095875622937
1033 10075.999999999996 1136.953125
1034 10066.067382812496 889.9998779298039
1035 9901.005859374996 1055.0629882811336
1036 9885.999999999996 1055.0629882811336
1037 9885.999999999996 890.0000000002328
1038 9901.005859374996 875.0
1039 10066.067382812496 874.9998779295711
1040 10108.007812499996 1046.9940185546875
1041 10092.999999999996 1061.9999999998836
1042 9927.938476562496 1062.000122070429
1043 9927.937499999996 1046.9940185546875
1044 10087.999999999996 881.9329833984375
1045 10108.007812499996 881.9329833984375
1046 10418.999999999996 140.0
1047 10386.359374999996 160.00001525878906
1048 9938.500488281254 160.00018310546875
1049 9490.641601562511 160.00035095214844
1050 9458.000000000011 140.00036621105392
1051 9458.000000000011 25.00037002551835
1052 9470.999999999996 10.000364303938113
1053 9938.499999999996 10.000182151910849
1054 10405.999999999996 9.999999999883585
1055 10418.999999999996 24.999994278186932
1056 10608.999999999996 190.06300354003906
1057 10593.994140624996 190.06300354003906
1058 10428.932617187496 25.000070571899414
1059 10428.932617187496 10.000070571899414
1060 10593.994140624996 10.000005722045898
1061 10608.999999999996 25.000000000116415
1062 10610.067382812496 256.9999999998836
1063 10445.005859374996 256.9999999998836
1064 10429.999999999996 242.0
1065 10429.999999999996 76.9369964597281
1066 10445.005859374996 76.9369964597281
1067 10610.067382812496 242.0
1068 10714.634765624996 2561.9853515623836
1069 10690.203519953178 2568.7410005682614
1070 10672.224808214178 2586.6097017738502
1071 10665.319335937496 2610.9990234373836
1072 10171.336914062496 2610.9992675780086
1073 9677.354492187496 2610.9995117186336
1074 9663.348632812496 2596.99462890625
1075 9663.348632812496 2476.8696289061336
1076 9679.7286959972 2468.904770628782
1077 9686.357421874996 2451.93994140625
1078 9679.03509331273 2434.252504343516
1079 9661.347656249996 2426.9301757813664
1080 9621.333007812496 2426.9301757813664
1081 9603.645570749763 2434.252504343516
1082 9596.323242187496 2451.93994140625
1083 9596.323242187496 2610.9995117186336
1084 9204.677246093746 2610.999755859142
1085 8813.031249999996 2610.999999999767
1086 8799.024414062496 2596.9951171876164
1087 8799.024414062496 2476.8701171875
1088 8815.404477247252 2468.905258910032
1089 8822.033203124996 2451.9404296873836
1090 8814.711219698107 2434.2533381294925
1091 8797.024414062496 2426.930664062733
1092 8757.008789062496 2426.930664062733
1093 8739.321983426886 2434.2533381294925
1094 8731.999999999996 2451.9404296873836
1095 8731.999999999996 2610.999999999767
1096 8362.106445312496 2611.0001220703125
1097 7992.212890624996 2611.000244140858
1098 7985.189541494943 2586.411716596107
1099 7966.9273431219735 2568.511570496019
1100 7942.203124999996 2561.9819335936336
1101 7942.202880859371 2079.301208495861
1102 7942.202636718746 1596.6204833982047
1103 7957.208496093746 1596.6204833982047
1104 7960.423736283392 1625.720902423025
1105 7965.524475212722 1654.5506547506666
1106 7972.489121714385 1682.9877055120887
1107 7981.288194795463 1710.911682123784
1108 7991.884448429042 1738.2043838191312
1109 8004.233029214713 1764.7502819858491
1110 8018.281666240739 1790.4370091928868
1111 8033.970892344154 1815.155834835954
1112 8051.234295832215 1838.8021253887564
1113 8069.998801599733 1861.2757873111404
1114 8090.184980452217 1882.48169073998
1115 8111.707385325648 1902.3300721691921
1116 8134.474912979484 1920.7369144140976
1117 8158.391189632075 1937.6243022517301
1118 8183.354978905914 1952.9207522316137
1119 8209.260610356094 1966.5615152625833
1120 8235.998426767856 1978.4888506912393
1121 8263.455248330025 1988.6522707161494
1122 8291.514851719341 1997.0087540992536
1123 8320.05846206786 2003.5229282733053
1124 8348.965255730905 2008.1672190717654
1125 8378.112871727357 2010.921967448783
1126 8407.377929687496 2011.775512695429
1127 8811.029296874996 2011.775349935051
1128 9214.680664062496 2011.7751871745568
1129 9618.332031249996 2011.775024414179
1130 9647.418638253785 2010.9392045823624
1131 9676.407366494215 2008.4127571188146
1132 9705.200033548801 2004.204238891718
1133 9733.699121038055 1998.3279038039036
1134 9761.808104912172 1990.803654515883
1135 9789.431782369993 1981.6569750369526
1136 9816.47659430301 1970.918844413245
1137 9842.850942172325 1958.6256318042288
1138 9868.46549824531 1944.8189733029576
1139 9893.233508141257 1929.5456309190486
1140 9917.071084661253 1912.8573341983138
1141 9939.89749190721 1894.8106050202623
1142 9961.635418727648 1875.4665661625331
1143 9982.211240564171 1854.8907342829043
1144 10001.555268811757 1833.1527980207466
1145 10019.601986848273 1810.3263819662388
1146 10036.290271933864 1786.488797300728
1147 10051.563602228623 1761.7207799497992
1148 10065.37024822737 1736.1062171378871
1149 10077.663447963187 1709.7318632683018
1150 10088.401565386364 1682.6870460939826
1151 10097.548231382225 1655.0633641716558
1152 10105.072466950322 1626.9543766250135
1153 10110.948788127742 1598.4552862675628
1154 10115.157292301174 1569.6626171587268
1155 10117.683725615414 1540.6738876851741
1156 10118.519531249996 1511.5872802734375
1157 10118.519531249996 1196.4690856933594
1158 10118.519531249996 881.3508911133977
1159 10117.80717328702 851.8959111794829
1160 10115.649694376723 822.5114155820338
1161 10112.052297059523 793.2682620360283
1162 10107.02365609229 764.2369674249785
1163 10100.57589753003 735.4875377559802
1164 10092.72456948514 707.0892993474845
1165 10083.488604634735 679.1107316561975
1166 10072.890274566405 651.6193021456711
1167 10060.955136072585 624.6813035951927
1168 10047.711969522923 598.3616942419903
1169 10033.192709463361 572.7239411404589
1170 10017.43236760925 547.8298671183875
1171 10000.468948418154 523.7395016973605
1172 9982.34335744596 500.51093633752316
1173 9963.099302707345 478.20018435583916
1174 9942.78318927831 456.8610458560288
1175 9921.444007395086 436.5449779952178
1176 9899.133214319194 417.30097089963965
1177 9875.90461025346 399.17542953032535
1178 9851.814208608372 382.21206178248394
1179 9826.92010093138 366.4517730878433
1180 9801.282316825116 351.93256777583156
1181 9774.962679192093 338.68945742980577
1182 9748.024655155092 326.7543764600996
1183 9720.533203012641 316.1561050977325
1184 9692.554615598743 306.92019999353215
1185 9664.156360424433 299.06893259100616
1186 9635.406916986762 292.6212354210438
1187 9606.375611637483 287.5926564480178
1188 9577.132450409594 283.99532157741487
1189 9547.747950204965 281.83790541556664
1190 9518.292968749989 281.1256103515625
1191 9463.272460937496 281.1256408689078
1192 9463.272460937496 267.12075805675704
1193 9853.12369791666 267.1205749511719
1194 10242.974934895832 267.1203918457031
1195 10632.826171874996 267.12020874011796
1196 10639.967882771427 291.9069673285121
1197 10658.513977360406 309.8354310481809
1198 10683.528320312496 316.13385009765625
1199 10688.227050781246 655.3789672851562
1200 10692.925781249996 994.6240844726562
1201 10678.152343749996 1009.3984985352727
1202 10457.989257812496 1009.398620605818
1203 10450.02511694797 993.01922016975
1204 10433.061523437496 986.3898315428523
1205 10415.373454940865 993.7118145823479
1206 10408.050781249996 1011.3995971678523
1207 10408.050781249996 1068.421142578125
1208 10415.373800452388 1086.1082937297178
1209 10433.061523437496 1093.4299316407414
1210 10693.157226562496 1093.4298095700797
1211 10694.293945312496 1093.4298095700797
1212 10698.700195312496 1411.549926757696
1213 10704.010742187496 1794.9257812498836
1214 10689.237304687496 1809.6983642578125
1215 10469.074218749996 1809.6983642578125
1216 10461.109408601082 1793.3192503091414
1217 10444.145507812496 1786.6905517578125
1218 10426.458373067351 1794.012578326976
1219 10419.135742187511 1811.6994628907414
1220 10419.135742187511 1868.720947265625
1221 10426.458113938828 1886.4083053995855
1222 10444.145507812496 1893.7305908203125
1223 10704.243164062496 1893.7304687497672
1224 10705.378906249996 1893.7304687497672
1225 10710.006835937496 2227.857910156017
1226 8364.862304687496 2531.9709472657414
1227 8387.835397827064 2527.4080209698295
1228 8407.311176701896 2514.3973583425395
1229 8420.321839329114 2494.9215794677148
1230 8424.884765624996 2471.948486328125
1231 8420.321839329077 2448.9753931886517
1232 8407.311176701845 2429.499614313827
1233 8387.835397827028 2416.4889516866533
1234 8364.862304687496 2411.926025390858
1235 8341.889211547965 2416.4889516866533
1236 8322.413432673147 2429.499614313827
1237 8309.402770045916 2448.9753931886517
1238 8304.839843749996 2471.948486328125
1239 8309.40277004588 2494.9215794677148
1240 8322.413432673096 2514.3973583425395
1241 8341.889211547928 2527.4080209698295
1242 8968.087890624996 2471.9482421875
1243 8974.381844877975 2495.460644899169
1244 8991.59303335701 2512.6717440085486
1245 9015.105468749996 2518.965576172108
1246 9375.240234374996 2518.965576172108
1247 9398.75315309819 2512.672029117006
1248 9415.96475364696 2495.4607860484393
1249 9422.258789062496 2471.947998046875
1250 9415.964753646917 2448.435210045427
1251 9398.753153098154 2431.2239669768605
1252 9375.240234374996 2424.9304199217586
1253 9015.105468749996 2424.9304199217586
1254 8991.592892315053 2431.224333387101
1255 8974.381682000527 2448.435633071582
1256 11724.921874999989 2515.99951171875
1257 11709.999999999996 2530.9992675780086
1258 11224.499999999996 2530.9996337890625
1259 10738.999999999996 2531.0
1260 10723.921874999996 2516.000244140625
1261 10721.916015624989 2133.0001220703125
1262 10719.910156249989 1750.0000000001164
1263 10734.910156249996 1735.0
1264 11220.410156249996 1734.9996337890625
1265 11705.910156249996 1734.9992675782414
1266 11720.910156249996 1749.999267578125
1267 11722.916015624989 2132.9993896484375
1268 11903.999999999996 2596.0000000001164
1269 11889.000000000011 2610.999999999767
1270 11603.999999999996 2610.999999999767
1271 11603.999999999996 2596.0000000001164
1272 11633.263548302417 2593.1177920604823
1273 11661.402514854763 2584.581929876702
1274 11687.335534952941 2570.720441845362
1275 11710.066017177985 2552.0660171780037
1276 11728.72044184538 2529.33553495293
1277 11742.581929876691 2503.4025148547953
1278 11751.117792060479 2475.263548302464
1279 11753.999999999996 2446.0
1280 11753.999999999996 2164.03369140625
1281 11753.999999999996 1882.0673828126164
1282 11768.999999999996 1856.086669921875
1283 11889.477539062496 1887.244262695196
1284 11903.999999999996 1905.9999999998836
1285 11903.999999999996 2251.0
1286 11392.999999999996 515.0
1287 11241.999999999996 515.0001220705453
1288 11224.322330470288 507.677791600232
1289 11216.999999999996 490.0001220704289
1290 11216.999999999996 415.00012207007967
1291 11377.999999999996 415.0000000001164
1292 11392.999999999996 429.99999999976717
1293 11381.999999999996 404.9999999998836
1294 11230.999999999996 405.0001220704289
1295 11213.322330470332 397.6777915999992
1296 11205.999999999996 380.0001220703125
1297 11205.999999999996 305.00012207054533
1298 11366.999999999996 305.0
1299 11381.999999999996 320.00000000023283
1300 11933.458984374996 1674.6777343751164
1301 11908.445783706065 1681.3733680512523
1302 11890.13606336369 1699.6830883935327
1303 11883.440429687496 1724.6962890623836
1304 11607.837402343746 1724.6962890623836
1305 11332.234374999996 1724.6962890623836
1306 11317.228515624996 1709.7158203125
1307 11317.228515624996 1583.4375
1308 11333.608247426655 1575.4730004261946
1309 11340.237304687496 1558.5087890626164
1310 11332.914976125194 1540.821351999999
1311 11315.227539062496 1533.4990234377328
1312 11275.212890624996 1533.4990234377328
1313 11257.525453562299 1540.821351999999
1314 11250.203124999996 1558.5087890626164
1315 11250.203124999996 1724.6962890623836
1316 10762.020507812496 1724.6962890623836
1317 10755.324874136302 1699.6830883935327
1318 10737.015153793927 1681.3733680512523
1319 10712.001953124996 1674.6777343751164
1320 10712.001953124996 1385.435546875
1321 10712.001953124996 1096.1933593748836
1322 10707.999999999996 1080.1875000001164
1323 10707.999999999996 665.0322265626164
1324 10723.005859374996 650.0263671875
1325 10863.138671874996 650.0263671875
1326 10871.103171448882 666.4060989891877
1327 10888.067382812496 673.0351562498836
1328 10905.754819875237 665.7128276876174
1329 10913.077148437496 648.0253906248836
1330 10913.077148437496 604.0087890625
1331 10905.754474370504 586.3219834268093
1332 10888.067382812496 579.0
1333 10707.999999999996 579.0
1334 10707.999999999996 319.40234375
1335 10707.999999999996 59.8046875
1336 10733.013200668971 53.10905382386409
1337 10751.322921011346 34.79933348146733
1338 10758.018554687496 9.7861328125
1339 10913.176757812496 9.28613281226717
1340 11398.309082031246 9.28613281226717
1341 11883.441406249996 9.28613281226717
1342 11890.137039926147 34.2993334812345
1343 11908.446760268514 52.60905382363126
1344 11933.459960937496 59.304687499883585
1345 11933.459960937496 317.6513671875
1346 11933.459960937496 575.9980468752328
1347 11733.384765624996 575.9980468752328
1348 11715.697328562306 583.3203754372662
1349 11708.374999999996 601.0078124998836
1350 11708.374999999996 648.0253906248836
1351 11715.697328562255 665.7128276876174
1352 11733.384765624996 673.0351562498836
1353 11750.348976988611 666.4060989891877
1354 11758.313476562496 650.0263671875
1355 11918.454101562496 650.0263671875
1356 11933.459960937496 665.0322265626164
1357 11933.45963541666 1001.5807291667443
1358 11933.459309895832 1338.1292317709886
1359 11303.223632812496 199.85742187511642
1360 11274.746365721763 201.88437138299923
1361 11246.84783547698 207.94533462706022
1362 11220.096518757073 217.91680989484303
1363 11195.037515950946 231.59561260661576
1364 11172.181443874888 248.70301552233286
1365 11151.99403114733 268.8904282498406
1366 11134.886628231649 291.74650032585487
1367 11121.207825519861 316.80550313193817
1368 11111.236350252042 343.5568198518595
1369 11105.175387007988 371.45535009668674
1370 11103.148437499996 399.9326171873836
1371 11105.175387007952 428.40988427819684
1372 11111.236350251991 456.3084145230241
1373 11121.207825519781 483.0597312429454
1374 11134.886628231554 508.1187340490287
1375 11151.994031147235 530.9748061251594
1376 11172.181443874786 551.1622188527836
1377 11195.037515950859 568.2696217685007
1378 11220.096518756993 581.9484244802734
1379 11246.847835476921 591.9198997480562
1380 11274.746365721734 597.9808629921172
1381 11303.223632812496 600.0078125001164
1382 11331.700802094256 597.9807365555316
1383 11359.599220215681 591.9196744778892
1384 11386.350416310324 581.9481292269193
1385 11411.409295829977 568.2692855474306
1386 11434.265247639243 551.1618697847007
1387 11454.4525484605 530.9744704291224
1388 11471.559852663358 508.1184351190459
1389 11485.238574030485 483.05948883341625
1390 11495.209988709033 456.30824406805914
1391 11501.270914614728 428.4097963629756
1392 11503.297851562496 399.9326171873836
1393 11501.270914614699 371.455438011908
1394 11495.209988708983 343.55699030682445
1395 11485.238574030413 316.80574554146733
1396 11471.559852663271 291.7467992559541
1397 11454.452548460406 268.89076394576114
1398 11434.265247639149 248.70336459029932
1399 11411.40929582989 231.5959488276858
1400 11386.350416310252 217.91710514819715
1401 11359.599220215623 207.9455598972272
1402 11331.700802094227 201.8844978195848
1403 11066.133789062496 1684.7138671876164
1404 11058.811460137713 1667.0274070497835
1405 11041.124999999996 1659.705078125
1406 11023.43853986228 1667.0274070497835
1407 11016.116210937496 1684.7138671876164
1408 11023.438194364386 1702.4009587455075
1409 11041.124999999996 1709.7236328123836
1410 11058.811805635607 1702.4009587455075
1411 11614.339843749996 1684.7138671876164
1412 11607.017169683048 1667.0270615519257
1413 11589.330078124996 1659.705078125
1414 11571.64361798728 1667.0274070497835
1415 11564.321289062496 1684.7138671876164
1416 11571.643272489386 1702.4009587455075
1417 11589.330078124996 1709.7236328123836
1418 11607.017515187687 1702.4013042502338
GTSP_SET_SECTION
1 1 -1
2 2 3 4 5 6 7 8 -1
3 9 10 11 12 13 14 15 16 17 -1
4 18 19 20 21 22 23 24 -1
5 25 26 27 28 29 30 31 32 33 34 35 36 37 38 39 40 41 42 -1
6 43 44 45 46 47 48 49 50 51 52 -1
7 53 54 55 56 57 58 59 60 61 62 -1
8 63 64 65 66 67 68 69 70 71 72 -1
9 73 74 75 76 77 78 79 -1
10 80 81 82 83 84 85 86 87 88 89 -1
11 90 91 92 93 94 95 96 97 98 99 -1
12 100 101 102 103 104 105 106 107 108 109 -1
13 110 111 112 113 114 115 116 117 118 119 -1
14 120 121 122 123 124 125 126 -1
15 127 128 129 130 131 132 133 134 135 136 -1
16 137 138 139 140 141 142 143 144 145 146 -1
17 147 148 149 150 151 152 153 -1
18 154 155 156 157 158 159 160 161 162 163 -1
19 164 165 166 167 168 169 170 171 172 173 -1
20 174 175 176 177 178 179 180 181 182 183 -1
21 184 185 186 187 188 189 190 191 192 193 -1
22 194 195 196 197 198 199 200 201 202 203 204 205 206 207 208 209 210 211 212 213 214 215 216 217 218 219 220 221 222 223 224 225 226 227 228 229 230 231 232 233 234 235 236 237 238 239 240 241 242 243 244 245 246 247 248 249 250 251 252 253 254 255 256 257 258 259 260 261 262 263 264 265 266 267 268 269 270 271 272 273 274 275 276 277 278 279 280 281 282 283 284 285 286 287 288 289 290 291 292 293 294 295 296 297 298 299 300 301 302 303 304 305 306 307 308 309 310 311 312 313 314 315 316 317 318 319 320 321 -1
23 322 323 324 325 326 327 328 329 330 331 332 333 334 335 336 337 338 339 340 341 342 343 344 345 346 347 348 349 350 351 352 353 354 355 356 357 358 359 360 361 362 363 364 365 366 367 368 369 370 371 372 373 374 375 376 377 378 379 380 381 382 383 384 385 386 387 -1
24 388 389 390 391 392 393 394 395 396 397 398 399 400 401 -1
25 402 403 404 405 406 407 408 409 410 411 412 413 414 415 416 417 -1
26 418 419 420 421 422 423 424 425 426 427 428 429 430 431 432 433 434 -1
27 435 436 437 438 439 440 441 442 443 444 445 446 -1
28 447 448 449 450 451 452 453 454 455 456 457 458 -1
29 459 460 461 462 463 464 465 -1
30 466 467 468 469 470 471 472 473 474 475 476 477 478 479 480 481 482 483 484 485 -1
31 486 487 488 489 490 491 492 493 494 495 496 497 498 499 500 501 502 503 504 505 506 507 508 509 510 511 512 513 514 515 516 517 518 519 520 521 522 523 524 525 526 527 528 529 530 531 532 533 534 535 536 537 538 539 540 541 542 543 544 545 546 547 548 549 550 551 552 553 554 555 556 557 558 559 560 561 562 563 564 565 566 567 568 569 570 571 572 573 574 575 576 577 578 579 580 581 582 583 584 585 586 587 588 589 590 591 592 593 594 595 596 597 598 599 600 601 602 603 604 605 606 607 608 609 610 611 612 613 -1
32 614 615 616 617 618 619 620 621 622 623 624 625 626 627 628 629 630 631 632 633 634 635 636 637 638 639 640 641 642 643 644 645 646 647 648 649 650 651 652 653 654 655 656 657 658 659 660 661 662 663 664 665 666 667 668 669 670 671 672 673 674 675 676 677 678 679 -1
33 680 681 682 683 684 685 686 687 688 689 690 691 692 693 694 695 696 697 -1
34 698 699 700 701 702 703 704 705 706 707 708 709 710 711 712 713 714 -1
35 715 716 717 718 719 720 721 722 723 724 725 726 727 728 729 730 731 732 -1
36 733 734 735 736 737 738 739 740 -1
37 741 742 743 744 745 746 747 748 749 750 751 -1
38 752 753 754 755 756 757 758 759 760 -1
39 761 762 763 764 765 766 767 768 769 -1
40 770 771 772 773 774 775 776 777 778 -1
41 779 780 781 782 783 784 785 786 787 788 789 790 791 792 793 794 795 796 797 798 -1
42 799 800 801 802 803 804 805 806 807 808 809 810 811 812 813 814 815 816 817 818 819 820 821 822 823 824 825 826 827 828 829 830 -1
43 831 832 833 834 835 836 -1
44 837 838 839 840 841 842 -1
45 843 844 845 846 847 848 849 850 851 852 853 854 855 -1
46 856 857 858 859 860 861 862 863 864 865 866 867 868 869 870 871 872 873 874 875 876 877 878 879 880 881 882 883 884 885 886 887 888 889 890 891 892 893 -1
47 894 895 896 897 898 899 900 -1
48 901 902 903 904 905 906 -1
49 907 908 909 910 911 912 913 914 915 916 917 918 919 920 921 922 923 924 925 926 -1
50 927 928 929 930 931 932 933 934 935 936 937 938 939 940 941 942 943 944 945 946 947 948 -1
51 949 950 951 952 953 954 955 956 957 958 959 960 961 962 963 964 965 966 967 968 969 970 -1
52 971 972 973 974 975 976 977 -1
53 978 979 980 981 982 983 -1
54 984 985 986 987 988 989 -1
55 990 991 992 993 994 995 -1
56 996 997 998 999 1000 1001 -1
57 1002 1003 1004 1005 1006 1007 -1
58 1008 1009 1010 1011 1012 1013 1014 1015 1016 1017 1018 1019 1020 1021 1022 1023 1024 1025 1026 1027 1028 1029 1030 1031 1032 1033 -1
59 1034 1035 1036 1037 1038 1039 -1
60 1040 1041 1042 1043 1044 1045 -1
61 1046 1047 1048 1049 1050 1051 1052 1053 1054 1055 -1
62 1056 1057 1058 1059 1060 1061 -1
63 1062 1063 1064 1065 1066 1067 -1
64 1068 1069 1070 1071 1072 1073 1074 1075 1076 1077 1078 1079 1080 1081 1082 1083 1084 1085 1086 1087 1088 1089 1090 1091 1092 1093 1094 1095 1096 1097 1098 1099 1100 1101 1102 1103 1104 1105 1106 1107 1108 1109 1110 1111 1112 1113 1114 1115 1116 1117 1118 1119 1120 1121 1122 1123 1124 1125 1126 1127 1128 1129 1130 1131 1132 1133 1134 1135 1136 1137 1138 1139 1140 1141 1142 1143 1144 1145 1146 1147 1148 1149 1150 1151 1152 1153 1154 1155 1156 1157 1158 1159 1160 1161 1162 1163 1164 1165 1166 1167 1168 1169 1170 1171 1172 1173 1174 1175 1176 1177 1178 1179 1180 1181 1182 1183 1184 1185 1186 1187 1188 1189 1190 1191 1192 1193 1194 1195 1196 1197 1198 1199 1200 1201 1202 1203 1204 1205 1206 1207 1208 1209 1210 1211 1212 1213 1214 1215 1216 1217 1218 1219 1220 1221 1222 1223 1224 1225 -1
65 1226 1227 1228 1229 1230 1231 1232 1233 1234 1235 1236 1237 1238 1239 1240 1241 -1
66 1242 1243 1244 1245 1246 1247 1248 1249 1250 1251 1252 1253 1254 1255 -1
67 1256 1257 1258 1259 1260 1261 1262 1263 1264 1265 1266 1267 -1
68 1268 1269 1270 1271 1272 1273 1274 1275 1276 1277 1278 1279 1280 1281 1282 1283 1284 1285 -1
69 1286 1287 1288 1289 1290 1291 1292 -1
70 1293 1294 1295 1296 1297 1298 1299 -1
71 1300 1301 1302 1303 1304 1305 1306 1307 1308 1309 1310 1311 1312 1313 1314 1315 1316 1317 1318 1319 1320 1321 1322 1323 1324 1325 1326 1327 1328 1329 1330 1331 1332 1333 1334 1335 1336 1337 1338 1339 1340 1341 1342 1343 1344 1345 1346 1347 1348 1349 1350 1351 1352 1353 1354 1355 1356 1357 1358 -1
72 1359 1360 1361 1362 1363 1364 1365 1366 1367 1368 1369 1370 1371 1372 1373 1374 1375 1376 1377 1378 1379 1380 1381 1382 1383 1384 1385 1386 1387 1388 1389 1390 1391 1392 1393 1394 1395 1396 1397 1398 1399 1400 1401 1402 -1
73 1403 1404 1405 1406 1407 1408 1409 1410 -1
74 1411 1412 1413 1414 1415 1416 1417 1418 -1
GTSP_SET_ORDERING
6 23 22 -1
7 23 22 -1
8 23 22 -1
9 23 22 -1
10 23 22 -1
11 23 22 -1
12 23 22 -1
13 23 22 -1
14 23 22 -1
15 23 22 -1
16 23 22 -1
17 23 22 -1
18 23 22 -1
19 23 22 -1
20 23 22 -1
21 23 22 -1
23 22 -1
24 22 -1
25 22 -1
29 32 31 -1
30 32 31 -1
32 31 -1
33 31 -1
38 42 41 -1
39 42 41 -1
40 42 41 -1
42 41 -1
65 64 -1
66 64 -1
69 72 71 -1
70 72 71 -1
72 71 -1
73 71 -1
74 71 -1
EOF