NAME: Lc74v620
TYPE: PCGTSP 
COMMENT: 
DIMENSION: 621
GTSP_SETS: 75
EDGE_WEIGHT_TYPE: EUC_2D
NODE_COORD_SECTION
1 0.0 0.0
2 252.13923645018804 656.1116943359375
3 76.34875488280886 804.5611572263297
4 60.21266555785769 785.4531860349234
5 62.003269195549365 764.3004760741023
6 214.85520935058958 635.2218627929688
7 236.0 636.9999999998836
8 427.2659301757776 498.04254150378983
9 268.77981567382085 620.1373901366023
10 247.72685241698855 617.4138183590258
11 232.4638061523401 597.6015014648438
12 414.73397827148074 457.18380737293046
13 430.0 476.9999999998836
14 829.0000610351599 190.63769531238358
15 578.2833251953161 335.38973999011796
16 327.56658935546875 480.14178466785233
17 301.92967899948417 495.58633654145524
18 276.88842207322523 511.9790424417006
19 252.47786793799241 529.2969580780482
20 228.7321831826921 547.5158441768726
21 205.68460380210308 566.6102004077984
22 183.3673886776014 586.5533010760555
23 161.81177442555054 607.3172325292835
24 141.04793167653406 628.8729322273284
25 121.1049228465672 651.1902294199681
26 102.01066145947698 674.2378873761045
27 83.7918730773199 697.9836471041199
28 66.47405789357072 722.3942725046072
29 50.08145504139611 747.4355968886521
30 34.63700866698855 773.0725708006648
31 24.697563171379443 790.287414550432
32 9.692681312557397 790.287414550432
33 9.69253206252688 407.64386653876863
34 9.6923828125 25.000318527105264
35 24.698236465450464 9.995429992559366
36 419.8461885452234 9.99527645111084
37 814.994140625 9.995122909545898
38 829.0 23.999999999883585
39 712.4560546875 42.50688171386719
40 717.581687380407 54.88808272476308
41 729.962890625 60.013710021972656
42 742.3434678425729 54.88773183093872
43 747.46875 42.506866454845294
44 742.3434624440233 30.12601094483398
45 729.962890625 25.00003814685624
46 717.5816819817519 30.125670836889185
47 806.279296875 1023.9999999997672
48 791.2744140625 1039.0048828122672
49 433.64013671875 1039.0048828122672
50 76.005859375 1039.0048828122672
51 61.0 1023.9999999997672
52 61.0 861.9384765623836
53 72.22070724371224 857.4179748985916
54 82.02734375 850.3349609372672
55 371.958984375 582.0170898436336
56 661.890625 313.69921875
57 670.7424930449488 302.83232887799386
58 676.23046875 289.93554687476717
59 791.2744140625 289.93554687476717
60 806.279296875 304.94042968715075
61 806.279296875 664.4702148435172
62 370.1162109375 998.990234375
63 362.7942275107089 981.3031428168761
64 345.107421875 973.9804687497672
65 327.4199848122116 981.3027973121498
66 320.09765625 998.990234375
67 327.4199848123062 1016.6776714376174
68 345.107421875 1023.9999999997672
69 362.79422751061065 1016.6773259328911
70 829.0 1775.9999999996508
71 814.994140625 1790.0048828122672
72 419.8461942672693 1790.005065917736
73 24.698247909538622 1790.005249023321
74 9.6923828125 1775.0003662107047
75 9.692233562469482 1392.356781005743
76 9.692084312438965 1009.7131958007812
77 24.696968078609643 1009.7131958007812
78 34.63642883300781 1026.9281005859375
79 50.08089474800363 1052.5650608633878
80 66.47351656713727 1077.6063709242735
81 83.79135012010374 1102.016981336521
82 102.01015625061336 1125.762725436245
83 121.10443474307613 1148.810367149068
84 141.04746001433523 1171.1276475097984
85 161.81131852053295 1192.6833298139973
86 183.36694782668928 1213.4472433392657
87 205.68417728437998 1233.3903255735058
88 228.73177026050325 1252.4846628931118
89 252.47746785808704 1270.7035296326503
90 276.8880340679352 1288.0214254916646
91 301.9293022878701 1304.4141112266807
92 327.5662231445276 1319.8586425778922
93 578.2830810546839 1464.610473632696
94 828.9999389648401 1609.3623046875
95 712.4560546875 1757.4931640622672
96 717.5816846810812 1769.874370006146
97 729.962890625 1774.9999999997672
98 742.3434651432763 1769.8740245052613
99 747.46875 1757.4931640622672
100 742.3434651432763 1745.112303619273
101 729.962890625 1739.9863281247672
102 717.5816846810812 1745.1119581183884
103 978.2797241210901 1609.204467773321
104 963.2748413085901 1624.210327148554
105 848.2308959960901 1624.2104492186336
106 840.1341803091891 1607.4142677452182
107 826.4467163085901 1594.75244140625
108 536.514930725094 1413.362060546875
109 246.58314514159792 1231.9716796873836
110 240.0117172215505 1228.5107941519236
111 233.00012207030886 1226.0615234373836
112 233.0 1064.0
113 248.0058441162073 1048.9951171875
114 605.6401290893518 1048.9948120117188
115 963.2744140625 1048.994506835821
116 978.279296875 1063.999389648321
117 978.2795104980432 1336.601928710821
118 542.1162109375 1089.0095214842586
119 534.7942275107052 1071.3224299261346
120 517.107421875 1063.9997558591422
121 499.4200045444013 1071.3220952186966
122 492.0976867675781 1089.0095214842586
123 499.42002611514545 1106.696969344397
124 517.107482910149 1114.019287109375
125 534.7942490818787 1106.6965914489701
126 1266.0 1020.0
127 1250.9921875 1035.0009765623836
128 1050.9296875 1035.001098632929
129 1035.9140625 1019.9953002928523
130 1035.9140625 994.9855346678523
131 1266.0 994.9853515622672
132 1300.0146484375 989.9999999998836
133 1275.0 989.9999999998836
134 1259.9990234375 974.9921875
135 1259.9990234375 774.9296874997672
136 1275.0048828125 759.9140624998836
137 1300.0146484375 759.9140624998836
138 1410.0001220703089 1397.9999999997672
139 1395.0001220703089 1397.9999999997672
140 1310.0001220703089 1250.775756835821
141 1310.0 754.2243652341422
142 1395.0 607.0
143 1410.0 607.0
144 1410.0000610351526 1002.4999999998836
145 1526.0002441406177 1430.9999999998836
146 1511.0002441406177 1445.9999999997672
147 1426.0002441406177 1445.9999999997672
148 1426.0001220703089 1037.716888427618
149 1426.0 629.4337768554688
150 1511.0 482.20944213855546
151 1526.0 482.0
152 1526.0001220703089 956.5
153 993.0615234375 1034.9998779294547
154 831.0 1035.0
155 815.9951171875 1019.9941406248836
156 815.9949340820276 662.35986328125
157 815.9947509765589 304.7255859375
158 830.9996337890589 289.720703125
159 1190.5294189453089 289.7205352783203
160 1550.0592041015589 289.7203674315242
161 1565.0640869140589 304.7252502440242
162 1565.0642089843677 419.7691955565242
163 1552.1674269813266 425.25717126159
164 1541.3005371093677 434.1090393065242
165 1272.9827880859339 724.0408172605094
166 1004.6650390625 1013.9725952146109
167 997.5820317571706 1023.7792028239928
168 856.0096435546802 725.8837890625
169 838.3225519967273 733.2057724891929
170 830.9998779296875 750.8925781247672
171 838.3222064918518 768.5800151877338
172 856.0096435546802 775.9023437501164
173 873.6970806175195 768.5800151877338
174 881.0194091796875 750.8925781247672
175 873.6967351126441 733.2057724891929
176 1563.2110595703089 1775.2742919921875
177 1548.2052001953089 1790.2791748046875
178 1275.6026611328089 1790.2792358398438
179 1003.0001220703089 1790.2792968748836
180 987.9952392578089 1775.2744140623836
181 987.9951782226526 1417.64013671875
182 987.9951171875 1060.005859375
183 1003.0 1044.9999999997672
184 1165.0615234375 1044.9999999997672
185 1167.5107952032886 1052.0115873113973
186 1170.9716796875 1058.5830078122672
187 1352.3623657226526 1348.5145874023438
188 1533.7530517578089 1638.446166992304
189 1546.4148780967444 1652.1336309928447
190 1563.2110595703089 1660.2303466794547
191 1028.009765625 1354.1162109373836
192 1045.6968571830112 1346.7942275104579
193 1053.01953125 1329.1074218747672
194 1045.6972026877374 1311.4199848120334
195 1028.009765625 1304.0976562498836
196 1010.3223680266419 1311.42000640661
197 1003.000061035149 1329.1074218747672
198 1010.3227135309498 1346.794205916347
199 1598.0 1773.9999999998836
200 1548.134765625 1547.765625
201 1548.134765625 1211.8704427083721
202 1548.134765625 875.9752604166279
203 1548.134765625 540.080078125
204 1598.1533203125 313.85253906226717
205 1598.1022135416679 800.5683593747672
206 1598.0511067708321 1287.2841796873836
207 1610.0 1783.0
208 1609.9486897786446 1296.2841796875
209 1609.8973795572929 809.568359375
210 1609.8460693359375 322.8525390625
211 1659.86474609375 549.0800781247672
212 1659.8648681640625 884.9752604165114
213 1659.864990234375 1220.8704427081393
214 1659.8651123046875 1556.7656249998836
215 1669.0 1744.9999999997672
216 1668.9486897786446 1258.2841796872672
217 1668.8973795572929 771.5683593748836
218 1668.8460693359375 284.8525390623836
219 1718.86474609375 511.0800476074219
220 1718.8648681640625 846.9752400716534
221 1718.864990234375 1182.8704325357685
222 1718.8651123046875 1518.765625
223 1733.0 1484.0
224 1733.2013346354179 1086.3509114582557
225 1733.4026692708321 688.7018229165114
226 1733.60400390625 291.05273437476717
227 1783.6226806640589 520.5908203125
228 1783.6228027343714 887.45947265625
229 1783.6229248046875 1254.3281249998836
230 1893.0 1256.9999999997672
231 1878.0 1272.0000000001164
232 1793.0 1272.0000000001164
233 1792.9998168945276 836.0000305175781
234 1792.9996337890589 400.00006103503983
235 1877.9996337890589 399.9999999998836
236 1892.9996337890589 414.99993896472733
237 1892.9998168945276 835.999969482189
238 1758.0 264.9992370606633
239 1743.0 279.9992675780086
240 1268.5 279.9996337890625
241 794.0 280.0
242 794.20947265625 265.0
243 941.433654785149 179.99987792945467
244 1349.7167663574146 179.9995651242789
245 1757.9998779296802 179.99925231921952
246 1803.79052734375 24.99999999976717
247 1656.5661621093677 109.99999999965075
248 1248.2830810546839 109.99999999965075
249 840.0 109.99999999965075
250 840.0 24.99999999976717
251 855.0 9.999999999883585
252 1329.5 9.999999999883585
253 1804.0 9.999999999883585
254 2032.0 119.99999999988358
255 1802.328125 170.6231536861742
256 1435.45947265625 170.6233215329703
257 1068.5908203125 170.62348937964998
258 839.052734375 120.60504913306795
259 1236.7018229166679 120.40336608863436
260 1634.3509114583321 120.20168304431718
261 2068.1123046875 389.9999389646109
262 1768.0 389.99999999976717
263 1768.0 179.921875
264 2068.1123046875 179.92181396496017
265 2003.0001220703089 1272.0000000001164
266 1918.0001220703089 1272.0000000001164
267 1903.0001220703089 1256.9999999997672
268 1903.0000610351526 835.9999999997672
269 1903.0 414.99999999976717
270 1918.0 399.9999999998836
271 2003.0 399.9999694824219
272 2003.0000610351526 835.9999847412109
273 2028.0 1248.9999999998836
274 2013.0 1248.9999999998836
275 2012.9998168945276 853.4999999998836
276 2012.9996337890589 457.9999999998836
277 2027.9996337890589 457.9999999998836
278 2112.9997558593677 605.2242431640625
279 2113.0 1101.7756347653922
280 2274.0 765.9999999998836
281 2259.0 780.9999999997672
282 2124.0 781.0000610351562
283 2124.0 618.8746337890625
284 2122.5092130050107 594.5007639618125
285 2118.059110333339 570.4902545455843
286 2110.7160327779347 547.2010469972156
287 2100.589448731709 524.9803298221668
288 2087.8303222656177 504.1593627927359
289 2023.9998779296875 413.0001220701961
290 2023.9998779296875 400.00012207007967
291 2258.9997558593677 399.9999999998836
292 2273.9997558593677 413.0
293 2241.0 515.4999999997672
294 2253.3742108471524 510.3742823546054
295 2258.4997558593677 497.9999999998836
296 2253.3741137405523 485.6256510571111
297 2240.9997558593677 480.5000305174617
298 2228.6253871886074 485.62566184659954
299 2223.4997558593677 498.0000305173453
300 2228.625484294691 510.37446577765513
301 2300.0002441406286 1074.9999999997672
302 2285.0002441406177 1074.9999999997672
303 2285.000122070309 679.4999999997672
304 2285.0 283.99999999976717
305 2300.0 283.99999999976717
306 2385.0 431.22430419910233
307 2385.0002441406177 927.7756958006648
308 2493.0 109.99938201904297
309 2097.5 109.99969100928865
310 1702.0 109.99999999965075
311 1702.0 94.99999999976717
312 1849.2242431640589 9.999885558965616
313 2345.7756347656177 9.999498367193155
314 2493.0 94.99938201869372
315 2463.0 269.99999999976717
316 2297.87451171875 269.99999999976717
317 2273.500634076263 271.49076440604404
318 2249.490114293232 275.94084638229106
319 2226.2008941694075 283.28390540892724
320 2203.980162580392 293.41047331201844
321 2183.1591796875 306.1695861816406
322 2092.0 370.0
323 2079.0 370.0
324 2079.0 134.99999999976717
325 2092.0 119.99999999988358
326 2448.0 119.99999999988358
327 2463.0 134.99999999976717
328 2159.5 153.0
329 2164.625631329236 165.37436867074575
330 2177.0 170.5
331 2189.374368670764 165.37436867074575
332 2194.5 153.0
333 2189.374368670764 140.62563132925425
334 2177.0 135.5
335 2164.625631329236 140.62563132925425
336 2623.0 378.0
337 2608.0 392.9999999998836
338 2473.0 393.0000610349234
339 2473.0 182.00007629371248
340 2608.0 182.0
341 2623.0 196.99999999988358
342 2590.0 312.5000305174617
343 2602.3743794603724 307.3743883984862
344 2607.5 294.99999999976717
345 2602.374357881181 282.6256510569947
346 2590.0 277.5000305174617
347 2577.625631329236 282.62566184671596
348 2572.5 295.0000305174617
349 2577.625631329236 307.37439918820746
350 2605.078125 703.9999389646109
351 2395.0 703.9999999997672
352 2395.0 403.8876953125
353 2605.078125 403.8876037594164
354 2561.0 1085.0
355 2546.0 1098.0
356 2311.0 1098.000122070196
357 2311.0 1085.000122070196
358 2374.8303222656177 993.8408203125
359 2387.5894544625335 973.0198425049894
360 2397.716041527121 950.7991133156465
361 2405.059119192756 927.5098930265522
362 2409.5092189556453 903.4993706793757
363 2411.0 879.12548828125
364 2410.9997558593677 714.0000610350398
365 2545.9997558593677 714.0
366 2560.9997558593677 728.9999999998836
367 2528.0 1017.5
368 2540.3743686707203 1012.3743686707458
369 2545.5 1000.0000000001164
370 2540.3743686708076 987.6256313292542
371 2528.0 982.5
372 2515.6256313291924 987.6256313292542
373 2510.5 1000.0000000001164
374 2515.6256313292797 1012.3743686707458
375 2423.0 1269.9999999998836
376 2138.0 1269.9999999998836
377 2123.0 1254.9999999997672
378 2123.0 905.9999999998836
379 2138.0 890.9999999998836
380 2273.0 890.9999999998836
381 2273.0 1052.9273681640625
382 2275.233835091203 1082.7358209980885
383 2281.885439396894 1111.878402210772
384 2292.8062270720584 1139.7041147106793
385 2307.7522457722116 1165.591378076817
386 2326.3896261455156 1188.961913637584
387 2348.3020399222223 1209.29366226017
388 2373.0 1226.1324462890625
389 2423.0 1254.9999999997672
390 2156.0 1154.4999999997672
391 2143.625631329236 1159.6256313290214
392 2138.5 1171.9999999997672
393 2143.625631329236 1184.374368670513
394 2156.0 1189.4999999997672
395 2168.374368670764 1184.374368670513
396 2173.5 1171.9999999997672
397 2168.374368670764 1159.6256313290214
398 2531.0859375 1132.9949951169547
399 2516.0703125 1148.000854492071
400 2316.0078125 1148.0009765622672
401 2301.0 1133.0
402 2301.0 1107.9853515622672
403 2531.0859375 1107.985229492071
404 2656.0 1381.9999999997672
405 2220.0 1381.9999999997672
406 1784.0 1381.9999999997672
407 1784.0 1296.9999999997672
408 1799.0 1281.9999999998836
409 2220.0 1281.9999999998836
410 2641.0 1281.9999999998836
411 2656.0 1296.9999999997672
412 2632.0 1491.9999999998836
413 2196.0 1491.9999999998836
414 1760.0 1491.9999999998836
415 1760.0 1407.0
416 1775.0 1392.0
417 2196.0 1392.0
418 2617.0 1392.0
419 2632.0 1407.0
420 2697.0 1601.999267578125
421 2222.5 1601.9996337888297
422 1748.0 1601.9999999996508
423 1733.0 1586.9999999997672
424 1732.9998779296802 1501.9999999997672
425 2141.283020019524 1501.9996948242188
426 2549.5661621093677 1501.999389648554
427 2696.79052734375 1586.9992675776593
428 2882.999999999989 1728.0
429 2485.350911458325 1727.7985839842586
430 2087.7018229166642 1727.5971679685172
431 1690.052734375 1727.3957519527758
432 1919.5908203125 1677.3771972651593
433 2286.45947265625 1677.3770751950797
434 2653.328125 1677.3769531248836
435 2881.947265625 1666.3952636717586
436 2484.298177083332 1666.5968424477614
437 2086.649088541668 1666.7984212238807
438 1689.0 1666.9999999998836
439 1918.671875 1616.3769531248836
440 2285.54052734375 1616.3768310546875
441 2652.4091796875 1616.376708984375
442 2785.9689941406177 1576.1201171873836
443 2735.9689941406177 1576.115356445429
444 2665.9221191406177 1454.8096923824633
445 2665.921875 1276.000122070196
446 2856.0 1275.9999999998836
447 2856.0002441406286 1454.8310546875
448 2733.0 1238.0
449 2718.0 1253.0000000001164
450 2433.0 1253.0000000001164
451 2433.0 1238.0
452 2483.0 1209.1325683591422
453 2507.697960077763 1192.2937843302498
454 2529.610373854459 1171.9620357076637
455 2548.2477542277593 1148.591500147013
456 2563.193772927909 1122.7042367808754
457 2574.114560603077 1094.8785242809681
458 2580.7661649087786 1065.735943068401
459 2583.0 1035.927490234375
460 2583.0 874.0
461 2718.0 874.0
462 2733.0 889.0
463 2700.0 1137.5
464 2687.625631329236 1142.6256313292542
465 2682.5 1155.0
466 2687.625631329236 1167.3743686707458
467 2700.0 1172.5
468 2712.374368670764 1167.3743686707458
469 2717.5 1155.0
470 2712.374368670764 1142.6256313292542
471 2782.0 863.9999999998836
472 2571.0 863.9999999998836
473 2571.0 728.9999999998836
474 2586.0 714.0
475 2767.0 714.0
476 2782.0 728.9999999998836
477 2651.5 747.0
478 2656.625631329327 759.3743686705129
479 2669.0 764.4999999996508
480 2681.374368670673 759.3743686705129
481 2686.5 747.0
482 2681.3743686708585 734.6256313290214
483 2669.0 729.4999999996508
484 2656.6256313291415 734.6256313290214
485 2838.0703125 669.9999389646109
486 2633.0 669.9999999997672
487 2633.0 369.8876953123836
488 2838.0703125 369.8876037597656
489 2836.999999999989 359.9999999998836
490 2633.0 360.0000610349234
491 2633.0 225.00007629406173
492 2648.0 210.00006103503983
493 2822.0 210.0
494 2836.999999999989 224.99999999988358
495 2738.5 243.00003051757812
496 2733.374363275976 230.625671710819
497 2721.0 225.50004577625077
498 2708.6256313292324 230.62567710562143
499 2703.5 243.0000457763672
500 2708.6256367240276 255.3744045831263
501 2721.0 260.5000305175781
502 2733.374368670764 255.37439918832388
503 2836.0 199.07812499988358
504 2657.1904296875 199.07820129406173
505 2535.884765625 129.03138732886873
506 2535.8798828125 79.03138732875232
507 2657.1689453125 9.000082969549112
508 2836.0 8.99999999976717
509 3050.0 144.99999999965075
510 3035.0 160.0
511 2861.0 160.00006103515625
512 2846.0 145.00007629371248
513 2846.0 10.000073433038779
514 3050.0 9.999994277721271
515 2951.5 127.0000305173453
516 2946.3743659733664 114.62566677853465
517 2934.0 109.50003814673983
518 2921.6256286317875 114.6256721734535
519 2916.5 127.00004577636719
520 2921.6256313292834 139.37441444699652
521 2934.0 144.50004577613436
522 2946.3743740655664 139.37440905207768
523 3076.0859375 210.0145568846492
524 2846.0 210.01464843726717
525 2846.0 184.99999999988358
526 2861.007812499989 169.99902343761642
527 3061.0703125 169.9989471435547
528 3076.0859375 185.00479125976562
529 3077.085937499989 244.99502563441638
530 3062.0703125 260.0008850097656
531 2862.0078125 260.00097656226717
532 2847.0 244.99999999988358
533 2847.0 219.9853515625
534 3077.085937499989 219.9852600095328
535 3077.085937499989 310.0145568846492
536 2847.0 310.0146484375
537 2847.0 285.0
538 2862.0078125 269.9990234375
539 3062.0703125 269.9989318847656
540 3077.085937499989 285.0047912597656
541 3077.085937499989 344.9950256346492
542 3062.0703125 360.00088500988204
543 2862.0078125 360.0009765625
544 2847.0 344.99999999976717
545 2847.0 319.9853515623836
546 3077.085937499989 319.9852600097656
547 3078.0859375 394.9950256347656
548 3063.0703125 410.0008850097656
549 2863.0078125 410.0009765623836
550 2848.0 394.9999999998836
551 2848.0 369.98535156226717
552 3078.0859375 369.9852600097656
553 3078.0 460.01464843726717
554 2847.9140625 460.01464843726717
555 2847.9140625 435.0048828125
556 2862.929687499989 419.9990234373836
557 3062.9921875 419.9990234373836
558 3078.0 434.9999999998836
559 3148.0 675.0703124997672
560 2847.8876953125 675.0704345699633
561 2847.8876953125 470.0001525876578
562 3148.0 469.9999999998836
563 3091.8232421875 874.9999389649602
564 2913.0 875.0
565 2791.7109375 804.9766235349234
566 2791.7109375 754.9531860349234
567 2912.9921875 684.9296874996508
568 3091.8232421875 684.9296264646109
569 2893.0 1265.9998779294547
570 2758.0 1265.9999999997672
571 2743.0 1250.9999999997672
572 2742.9997558593677 897.9999999998836
573 2757.9997558593677 884.9999999998836
574 2992.9997558593677 884.9998779296875
575 2992.9997558593677 897.9998779295711
576 2929.16943359375 989.1591796873836
577 2916.4103529363783 1009.9801710558822
578 2906.2838169693678 1032.2009066444589
579 2898.940789007578 1055.4901264926884
580 2894.4907366760526 1079.500642002211
581 2893.0 1103.8745117186336
582 2776.0 1000.4999999998836
583 2788.374210847196 995.3742823547218
584 2793.4997558593677 982.9999999998836
585 2788.3741245301317 970.6256313291378
586 2775.9997558593677 965.4999999998836
587 2763.625387188604 970.6256313291378
588 2758.4997558593677 982.9999999998836
589 2763.625473505035 995.3744549882831
590 3131.999999999989 1185.8232421875
591 2941.9296875 1185.8233642575797
592 2941.9296875 1006.9922485349234
593 3011.953125 885.7109985349234
594 3061.9765625 885.7109374997672
595 3131.999999999989 1006.9999999997672
596 3042.9765625 1496.2900390623836
597 2992.9609375 1496.290161132929
598 2922.9296875 1374.992309570196
599 2922.9294433593677 1196.1778564449633
600 3112.9997558593677 1196.177734375
601 3113.0 1374.9999999998836
602 3070.147460937489 1788.1530761716422
603 2583.4316406249927 1788.1020507810172
604 2096.7158203124964 1788.0510253905086
605 1610.0 1787.9999999998836
606 1836.234375 1738.1347656248836
607 2172.129557291668 1738.1346842446364
608 2508.024739583332 1738.1346028645057
609 2843.919921875 1738.1345214842586
610 3118.9951171875 453.0859375
611 3093.9853515625 453.0859375
612 3093.9853515625 223.00001525855623
613 3119.0 223.0
614 3134.0009765625 238.00781249976717
615 3134.0009765625 438.0703125001164
616 3145.822265625 1700.0701904294547
617 2967.0078125 1700.0703125
618 2845.709960937489 1630.0390624996508
619 2845.709960937489 1580.0234374998836
620 2967.0 1509.9999999997672
621 3145.822265625 1509.9998779294547
GTSP_SET_SECTION
1 1 -1
2 2 3 4 5 6 7 -1
3 8 9 10 11 12 13 -1
4 14 15 16 17 18 19 20 21 22 23 24 25 26 27 28 29 30 31 32 33 34 35 36 37 38 -1
5 39 40 41 42 43 44 45 46 -1
6 47 48 49 50 51 52 53 54 55 56 57 58 59 60 61 -1
7 62 63 64 65 66 67 68 69 -1
8 70 71 72 73 74 75 76 77 78 79 80 81 82 83 84 85 86 87 88 89 90 91 92 93 94 -1
9 95 96 97 98 99 100 101 102 -1
10 103 104 105 106 107 108 109 110 111 112 113 114 115 116 117 -1
11 118 119 120 121 122 123 124 125 -1
12 126 127 128 129 130 131 -1
13 132 133 134 135 136 137 -1
14 138 139 140 141 142 143 144 -1
15 145 146 147 148 149 150 151 152 -1
16 153 154 155 156 157 158 159 160 161 162 163 164 165 166 167 -1
17 168 169 170 171 172 173 174 175 -1
18 176 177 178 179 180 181 182 183 184 185 186 187 188 189 190 -1
19 191 192 193 194 195 196 197 198 -1
20 199 200 201 202 203 204 205 206 -1
21 207 208 209 210 211 212 213 214 -1
22 215 216 217 218 219 220 221 222 -1
23 223 224 225 226 227 228 229 -1
24 230 231 232 233 234 235 236 237 -1
25 238 239 240 241 242 243 244 245 -1
26 246 247 248 249 250 251 252 253 -1
27 254 255 256 257 258 259 260 -1
28 261 262 263 264 -1
29 265 266 267 268 269 270 271 272 -1
30 273 274 275 276 277 278 279 -1
31 280 281 282 283 284 285 286 287 288 289 290 291 292 -1
32 293 294 295 296 297 298 299 300 -1
33 301 302 303 304 305 306 307 -1
34 308 309 310 311 312 313 314 -1
35 315 316 317 318 319 320 321 322 323 324 325 326 327 -1
36 328 329 330 331 332 333 334 335 -1
37 336 337 338 339 340 341 -1
38 342 343 344 345 346 347 348 349 -1
39 350 351 352 353 -1
40 354 355 356 357 358 359 360 361 362 363 364 365 366 -1
41 367 368 369 370 371 372 373 374 -1
42 375 376 377 378 379 380 381 382 383 384 385 386 387 388 389 -1
43 390 391 392 393 394 395 396 397 -1
44 398 399 400 401 402 403 -1
45 404 405 406 407 408 409 410 411 -1
46 412 413 414 415 416 417 418 419 -1
47 420 421 422 423 424 425 426 427 -1
48 428 429 430 431 432 433 434 -1
49 435 436 437 438 439 440 441 -1
50 442 443 444 445 446 447 -1
51 448 449 450 451 452 453 454 455 456 457 458 459 460 461 462 -1
52 463 464 465 466 467 468 469 470 -1
53 471 472 473 474 475 476 -1
54 477 478 479 480 481 482 483 484 -1
55 485 486 487 488 -1
56 489 490 491 492 493 494 -1
57 495 496 497 498 499 500 501 502 -1
58 503 504 505 506 507 508 -1
59 509 510 511 512 513 514 -1
60 515 516 517 518 519 520 521 522 -1
61 523 524 525 526 527 528 -1
62 529 530 531 532 533 534 -1
63 535 536 537 538 539 540 -1
64 541 542 543 544 545 546 -1
65 547 548 549 550 551 552 -1
66 553 554 555 556 557 558 -1
67 559 560 561 562 -1
68 563 564 565 566 567 568 -1
69 569 570 571 572 573 574 575 576 577 578 579 580 581 -1
70 582 583 584 585 586 587 588 589 -1
71 590 591 592 593 594 595 -1
72 596 597 598 599 600 601 -1
73 602 603 604 605 606 607 608 609 -1
74 610 611 612 613 614 615 -1
75 616 617 618 619 620 621 -1
GTSP_SET_ORDERING
5 4 -1
7 6 -1
9 8 -1
11 10 -1
17 16 -1
19 18 -1
32 31 -1
36 35 -1
38 37 -1
41 40 -1
43 42 -1
52 51 -1
54 53 -1
57 56 -1
60 59 -1
70 69 -1
EOF