NAME: Lc74v1987
TYPE: PCGTSP 
COMMENT: 
DIMENSION: 1988
GTSP_SETS: 75
EDGE_WEIGHT_TYPE: EUC_2D
NODE_COORD_SECTION
1 0.0 0.0
2 3042.0 310.00000000029104
3 2882.0 310.00003051781096
4 2882.0 190.00003051792737
5 2912.0 190.00003051792737
6 2919.071067811914 187.071098329674
7 2922.0 180.00003051769454
8 2922.0 140.0000305180438
9 2919.071067811914 132.92896270606434
10 2912.0 130.00003051781096
11 2882.0 130.00003051781096
12 2882.0 10.000031471601687
13 3042.0 10.00000000023283
14 3042.0 130.00000000029104
15 3011.999999999989 130.00000000029104
16 3004.928926793309 132.92893758323044
17 3002.0 140.0000152591383
18 3002.0 180.0000152591383
19 3004.9289375828994 187.0710732070729
20 3011.999999999989 190.00000000052387
21 3042.0 190.00000000052387
22 3347.0 1545.000000000291
23 3186.999999999989 1545.000000000291
24 3186.999999999989 1425.000000000291
25 3217.0 1425.000000000291
26 3224.0710678119394 1422.0710678119794
27 3227.0 1414.9999999999418
28 3227.0 1375.0000000002328
29 3224.0710678118885 1367.9289321883116
30 3217.0 1365.0000000001164
31 3186.999999999989 1365.0000000001164
32 3186.999999999989 1245.0000000001164
33 3347.0 1245.0000000001164
34 3347.0 1365.0000000001164
35 3317.0 1365.0000000001164
36 3309.9289321881115 1367.9289321883116
37 3307.0 1375.0000000002328
38 3307.0 1414.9999999999418
39 3309.9289321880606 1422.0710678119794
40 3317.0 1425.000000000291
41 3347.0 1425.000000000291
42 1935.42236328125 1851.9997558594332
43 1551.9482421875 1851.9998372396803
44 1168.47412109375 1851.9999186199857
45 785.0 1852.0000000002328
46 778.3042850220991 1826.986658289039
47 759.9943641045247 1808.6769161112024
48 734.98095703125 1801.9814453127328
49 731.97998046875 1801.9814453127328
50 731.979888916012 1326.7983398439828
51 731.9797973632776 851.6152343752328
52 749.9768676757776 851.6152343752328
53 758.8910286621649 879.5548548313091
54 769.6061604878159 906.8544996509445
55 782.0767524342809 933.3982181889005
56 796.2498377617994 959.0732704696711
57 812.0652186766092 983.7706060311757
58 829.4557220109382 1007.3853270987165
59 848.3474845297169 1029.817134120327
60 868.6602666522413 1050.9707517722272
61 890.3077932562883 1070.7563336248277
62 913.1981201171802 1089.089843750291
63 1172.9211425781214 1303.9521077477257
64 1432.6441650390589 1518.814371745102
65 1692.3671875 1733.6766357425367
66 1715.7692830820815 1752.089284812042
67 1740.3378714697865 1768.9139152099378
68 1765.96537455235 1784.0768571785884
69 1792.539577565065 1797.5117169705336
70 1819.944120442382 1809.1596675660112
71 1848.0590073219973 1818.9697062579216
72 1876.7611319689422 1826.898877976404
73 1905.924816819017 1832.9124633758329
74 1935.42236328125 1836.9841308596078
75 1962.8203125 1771.9038085938082
76 1642.3909912109302 1586.903808594041
77 1645.3879583084017 1564.1392464864184
78 1631.41015625 1545.9230957032996
79 1608.645621818996 1542.926076509175
80 1590.4294433593677 1556.9038085940992
81 1270.0 1371.903808594041
82 1345.0 1242.0000000002328
83 1665.4294433593677 1427.0000000001164
84 1662.4324241651775 1449.7645344311022
85 1676.41015625 1467.9807128907414
86 1699.1747606544413 1470.9777907253592
87 1717.3909912109375 1457.0000000004075
88 2037.8203125 1642.0000000002328
89 1950.0 1401.0000000005239
90 1830.0 1401.0000000005239
91 1830.0 1371.0000000001164
92 1827.0710678118412 1363.9289321883116
93 1820.0 1361.0000000002328
94 1780.0 1361.0001220706035
95 1772.9289321881588 1363.929054258624
96 1770.0 1371.000122070429
97 1770.0 1401.0001220706035
98 1650.0 1401.0001220706035
99 1649.9998779296875 1241.0001220706035
100 1769.9998779296802 1241.0001220706035
101 1770.0 1271.000122070429
102 1772.9289321881079 1278.0711898823502
103 1780.0 1281.0001220706035
104 1820.0 1281.0
105 1827.0710678118157 1278.0710678119794
106 1830.0 1271.0000000002328
107 1829.9998779296875 1241.000000000291
108 1949.9998779296875 1241.000000000291
109 1901.0 1231.0000000002328
110 1531.0 1231.0000000002328
111 1522.2132101393945 1209.7867898608674
112 1501.0 1201.0000000002328
113 1479.7867898606055 1209.7867898608674
114 1471.0 1231.0000000002328
115 1101.0 1231.0000000002328
116 1101.0 1081.0000000002328
117 1471.0 1081.0000000002328
118 1479.7867898605837 1102.2132101396564
119 1501.0 1111.000000000291
120 1522.2132101394163 1102.2132101396564
121 1531.0 1081.0000000002328
122 1901.0 1081.0000000002328
123 1707.0 1071.0000000002328
124 1337.0 1071.0000000002328
125 1328.2132101393945 1049.7867898608674
126 1307.0 1041.0000000002328
127 1285.7867898606055 1049.7867898608674
128 1277.0 1071.0000000002328
129 907.0 1071.0000000002328
130 907.0 921.0000000002328
131 1277.0 921.0000000002328
132 1285.786789860631 942.21321013954
133 1307.0 951.0000000001164
134 1328.213210139369 942.21321013954
135 1337.0 921.0000000002328
136 1707.0 921.0000000002328
137 1583.0 911.0000000005239
138 1213.0 911.0000000005239
139 1204.213210139489 889.7867898609256
140 1183.0 881.0000000001164
141 1161.786789860511 889.7867898609256
142 1153.0 911.0000000005239
143 783.0 911.0000000005239
144 783.0 761.0000000002328
145 1153.0 761.0000000002328
146 1161.78678986058 782.2132101397146
147 1183.0 791.0000000004075
148 1204.21321013942 782.2132101397146
149 1213.0 761.0000000002328
150 1583.0 761.0000000002328
151 1420.0 751.000000000291
152 1050.0 751.000000000291
153 1041.2132101393945 729.7867898609256
154 1020.0 721.000000000291
155 998.7867898606055 729.7867898609256
156 990.0 751.000000000291
157 620.0 751.000000000291
158 620.0 601.0000000001164
159 990.0 601.0000000001164
160 998.7867898605327 622.2132101397146
161 1020.0 631.0000000005239
162 1041.2132101394673 622.2132101397146
163 1050.0 601.0000000001164
164 1420.0 601.0000000001164
165 1461.0 591.0000000002328
166 1091.0 591.0000000002328
167 1082.2132101393254 569.7867898609838
168 1061.0 561.0000000005239
169 1039.7867898606746 569.7867898609838
170 1031.0 591.0000000002328
171 661.0 591.0000000002328
172 661.0 441.0000000001164
173 1031.0 441.0000000001164
174 1039.78678986058 462.21321013959823
175 1061.0 471.00000000029104
176 1082.21321013942 462.21321013959823
177 1091.0 441.0000000001164
178 1461.0 441.0000000001164
179 1100.0 431.00000000023283
180 980.0 431.00000000023283
181 980.0 401.00000000029104
182 977.0710678119103 393.9289321883116
183 970.0 391.0000000001164
184 930.0 391.0000000001164
185 922.9289321880897 393.9289321883116
186 920.0 401.00000000029104
187 920.0 431.00000000023283
188 800.0 431.00000000023283
189 800.0 271.00000000029104
190 920.0 271.00000000029104
191 920.0 301.00000000040745
192 922.9289321881806 308.07106781215407
193 930.0 311.00000000023283
194 970.0 311.00000000023283
195 977.0710678118194 308.07106781215407
196 980.0 301.00000000040745
197 980.0 271.00000000029104
198 1100.0 271.00000000029104
199 3362.021484374989 2610.6767578126164
200 2966.4907226562464 2610.6767578126164
201 2570.9599609375 2610.6767578126164
202 2152.4697265625 2610.6767578126164
203 1733.9794921875 2610.6767578126164
204 1315.4892578125 2610.6767578126164
205 896.9990234375 2610.6767578126164
206 478.5087890625 2610.6767578126164
207 60.0185546875 2610.6767578126164
208 53.32292101134226 2585.663557143649
209 35.013200668974605 2567.3538368012523
210 10.0 2560.6582031251164
211 10.0 2162.008789062791
212 10.0 1763.3593750004075
213 25.0048828125 1748.353515625291
214 185.1455078125 1748.353515625291
215 193.11000738634175 1764.733247427037
216 210.07421875 1771.3623046879075
217 227.76165581278838 1764.039976125583
218 235.083984375 1746.3525390627328
219 235.083984375 1698.3349609377328
220 227.76165581274108 1680.647523874999
221 210.07421875 1673.325195312791
222 10.0 1673.325195312791
223 10.0 1286.1801757814246
224 10.0 899.03515625
225 25.0048828125 884.0302734379075
226 205.1533203125 884.0302734379075
227 213.11813046148018 900.4093873863458
228 230.08203125 907.0380859376164
229 247.7691228079566 899.7161025109235
230 255.091796875 882.0292968754075
231 255.091796875 831.010253906541
232 247.7696410718272 813.3225011277827
233 230.08203125 806.0000000004075
234 10.0 806.0000000004075
235 10.0 441.61352539085783
236 10.0 77.22705078130821
237 35.013341711164685 70.53133580344729
238 53.323083888994006 52.22141488594934
239 60.0185546875 27.20800781273283
240 60.0185546875 24.20703125023283
241 481.0763671874993 24.20703125023283
242 902.1341796874985 24.20703125023283
243 1323.1919921875015 24.20703125023283
244 1744.2498046875007 24.20703125023283
245 2165.3076171875 24.20703125023283
246 2439.8955078125 24.20703125023283
247 2714.4833984375 24.20703125023283
248 2716.1083984375 27.20800781273283
249 2801.1103515625 184.13623046904104
250 2818.330064632344 199.7422294783173
251 2841.5283203125 201.12304687523283
252 2849.073762254582 227.64390770351747
253 2856.585265025995 254.17440108925803
254 2864.0628163298243 280.7144835999352
255 2871.5064039247372 307.2641117873718
256 2878.916015625 333.82324218779104
257 2886.1424866339694 360.04198535042815
258 2893.31411426482 386.2757828909089
259 2900.430867156345 412.52452009008266
260 2907.492714187316 438.7880821634317
261 2914.499624476619 465.06635426165303
262 2921.451567383341 491.3592214710661
263 2928.3485125069747 517.6665688141948
264 2935.1904296875 543.9882812502328
265 2941.9839747042606 570.3801422619144
266 2948.7523211985354 596.7784768171259
267 2955.495463001731 623.1832608567202
268 2962.213393968228 649.5944703157293
269 2968.906107975381 676.0120811231318
270 2975.5735989235254 702.4360692024347
271 2982.2158607359925 728.8664104709169
272 2988.8328873590945 755.3030808403855
273 2995.4246727621576 781.7460562167689
274 3001.9912109375 808.1953125002328
275 2787.3828125 860.3032226565992
276 2771.9102800735636 871.6136984993936
277 2768.9931640625 890.556152344041
278 2781.1328125 940.1201171877328
279 2792.431378119636 955.5440672841505
280 2811.3251953125 958.473144531541
281 2826.2489519282535 948.029388875817
282 2830.125 930.2314453129075
283 2986.619140625 892.2333984375
284 3002.4486928326733 913.8934073982527
285 3028.962890625 917.983398437791
286 3034.932131191159 942.5385541478172
287 3040.879632248965 967.0989844381693
288 3046.805389137684 991.6646700620768
289 3052.709397213617 1016.2355917688692
290 3058.5916518500926 1040.8117303034524
291 3064.4521484375 1065.393066406832
292 3071.309951070514 1094.2531092779827
293 3078.1534961946454 1123.1165363373584
294 3084.9827821398576 1151.9833405414247
295 3091.797807239607 1180.8535148458323
296 3098.598569830836 1209.7270522054168
297 3105.3850682539414 1238.603945574141
298 3112.1573008528285 1267.4841879052692
299 3118.915265974865 1296.367772151134
300 3125.6589619709193 1325.2546912632533
301 3132.388387195322 1354.1449381923885
302 3139.10354000589 1383.0385058884276
303 3145.804418763939 1411.9353873006185
304 3152.4910218342484 1440.835575377103
305 3159.1633475850977 1469.739063065499
306 3165.8213943882292 1498.6458433124353
307 3172.4651606188854 1527.5559090637835
308 3179.094644655808 1556.4692532647168
309 3185.7098448811885 1585.3858688594773
310 3192.3107596807313 1614.3057487916085
311 3198.8973874436124 1643.2288860037224
312 3205.4697265625 1672.1552734377328
313 2990.01953125 1720.4462890626164
314 2974.3621263203095 1731.459300493414
315 2971.0849609375 1750.3193359377328
316 2982.2451171875 1800.110351562791
317 2993.2587718553186 1815.7675453608972
318 3012.119140625 1819.0439453127328
319 3027.2232197237026 1808.865639441472
320 3031.4130859375 1791.140625000291
321 3188.357421875 1755.9628906254075
322 3195.407880913066 1776.5292505133548
323 3211.8295030621157 1790.7775647182716
324 3233.184570312489 1794.8574218752328
325 3226.924871847881 1799.2652206992498
326 3225.6171875 1806.808593750291
327 3229.999023437489 1826.330078125
328 3234.4045338365177 1832.5900034161168
329 3241.9462890625 1833.9003906252328
330 3247.4676466790042 1858.5684113936732
331 3252.978619431684 1883.2387542749057
332 3258.4792063439527 1907.9114148971858
333 3263.9694064410287 1932.5863888881286
334 3269.44921875 1957.2636718751164
335 3275.8462749626524 1986.026337068528
336 3282.2325932017447 2014.791388373298
337 3288.6081725772565 2043.558821780607
338 3294.9730122006767 2072.328633281286
339 3301.327111184979 2101.1008188658743
340 3307.670468644621 2129.8753745246213
341 3314.0030836955593 2158.652296247252
342 3320.324955455264 2187.431580023491
343 3326.636083042704 2216.213221842365
344 3332.9364655783174 2244.9972176929004
345 3339.226102184086 2273.783563563542
346 3345.504991983431 2302.5722554425593
347 3351.773134101317 2331.3632893178146
348 3358.0305276641775 2360.1566611768794
349 3364.277171799975 2388.952367007092
350 3370.5130656381552 2417.750402795209
351 3376.7382083096345 2446.5507645279285
352 3382.952598946871 2475.3534481915412
353 3389.156236683808 2504.1584497719305
354 3395.349120655872 2532.9657652547467
355 3401.53125 2561.775390625233
356 3381.1838643278643 2571.3046947214752
357 3367.063503325542 2588.7815120923333
358 1110.412109375 1990.444335937791
359 1370.111328125 1990.444335937791
360 1629.810546875 1990.444335937791
361 1659.57372651665 1989.5796856022207
362 1689.2326620464883 1986.9449131602887
363 1718.6821716701197 1982.5493625109084
364 1747.8178162965523 1976.4086219377932
365 1776.536269918699 1968.544468827895
366 1804.7356860464388 1958.9847924401402
367 1832.3160588927713 1947.7634949999629
368 1859.179578032119 1934.9203714688774
369 1885.2309752730762 1920.5009684168617
370 1910.377862515419 1904.5564224965055
371 1934.5310593932045 1887.1432790937251
372 1957.6049095420858 1868.3232917959103
373 1979.517584369125 1848.1632033906062
374 2000.1913732479188 1826.734509170521
375 2019.5529591098566 1804.1132033838076
376 2037.5336784541323 1780.3795097301481
377 2054.069764854503 1755.6175968569005
378 2069.102575099092 1729.915279865323
379 2082.5787971614263 1703.3637088852702
380 2094.4506392649964 1676.0570458219736
381 2104.6759993709748 1648.0921304227086
382 2113.218614487949 1619.5681368462974
383 2120.0481892742027 1590.5862219540286
384 2125.1405034764393 1561.249166569265
385 2128.477497823962 1531.661010977754
386 2130.0473380736585 1501.926685961429
387 2129.8444569787134 1472.1516406743904
388 2127.8695740321673 1442.4414686801028
389 2124.129692915314 1412.9015334767755
390 2118.6380766600087 1383.6365948387538
391 2111.414200612944 1354.7504372984986
392 2102.4836833687004 1326.3455020876136
393 2091.8781959165426 1298.5225238414714
394 2079.635349323107 1271.3801733560394
395 2065.798561349362 1245.014707664086
396 2050.4169024748044 1219.5196286712307
397 2033.544921875 1194.9853515630239
398 1830.2815755208321 917.0566406254657
399 1627.0182291666679 639.1279296878492
400 1423.7548828125 361.19921875029104
401 1405.4374010910942 337.7607612256543
402 1385.611395395572 315.58372522197897
403 1364.3635020838665 294.76502070989227
404 1341.7865709270882 275.39562197658233
405 1317.97925937139 257.56017008330673
406 1293.045601421276 241.3366029979079
407 1267.0945530282734 226.79581501887878
408 1240.2395159714542 214.001346978941
409 1212.597842310497 203.00910858233692
410 1184.2903215766128 193.8671340883593
411 1155.4406529423359 186.61537240998587
412 1126.174904676649 181.28551254345803
413 1096.6209632475293 177.9008450927795
414 1066.9079744793125 176.47616049350472
415 1037.165779206829 177.01768438122235
416 1007.5243458924924 179.523050386284
417 978.1132026856721 183.98131047462812
418 949.0608714061309 190.3729827887728
419 920.4943059250145 198.67013678041985
420 892.5383373974546 208.8365152621409
421 865.3151287711262 220.82769284548704
422 838.9436409544178 234.59127007232746
423 813.5391129769923 250.0671023922041
424 789.2125584143178 267.18756298342487
425 766.0702802767664 285.87783827172825
426 744.2134064830607 306.05625485267956
427 723.7374479480568 327.6346363911289
428 704.7318812158665 350.5186889372999
429 687.2797574621909 374.6084129754454
430 671.4573395744701 399.798540405347
431 657.3337688956926 425.9789945463417
432 644.9707630881894 453.0353711543139
433 634.4223464376955 480.8494383490761
434 625.7346137761597 509.2996532682446
435 618.945529054985 538.2616931894445
436 614.0847594488441 567.6089987997548
437 611.1735457150608 597.2133272390929
438 610.224609375 626.9453125002328
439 610.224609375 1058.6013183595496
440 610.224609375 1490.2573242189246
441 611.0604560484317 1519.343903314788
442 613.5869271114861 1548.3326022701804
443 617.7954656317997 1577.125238944951
444 623.6718176644172 1605.6242952442262
445 631.1960805286253 1633.7332474038121
446 640.3427702165754 1661.3568929075263
447 651.0809077053273 1688.401672929409
448 663.3741238800576 1714.7759892094764
449 677.1807827129996 1740.3905142886797
450 692.4541222809567 1765.1584940529428
451 709.142413143778 1788.9960415618261
452 727.1891335473665 1811.822421165998
453 746.533160857809 1833.5603219518089
454 767.108978578297 1854.1361195862992
455 788.8468982476697 1873.4801256762585
456 811.673295469016 1891.5268237967975
457 835.5108592689467 1908.2150913894875
458 860.2788539429748 1923.4884067790117
459 885.8933925001475 1937.2950406071031
460 912.2677207808192 1949.5882310353336
461 939.3125112852467 1960.3263421230367
462 966.9361657178852 1969.4730048449128
463 995.0451252226376 1976.9972402692074
464 1023.544187258376 1982.8735644811532
465 1052.3368280414688 1987.0820748941624
466 1081.3255294632108 1989.6085176585475
467 1039.3857421875 2570.662109375233
468 1032.0634136252374 2552.9746723125572
469 1014.3759765625 2545.6523437504075
470 996.6891709268675 2552.9750178172835
471 989.3671875 2570.662109375233
472 996.6891709268639 2588.349200933182
473 1014.3759765625 2595.6718750001164
474 1032.0634136252374 2588.3495464379666
475 1863.6943359375 2570.662109375233
476 1856.3723525106325 2552.9750178172835
477 1838.685546875 2545.6523437504075
478 1820.9981098122626 2552.9746723125572
479 1813.67578125 2570.662109375233
480 1820.9981098122626 2588.3495464379666
481 1838.685546875 2595.6718750001164
482 1856.3723525106361 2588.349200933182
483 4572.0 620.0000000002328
484 4452.0 620.0000000002328
485 4452.0 590.0000000004075
486 4449.071067811914 582.928932188428
487 4442.0 580.0000000001164
488 4402.0 580.0000000001164
489 4394.928932188079 582.928932188428
490 4391.999999999989 590.0000000004075
491 4391.999999999989 620.0000000002328
492 4272.0 620.0000000002328
493 4272.0 460.00000000023283
494 4391.999999999989 460.00000000023283
495 4391.999999999989 490.0
496 4394.928932188079 497.07106781197945
497 4402.0 500.00000000023283
498 4442.0 500.00000000023283
499 4449.071067811914 497.07106781197945
500 4452.0 490.0
501 4452.0 460.00000000023283
502 4572.0 460.00000000023283
503 4593.0 810.0000000002328
504 4473.0 810.0000000002328
505 4473.0 780.0000000002328
506 4470.071067811914 772.9289321882534
507 4463.0 770.0
508 4423.0 770.0
509 4415.928932188086 772.9289321882534
510 4413.0 780.0000000002328
511 4413.0 810.0000000002328
512 4293.0 810.0000000002328
513 4293.0 650.0000000001164
514 4413.0 650.0000000001164
515 4413.0 680.0000000001164
516 4415.9289321881115 687.0710678120377
517 4423.0 690.0000000002328
518 4463.0 690.0000000002328
519 4470.0710678118885 687.0710678120377
520 4473.0 680.0000000001164
521 4473.0 650.0000000001164
522 4593.0 650.0000000001164
523 5750.984374999996 1234.997924804804
524 5317.986979166664 1234.9982706707087
525 4884.989583333332 1234.9986165366136
526 4451.992187499996 1234.9989624025184
527 4018.9947916666642 1234.9993082684814
528 3585.997395833332 1234.9996541343862
529 3153.0 1235.000000000291
530 3146.3035533572584 1209.9853888303041
531 3127.991827226193 1191.675450115872
532 3102.9765625 1184.9814453127328
533 3102.976236979168 809.840507507557
534 3102.975911458332 434.69956970238127
535 3102.9755859375 59.55863189720549
536 3127.9908616829234 52.86462074314477
537 3146.3025895201754 34.5546663585701
538 3152.9990234375 9.540039062907454
539 3585.996419270832 9.539864540507551
540 4018.9938151041642 9.539690018049441
541 4451.991210937496 9.539515495591331
542 4884.988606770832 9.539340973191429
543 5317.986002604164 9.539166450791527
544 5750.983398437496 9.538991928333417
545 5750.983723958332 418.0253028871375
546 5750.984049479161 826.5116138459998
547 4178.38232421875 629.772644043318
548 4180.298131716245 659.1557794885593
549 4186.034634014264 688.0371144359815
550 4195.493583783886 715.9220070521696
551 4208.5129804713 742.3328812682303
552 4224.869844831977 766.8174060797901
553 4244.284037828322 788.9562424823525
554 4266.423058485725 808.3702253630618
555 4290.907738535538 824.7268573457841
556 4317.31873631461 837.7460033728858
557 4345.203718702334 847.2046884927549
558 4374.085108092331 852.9409166841651
559 4403.46826171875 854.856445312791
560 4553.53076171875 854.8563232424203
561 4582.913945615412 852.9407906564884
562 4611.7953637213395 847.204550669936
563 4639.680371755385 837.7458463223884
564 4666.091390683745 824.7266742996289
565 4690.576086087651 808.3700104597374
566 4712.715115173312 788.9559909857344
567 4732.12930874318 766.8171145683737
568 4748.4861651248175 742.3325477904291
569 4761.505544837644 715.9216312427889
570 4770.964468466467 688.0366975907818
571 4776.700935569981 659.1553245942341
572 4778.61669921875 629.7721557618352
573 4776.701008651366 600.388931284193
574 4770.964600205491 571.5074948725523
575 4761.5057201447635 543.6224928275333
576 4748.486368722988 517.2115057272604
577 4732.129525639772 492.72686900530243
578 4712.715331114028 470.5879258965724
579 4690.576287981221 451.17384543374646
580 4666.091566987081 434.81712849868927
581 4639.680512809817 421.7979131498141
582 4611.795462031812 412.3391767562134
583 4582.913996065905 406.6029171112459
584 4553.53076171875 404.68737792992033
585 4403.46826171875 404.6875
586 4374.084997101192 406.603043138457
587 4345.203502419186 412.3393145785085
588 4317.318425994701 421.7980701997294
589 4290.907350668007 434.81731154432055
590 4266.422614319665 451.174060336547
591 4244.283562758537 470.5881773928413
592 4224.869367659267 492.72716051642783
593 4208.512532555138 517.2118392048869
594 4195.493198108059 543.6228686368559
595 4186.034344188294 571.5079117178102
596 4180.297970937143 600.38938617846
597 5128.24951171875 889.8685913085938
598 5131.650092220883 915.7630237408448
599 5141.63957932519 939.893828247441
600 5157.5366045223855 960.6150774525595
601 5178.256854649284 976.5134048305918
602 5202.3870313259395 986.5044083985267
603 5228.28125 989.9066162112285
604 5254.17683164616 986.5058759517851
605 5278.308587898118 976.5156545678037
606 5299.030380213982 960.6174311977811
607 5314.9286794402215 939.8956970807631
608 5324.918989163332 915.7639774002018
609 5328.31982421875 889.8684082032996
610 5324.918704681728 863.972998477926
611 5314.928190942137 839.8414942942327
612 5299.029775763294 819.1200017381925
613 5278.307953413958 803.2220164107275
614 5254.176241991579 793.2320032587741
615 5228.28076171875 789.8314208984957
616 5202.386775926207 793.2336973306374
617 5178.256819589227 803.224652856472
618 5157.53673425582 819.1228303910466
619 5141.639783043582 839.8438566036057
620 5131.650255639004 863.9744042015518
621 4983.0 2149.0
622 4823.0 2149.0
623 4823.0 2029.0000000001164
624 4853.0 2029.0000000001164
625 4860.071067811841 2026.0710678120377
626 4863.0 2019.0000000002328
627 4863.0 1979.0000000001164
628 4860.071067811841 1971.9289321883116
629 4853.0 1969.000000000291
630 4823.0 1969.000000000291
631 4823.0 1849.000000000291
632 4983.0 1848.999877929804
633 4983.0 1968.999877929804
634 4953.0 1969.000000000291
635 4945.928932188159 1971.9289321883116
636 4943.0 1979.0000000001164
637 4943.0 2019.0000000002328
638 4945.928932188159 2026.0710678120377
639 4953.0 2029.0000000001164
640 4983.0 2028.9998779300367
641 4813.0 2134.0000000001164
642 4653.0 2134.0000000001164
643 4653.0 2014.0000000001164
644 4683.0 2014.0000000001164
645 4690.071067811816 2011.071067812154
646 4693.0 2004.0000000004075
647 4693.0 1964.0000000002328
648 4690.071067811845 1956.928932188428
649 4683.0 1954.000000000291
650 4653.0 1954.000000000291
651 4653.0 1834.0
652 4813.0 1834.0
653 4813.0 1954.000000000291
654 4783.0 1954.000000000291
655 4775.928932188155 1956.928932188428
656 4773.0 1964.0000000002328
657 4773.0 2004.0000000004075
658 4775.928932188184 2011.071067812154
659 4783.0 2014.0000000001164
660 4813.0 2014.0000000001164
661 6058.984374999996 2610.458984375233
662 5625.986979166664 2610.4591471356107
663 5192.989583333332 2610.4593098959886
664 4759.992187499996 2610.459472656308
665 4326.994791666664 2610.459635416686
666 3893.997395833332 2610.459798177064
667 3461.0 2610.459960937442
668 3454.3035533572584 2585.445349767455
669 3435.9918272261857 2567.135411053023
670 3410.9765625 2560.44140625
671 3410.9765625 2185.300455729186
672 3410.9765625 1810.1595052084303
673 3410.9765625 1435.0185546876164
674 3435.9918272261893 1428.3245498845354
675 3454.3035533572584 1410.0146111701033
676 3461.0 1385.0000000001164
677 3893.997395833332 1385.0000000001164
678 4326.994791666664 1385.0000000001164
679 4759.992187499996 1385.0000000001164
680 5192.989583333332 1385.0000000001164
681 5625.986979166664 1385.0000000001164
682 6058.984374999996 1385.0000000001164
683 6058.984374999996 1793.4863281251746
684 6058.984374999996 2201.9726562501746
685 4486.382812499989 1990.2265625002328
686 4488.298481142898 2019.609803671483
687 4494.034871991422 2048.491259107599
688 4503.493738981677 2076.3762816705857
689 4516.513081916113 2102.7872899366776
690 4532.869921009791 2127.271947641915
691 4552.284115822298 2149.4109107580734
692 4574.423163169264 2168.8250095176045
693 4598.907891840499 2185.1817423812463
694 4625.3189565924695 2198.2009707280085
695 4653.204020193709 2207.659716735361
696 4682.085500517656 2213.3959822778706
697 4711.46875 2215.311523437733
698 4861.53125 2215.311523437733
699 4890.914499482344 2213.3959822778706
700 4919.795979806291 2207.659716735361
701 4947.681043407527 2198.2009707280085
702 4974.092108159497 2185.1817423812463
703 4998.576836830733 2168.8250095176045
704 5020.7158841776945 2149.4109107580734
705 5040.130078990202 2127.271947641915
706 5056.486918083876 2102.7872899366776
707 5069.506261018312 2076.3762816705857
708 5078.965128008567 2048.491259107599
709 5084.701518857091 2019.609803671483
710 5086.6171875 1990.2265625002328
711 5084.701401926854 1960.8434103613836
712 5078.964917226072 1931.9620563894277
713 5069.505980526839 1904.0771432553302
714 5056.486592326713 1877.6662478735088
715 5040.129731955556 1853.1817020787857
716 5020.715538672448 1831.042845668795
717 4998.576513800919 1811.628844491439
718 4974.0918260740655 1795.272196580132
719 4947.68081772036 1782.2530375552014
720 4919.795822509484 1772.7943428215222
721 4890.914418761531 1767.0581087325118
722 4861.53125 1765.1425781252328
723 4711.46875 1765.1425781252328
724 4682.085581238469 1767.0581087325118
725 4653.204177490516 1772.7943428215222
726 4625.31918227964 1782.2530375552014
727 4598.908173925927 1795.272196580132
728 4574.4234861990735 1811.628844491439
729 4552.284461327545 1831.042845668795
730 4532.870268044437 1853.1817020787857
731 4516.513407673276 1877.6662478735088
732 4503.49401947315 1904.0771432553302
733 4494.035082773917 1931.9620563894277
734 4488.298598073139 1960.8434103613836
735 5436.25 1730.1298828129075
736 5439.650757093521 1756.024058014038
737 5449.640291683725 1780.1545917177573
738 5465.5372441302825 1800.8756042670575
739 5486.2573255002535 1816.773770393338
740 5510.3872740383085 1826.764718381688
741 5536.28125 1830.166992187791
742 5562.176749934828 1826.7664045768324
743 5586.308476955732 1816.7763763504918
744 5607.030307232548 1800.878368206264
745 5622.928719942916 1780.1568483231822
746 5632.9192193107265 1756.0253163503367
747 5636.3203125 1730.1298828129075
748 5632.919430094553 1704.2342587785097
749 5622.929045702014 1680.102504491806
750 5607.030652739613 1659.3807659914019
751 5586.30875904236 1643.4825753124314
752 5562.176907232075 1633.4924264911097
753 5536.28125 1630.0917968752328
754 5510.387116743808 1633.4941126964404
755 5486.25704342212 1643.4851812843117
756 5465.536898636728 1659.3835299441125
757 5449.639965939339 1680.1047611057293
758 5439.65054631995 1704.2355171176023
759 7649.999999999996 783.0000000001164
760 7529.999999999996 783.0000000001164
761 7529.999999999996 753.0000000002328
762 7527.071067811838 745.928932188428
763 7519.999999999996 743.000000000291
764 7479.999999999996 743.000000000291
765 7472.928932188155 745.928932188428
766 7469.999999999996 753.0000000002328
767 7469.999999999996 783.0000000001164
768 7349.999999999996 783.0000000001164
769 7349.999999999996 623.0
770 7469.999999999996 623.0
771 7469.999999999996 653.0000000004075
772 7472.928932188155 660.0710678122123
773 7479.999999999996 663.000000000291
774 7519.999999999996 663.000000000291
775 7527.071067811838 660.0710678122123
776 7529.999999999996 653.0000000004075
777 7529.999999999996 623.0
778 7649.999999999996 623.0
779 7604.999999999996 613.0000000002328
780 7484.999999999996 613.0000000002328
781 7484.999999999996 583.0000000004075
782 7482.07106781191 575.928932188428
783 7474.999999999996 573.0000000001164
784 7434.999999999996 573.0000000001164
785 7427.928932188082 575.928932188428
786 7424.999999999996 583.0000000004075
787 7424.999999999996 613.0000000002328
788 7304.999999999996 613.0000000002328
789 7304.999999999996 453.00000000023283
790 7424.999999999996 453.00000000023283
791 7424.999999999996 483.0000000001164
792 7427.928932188104 490.07106781203765
793 7434.999999999996 493.00000000023283
794 7474.999999999996 493.00000000023283
795 7482.0710678118885 490.07106781203765
796 7484.999999999996 483.0000000001164
797 7484.999999999996 453.00000000023283
798 7604.999999999996 453.00000000023283
799 8298.213867187496 1068.3367919924203
800 8270.50668007576 1074.2856893195421
801 8242.797906981334 1080.227195075946
802 8215.087549876076 1086.1613088388112
803 8187.375610731997 1092.088030185958
804 8159.662091521186 1098.0073586956132
805 8131.946994215894 1103.919293946412
806 8104.230320788414 1109.8238355176873
807 8076.51207321123 1115.7209829892963
808 8048.792253456868 1121.6107359415037
809 8021.070863498029 1127.4930939552141
810 7993.347905307444 1133.3680566117982
811 7965.623380858062 1139.2356234931503
812 7937.897292122831 1145.0957941816887
813 7910.169641074925 1150.9485682604136
814 7882.440429687496 1156.793945312791
815 7856.603671924659 1162.2090323183802
816 7830.755172088164 1167.5677891869564
817 7804.8950529906615 1172.8701904577902
818 7779.023437499996 1178.116210937791
819 7740.841796874996 981.7568359379075
820 7730.27792169926 965.7929422708112
821 7711.518554687496 961.9814453127328
822 7665.363281249996 970.9550781252328
823 7649.39938758298 981.5189533010125
824 7645.587890624996 1000.2783203127328
825 7655.332858265439 1015.6655393040273
826 7672.931640624996 1020.3574218751164
827 7699.728515624996 1158.1640625002328
828 7677.439927859628 1172.8617226439528
829 7671.999999999996 1199.000000000291
830 7646.247457016481 1203.549655142997
831 7620.4539487694965 1207.8610081032966
832 7594.621680349261 1211.9336903030635
833 7568.75286015961 1215.767353568226
834 7542.849699729177 1219.3616701584542
835 7516.914413522365 1222.7163327951566
836 7490.949218749996 1225.831054687791
837 7465.4850447037425 1228.5385108662886
838 7439.975629019489 1230.7799814248574
839 7414.429498354399 1232.5547171400976
840 7388.855191637802 1233.8621247971314
841 7363.261257217 1234.7017673881492
842 7337.656249999996 1235.0733642580453
843 7122.155273437496 1235.0733642580453
844 7122.155273437496 1034.99816894572
845 7114.832944875303 1017.3107318828697
846 7097.145507812496 1009.9884033205453
847 7050.127929687496 1009.9884033205453
848 7032.441124051791 1017.311077387596
849 7025.119140624996 1034.99816894572
850 7031.747839176442 1051.9620697341743
851 7048.126953124996 1059.9268798830453
852 7048.126953124996 1220.0675048828125
853 7033.121093749996 1235.0733642580453
854 6758.518554687496 1235.0734252930852
855 6483.916015624996 1235.073486328125
856 6483.916015624996 1034.9982910160325
857 6476.593687062854 1017.3108539530658
858 6458.906249999996 1009.988525390625
859 6411.888671874996 1009.988525390625
860 6394.20186623924 1017.3111994577921
861 6386.879882812496 1034.9982910160325
862 6393.508581363898 1051.9621918046032
863 6409.887695312496 1059.9270019535325
864 6409.887695312496 1220.0676269535325
865 6394.881835937496 1235.073486328125
866 6104.272949218746 1235.0735473634559
867 5813.664062499996 1235.073608398845
868 5806.968428823839 1210.0604077298776
869 5788.658708481471 1191.750687387539
870 5763.645507812496 1185.0550537114032
871 5763.645507812496 909.451538086345
872 5763.645507812496 633.848022461345
873 5778.651367187496 618.8421630862285
874 5898.776367187496 618.8421630862285
875 5906.741225464906 635.2222262709984
876 5923.706054687496 641.850952148845
877 5941.392881917443 634.528256510559
878 5948.714843749996 616.8411254883977
879 5948.714843749996 576.8264770511305
880 5941.392838728967 559.1394249571604
881 5923.706054687496 551.816772461345
882 5763.645507812496 551.816772461345
883 5763.645507812496 59.632205963425804
884 5788.658710960695 52.93657085811719
885 5806.968431686892 34.62684699008241
886 5813.664062499996 9.613642692915164
887 6310.250390624995 9.613545990316197
888 6806.836718749993 9.61344928771723
889 7303.423046874999 9.613352585118264
890 7800.009374999998 9.613255882519297
891 8296.595703124996 9.61315917992033
892 8303.291339346102 34.626356623834
893 8321.601059347293 52.93607383221388
894 8346.614257812496 59.6317062380258
895 8347.114257812496 214.7899017339223
896 8347.114257812496 611.294303894334
897 8347.114257812496 1007.7987060548039
898 8319.103825140523 1016.3652281198883
899 8300.698161523575 1039.151214725338
900 7814.915039062496 604.8369140629075
901 7812.888089554526 576.3596469721524
902 7806.827126310494 548.4611167273251
903 7796.85565104269 521.7098000074038
904 7783.176848330917 496.6507972012623
905 7766.069445415236 473.79472512518987
906 7745.882032687685 453.6073123976239
907 7723.02596061162 436.4999094819068
908 7697.966957805478 422.82110677007586
909 7671.215641085557 412.84963150229305
910 7643.317110840751 406.78866825823206
911 7614.839843749996 404.76171875023283
912 7414.764648437496 404.7617797853891
913 7386.287381346749 406.7887292933883
914 7358.388851101943 412.8496925374493
915 7331.637534382029 422.8211678052903
916 7306.578531575895 436.49997051706305
917 7283.72245949983 453.60737343272194
918 7263.535046772278 473.7947861603461
919 7246.427643856598 496.65085823636036
920 7232.748841144818 521.7098610425019
921 7222.777365877013 548.4611777624232
922 7216.716402632974 576.3597080072504
923 7214.689453124996 604.8369750980055
924 7216.716529069567 633.3141443797504
925 7222.777591147231 661.2125625011395
926 7232.749136398208 687.9637585958117
927 7246.427980077631 713.0226381154498
928 7263.535395840354 735.8785899247159
929 7283.722795195852 756.0658907459583
930 7306.5788305059505 773.1731949488167
931 7331.637776791587 786.8519163159654
932 7358.389021556908 796.8233309945208
933 7386.287469261955 802.88425690023
934 7414.764648437496 804.9111938480055
935 7614.839843749996 804.9111328129075
936 7643.3170229255375 802.8841958651319
937 7671.215470630585 796.8232699594228
938 7697.966715395905 786.8518552808673
939 7723.025661681542 773.1731339137186
940 7745.881696991641 756.0658297108603
941 7766.069096347139 735.8785288896179
942 7783.1765121098615 713.0225770803518
943 7796.855355789285 687.9636975607136
944 7806.826901040262 661.2125014660414
945 7812.887963117926 633.3140833446523
946 5803.661132812496 367.74743652372854
947 5821.347592950169 360.4251075988286
948 5828.669921874996 342.7386474611121
949 5821.347592950118 325.05218732351204
950 5803.661132812496 317.72985839872854
951 5785.974041254511 325.05184182553785
952 5778.651367187496 342.7386474611121
953 5785.974041254467 360.4254530968028
954 5803.661132812496 915.953491211345
955 5821.347938448231 908.6308171441779
956 5828.669921874996 890.9437255859957
957 5821.347592950096 873.2572654484538
958 5803.661132812496 865.9349365237285
959 5785.97404125454 873.2569199504796
960 5778.651367187496 890.9437255859957
961 5785.973695749668 908.6311626489623
962 8397.999999999996 1375.0000000002328
963 8027.999999999996 1375.0000000002328
964 8019.213210139442 1353.786789860751
965 7997.999999999996 1345.0
966 7976.786789860551 1353.786789860751
967 7967.999999999996 1375.0000000002328
968 7597.999999999996 1375.0000000002328
969 7597.999999999996 1225.0
970 7967.999999999996 1225.0
971 7976.786789860529 1246.21321013954
972 7997.999999999996 1255.000000000291
973 8019.213210139464 1246.21321013954
974 8027.999999999996 1225.0
975 8397.999999999996 1225.0
976 8020.999999999996 2153.000000000233
977 7860.999999999996 2153.000000000233
978 7860.999999999996 2033.000000000291
979 7890.999999999996 2033.000000000291
980 7898.071067811932 2030.0710678120377
981 7900.999999999996 2023.0
982 7900.999999999996 1983.0000000004075
983 7898.07106781191 1975.928932188428
984 7890.999999999996 1973.0000000001164
985 7860.999999999996 1973.0000000001164
986 7860.999999999996 1853.0000000002328
987 8020.999999999996 1852.9998779299203
988 8020.999999999996 1972.9998779300367
989 7990.999999999996 1973.0000000001164
990 7983.928932188082 1975.928932188428
991 7980.999999999996 1983.0000000004075
992 7980.999999999996 2023.0
993 7983.928932188061 2030.0710678120377
994 7990.999999999996 2033.000000000291
995 8020.999999999996 2032.999877930095
996 7850.999999999996 2149.0
997 7690.999999999996 2149.0
998 7690.999999999996 2029.0000000001164
999 7720.999999999996 2029.0000000001164
1000 7728.071067811838 2026.0710678120377
1001 7730.999999999996 2019.0000000002328
1002 7730.999999999996 1979.0000000001164
1003 7728.071067811838 1971.9289321883116
1004 7720.999999999996 1969.000000000291
1005 7690.999999999996 1969.000000000291
1006 7690.999999999996 1849.000000000291
1007 7850.999999999996 1849.000000000291
1008 7850.999999999996 1969.000000000291
1009 7820.999999999996 1969.000000000291
1010 7813.928932188155 1971.9289321883116
1011 7810.999999999996 1979.0000000001164
1012 7810.999999999996 2019.0000000002328
1013 7813.928932188155 2026.0710678120377
1014 7820.999999999996 2029.0000000001164
1015 7850.999999999996 2029.0000000001164
1016 8655.615234374996 2560.367919922108
1017 8630.602033706022 2567.0635535982437
1018 8612.292313363647 2585.3732739406405
1019 8605.596679687496 2610.386474609608
1020 8109.010253906246 2610.386718750233
1021 7612.423828124996 2610.386962890858
1022 7115.837402343746 2610.387207031483
1023 6619.250976562496 2610.387451172108
1024 6122.664550781246 2610.387695312733
1025 6115.968917105096 2585.3744946437655
1026 6097.659196762721 2567.0647743013687
1027 6072.645996093746 2560.369140625233
1028 6072.645996093746 2068.184570312733
1029 6232.706542968746 2068.1843261719914
1030 6250.393305416157 2060.8616952474113
1031 6257.715332031246 2043.174682617304
1032 6257.715332031246 2003.1600341799203
1033 6250.393348604379 1985.472942621971
1034 6232.706542968746 1978.150268555095
1035 6215.741713746251 1984.778994432767
1036 6207.776855468746 2001.159057617304
1037 6087.651855468746 2001.159057617304
1038 6072.645996093746 1986.1531982422457
1039 6072.645751953121 1710.5496826173621
1040 6072.645507812496 1434.9461669925367
1041 6097.658708481471 1428.2505333164008
1042 6115.968428823839 1409.9408129740623
1043 6122.664062499996 1384.927612305095
1044 6413.272949218746 1384.927490234666
1045 6703.881835937496 1384.9273681642953
1046 6718.887695312496 1399.9332275394117
1047 6718.887695312496 1560.0738525392371
1048 6702.508581363876 1568.0386626882828
1049 6695.879882812496 1585.0025634769117
1050 6703.201866239364 1602.689655034861
1051 6720.888671874996 1610.0123291017953
1052 6767.906249999996 1610.0123291017953
1053 6785.59368706273 1602.6900005396456
1054 6792.916015624996 1585.0025634769117
1055 6792.916015624996 1384.9273681642953
1056 7067.518554687496 1384.9271850587684
1057 7342.121093749996 1384.9270019532996
1058 7357.126953124996 1399.9328613285325
1059 7357.126953124996 1560.073486328416
1060 7340.747839176398 1568.0382964773453
1061 7334.119140624996 1585.002197265916
1062 7341.441124051864 1602.6892888238654
1063 7359.127929687496 1610.0119628907996
1064 7406.145507812496 1610.0119628907996
1065 7423.83294487523 1602.6896343286498
1066 7431.155273437496 1585.002197265916
1067 7431.155273437496 1384.9270019532996
1068 7646.656249999996 1384.9268798830453
1069 7672.26125628495 1385.2984564753715
1070 7697.855190145292 1386.138078752614
1071 7723.42949667406 1387.4454660667107
1072 7748.975627524804 1389.2201814165455
1073 7774.4850437689565 1391.4616315941676
1074 7799.949218749996 1394.1690673831035
1075 7825.9144130293025 1397.2837719112285
1076 7851.849698906666 1400.6384171561222
1077 7877.752859171716 1404.2327163287555
1078 7903.621679360502 1408.0663621522253
1079 7929.453947944818 1412.1390268876567
1080 7955.247456521251 1416.4503623625496
1081 7980.999999999996 1421.000000000291
1082 7986.439927859628 1447.138277356571
1083 8008.728515624996 1461.8359375002328
1084 7981.931640624996 1599.6425781252328
1085 7964.332858265418 1604.3344606964383
1086 7954.587890624996 1619.721679687791
1087 7958.399387582987 1638.4810466995114
1088 7974.363281249996 1649.0449218752328
1089 8020.518554687496 1658.0185546876164
1090 8039.277921699173 1654.2070577297127
1091 8049.841796874996 1638.243164062791
1092 8088.023437499996 1441.8837890626164
1093 8113.895052886841 1447.1297790449462
1094 8139.755171949702 1452.4321498047211
1095 8165.60367182078 1457.7908761491417
1096 8191.440429687496 1463.2059326175367
1097 8219.16964104318 1469.0512934001163
1098 8246.897292063946 1474.904051208112
1099 8274.623380776513 1480.764205625048
1100 8302.347905207778 1486.6317562338081
1101 8330.070863384757 1492.5067026169854
1102 8357.792253334566 1498.3890443563578
1103 8385.512073084381 1504.278781033412
1104 8413.230320661565 1510.1759122289368
1105 8440.946994093556 1516.0804375232547
1106 8468.662091407936 1521.9923564962228
1107 8496.375610632324 1527.9116687271162
1108 8524.08754979452 1533.8383737946278
1109 8551.797906922428 1539.7724712771014
1110 8579.506680044058 1545.7139607521822
1111 8607.213867187496 1551.6628417969332
1112 8609.698215624168 1580.848366092192
1113 8628.103871417723 1603.6342970662517
1114 8656.114257812496 1612.2008056642371
1115 8656.114257812496 2008.7052612306434
1116 8656.114257812496 2405.209716797108
1117 8123.915527343746 2015.162963867304
1118 8121.888429314542 1986.6857628539437
1119 8115.827336213526 1958.7873174779816
1120 8105.855751920015 1932.0361004841398
1121 8092.176862447286 1906.977208115044
1122 8075.069395722243 1884.1212529561599
1123 8054.881942085067 1863.933959437185
1124 8032.025851237286 1846.826673996984
1125 8006.966850373454 1833.147983281815
1126 7980.215554289822 1823.176611168601
1127 7952.317060840574 1817.1157393471221
1128 7923.839843749996 1815.088867187791
1129 7723.764648437496 1815.0889892580453
1130 7695.28750717705 1817.1159909940907
1131 7667.389105216211 1823.1769709838554
1132 7640.637911769172 1833.148428227636
1133 7615.579020061694 1846.8271802467061
1134 7592.72304028922 1863.9345032121637
1135 7572.535695215356 1884.1218113357318
1136 7555.428330414925 1906.9777597953798
1137 7541.7495325287855 1932.0366264655604
1138 7531.778026320349 1958.787801661063
1139 7525.7169952661025 1986.6861925279954
1140 7523.689941406246 2015.1633300782414
1141 7525.71692252345 2043.640572716773
1142 7531.777910475965 2071.5390749307116
1143 7541.7494032396025 2098.2903614942916
1144 7555.428216193326 2123.349333478778
1145 7572.535622320767 2146.205375488091
1146 7592.7230317053 2166.392760239076
1147 7615.579094589844 2183.500138476491
1148 7640.638083265814 2197.178920852137
1149 7667.389381997036 2207.1503809726564
1150 7695.287891606848 2213.2113348821294
1151 7723.765136718746 2215.2382812501164
1152 7923.840332031246 2215.2382812501164
1153 7952.317610111419 2213.21133017214
1154 7980.216150673721 2207.1503622608143
1155 8006.967476387985 2197.1788794193417
1156 8032.026486259205 2183.5000665395055
1157 8054.882562931034 2166.3926512846956
1158 8075.069977330106 2146.205224568839
1159 8092.177378639895 2123.349137459416
1160 8105.856176230711 2098.290119242447
1161 8115.827642750588 2071.538787444355
1162 8121.888593640393 2043.6402431841707
1163 6112.661621093746 2252.253906250291
1164 6094.974529535812 2259.575889677042
1165 6087.651855468746 2277.2626953125
1166 6094.974529535717 2294.9495009481907
1167 6112.661621093746 2302.2714843751164
1168 6130.348081231419 2294.9491554502165
1169 6137.670410156246 2277.2626953125
1170 6130.348081231325 2259.5762351750163
1171 6112.661132812496 1704.0477294925367
1172 6094.973695749733 1711.3700580547447
1173 6087.651367187496 1729.0574951175367
1174 6094.974041254489 1746.7443007531692
1175 6112.661132812496 1754.0662841800367
1176 6130.347592950147 1746.743955255195
1177 6137.669921874996 1729.0574951175367
1178 6130.347938448158 1711.3704035595292
1179 8965.999999999996 1747.0000000002328
1180 8845.999999999996 1747.0000000002328
1181 8845.999999999996 1717.000000000291
1182 8843.07106781191 1709.9289321883116
1183 8835.999999999996 1707.0000000001164
1184 8795.999999999996 1707.00012207072
1185 8788.92893218817 1709.9290542587405
1186 8786.000000000011 1717.0001220705453
1187 8786.000000000011 1747.0001220703125
1188 8665.999999999996 1747.0001220703125
1189 8665.999999999996 1587.00012207072
1190 8786.000000000011 1587.00012207072
1191 8786.000000000011 1617.0001220706035
1192 8788.92893218814 1624.0711898824666
1193 8795.999999999996 1627.0001220705453
1194 8835.999999999996 1627.0000000002328
1195 8843.07106781191 1624.0710678119794
1196 8845.999999999996 1617.0
1197 8845.999999999996 1587.0000000002328
1198 8965.999999999996 1587.0000000002328
1199 8920.999999999996 1577.000000000291
1200 8800.999999999996 1577.000000000291
1201 8800.999999999996 1547.000000000291
1202 8798.07106781186 1539.928932188428
1203 8790.999999999996 1537.000000000291
1204 8751.000000000011 1537.0001220703125
1205 8743.92893218809 1539.9290542585659
1206 8740.999999999996 1547.0001220705453
1207 8740.999999999996 1577.0001220706035
1208 8620.999999999996 1577.0001220706035
1209 8620.999999999996 1417.0001220706035
1210 8740.999999999996 1417.0001220706035
1211 8740.999999999996 1447.00012207072
1212 8743.928932188133 1454.071189882583
1213 8751.000000000011 1457.00012207072
1214 8790.999999999996 1457.0000000004075
1215 8798.071067811888 1454.071067812154
1216 8800.999999999996 1447.0000000002328
1217 8800.999999999996 1417.0000000002328
1218 8920.999999999996 1417.0000000002328
1219 9135.999999999996 1716.999877929804
1220 8975.999999999996 1717.000000000291
1221 8975.999999999996 1597.000000000291
1222 9005.999999999996 1597.000000000291
1223 9013.071067811881 1594.071067812154
1224 9015.999999999996 1587.0000000002328
1225 9015.999999999996 1547.000000000291
1226 9013.07106781186 1539.928932188428
1227 9005.999999999996 1537.000000000291
1228 8975.999999999996 1537.000000000291
1229 8975.999999999996 1417.0000000002328
1230 9135.999999999996 1416.9998779300367
1231 9135.999999999996 1536.9998779300367
1232 9105.999999999996 1537.000000000291
1233 9098.928932188133 1539.928932188428
1234 9095.999999999996 1547.000000000291
1235 9095.999999999996 1587.0000000002328
1236 9098.928932188112 1594.071067812154
1237 9105.999999999996 1597.000000000291
1238 9135.999999999996 1596.9998779300367
1239 9211.999999999996 1407.000000000291
1240 8841.999999999996 1407.000000000291
1241 8833.21321013939 1385.7867898608674
1242 8811.999999999996 1377.0000000002328
1243 8790.786789860602 1385.7867898608674
1244 8781.999999999996 1407.000000000291
1245 8411.999999999996 1407.000000000291
1246 8411.999999999996 1257.0000000002328
1247 8781.999999999996 1257.0000000002328
1248 8790.786789860602 1278.2132101395982
1249 8811.999999999996 1287.0000000002328
1250 8833.21321013939 1278.2132101395982
1251 8841.999999999996 1257.0000000002328
1252 9211.999999999996 1257.0000000002328
1253 9371.999999999996 2065.0
1254 9221.999999999996 2065.0
1255 9221.999999999996 1695.0000000004075
1256 9243.213210139464 1686.2132101396564
1257 9251.999999999996 1665.0000000001164
1258 9243.213210139369 1643.7867898608092
1259 9221.999999999996 1635.0000000002328
1260 9221.999999999996 1265.000000000291
1261 9371.999999999996 1265.000000000291
1262 9371.999999999996 1635.0000000002328
1263 9350.786789860624 1643.7867898608092
1264 9341.999999999996 1665.0000000001164
1265 9350.78678986053 1686.2132101396564
1266 9371.999999999996 1695.0000000004075
1267 9643.999999999996 467.00000000023283
1268 9523.999999999996 467.00000000023283
1269 9523.999999999996 437.00000000023283
1270 9521.071067811838 429.928932188428
1271 9513.999999999996 427.00000000040745
1272 9473.999999999996 427.00000000040745
1273 9466.928932188155 429.928932188428
1274 9463.999999999996 437.00000000023283
1275 9463.999999999996 467.00000000023283
1276 9343.999999999996 467.00000000023283
1277 9343.999999999996 307.0000000001164
1278 9463.999999999996 307.0000000001164
1279 9463.999999999996 337.00000000029104
1280 9466.928932188133 344.07106781215407
1281 9473.999999999996 347.00000000023283
1282 9513.999999999996 347.00000000023283
1283 9521.07106781186 344.07106781215407
1284 9523.999999999996 337.00000000029104
1285 9523.999999999996 307.0000000001164
1286 9643.999999999996 307.0000000001164
1287 9606.999999999996 637.000000000291
1288 9486.999999999996 637.000000000291
1289 9486.999999999996 607.0000000002328
1290 9484.071067811838 599.928932188428
1291 9477.000000000011 597.0000000004075
1292 9436.999999999996 597.0000000004075
1293 9429.928932188155 599.928932188428
1294 9426.999999999996 607.0000000002328
1295 9426.999999999996 637.000000000291
1296 9306.999999999996 637.000000000291
1297 9306.999999999996 477.00000000029104
1298 9426.999999999996 477.00000000029104
1299 9426.999999999996 507.00000000023283
1300 9429.928932188155 514.0710678120377
1301 9436.999999999996 517.0000000001164
1302 9477.000000000011 517.0000000001164
1303 9484.071067811845 514.0710678120377
1304 9486.999999999996 507.00000000023283
1305 9486.999999999996 477.00000000029104
1306 9606.999999999996 477.00000000029104
1307 10764.777343749996 1001.3797607423039
1308 10736.910097961965 1006.4119806514936
1309 10709.039620389707 1011.4262707229354
1310 10681.165922569326 1016.4226288809441
1311 10653.289016038234 1021.4010530575761
1312 10625.408912335191 1026.3615411921055
1313 10597.525623000274 1031.3040912313736
1314 10569.639159574861 1036.2287011294975
1315 10541.74953360167 1041.135368848103
1316 10513.856756624711 1046.024092356267
1317 10485.96084018931 1050.8948696303996
1318 10458.06179584208 1055.7476986544789
1319 10430.15963513093 1060.5825774197583
1320 10402.254369605089 1065.3995039250585
1321 10374.346010815014 1070.198476176476
1322 10346.434570312496 1074.9794921877328
1323 10320.341082786003 1079.4241713651572
1324 10294.241519941035 1083.8330355712678
1325 10268.1359309359 1088.2060765018105
1326 10242.024364940244 1092.543285920343
1327 10215.90687113498 1096.8446556577692
1328 10189.783498712179 1101.1101776123978
1329 10163.654296874996 1105.3398437502328
1330 10129.557617187496 887.7910156252328
1331 10119.584877047124 871.45133828494
1332 10100.977539062496 866.9560546879075
1333 10050.571289062496 874.8554687502328
1334 10034.23122241841 884.8285608922015
1335 10029.736328124996 903.4365234377328
1336 10038.912721978511 919.1702732688864
1337 10056.329101562496 924.5019531252328
1338 10081.167968749996 1082.9833984375
1339 10058.291254141212 1096.9471555328928
1340 10051.999999999996 1123.0000000002328
1341 10022.497605960332 1127.5546375066042
1342 9992.988197657181 1132.0636061785044
1343 9963.471845784505 1136.5268952140468
1344 9933.94862105291 1140.9444939208333
1345 9904.418594189458 1145.316391715838
1346 9874.881835937496 1149.6425781255239
1347 9848.409718477658 1153.4645718346583
1348 9821.930870357977 1157.2396534198197
1349 9795.445374712926 1160.9678110286477
1350 9768.953314697868 1164.6490329559892
1351 9742.454773488742 1168.283307644073
1352 9715.949834281866 1171.8706236825092
1353 9689.438580293627 1175.4109698084067
1354 9662.921094760244 1178.9043349062558
1355 9636.397460937496 1182.3507080080453
1356 9607.123740098596 1186.0836994643905
1357 9577.838988693144 1189.7291475970997
1358 9548.543468519641 1193.287019816693
1359 9519.237441472851 1196.7572843167582
1360 9489.921169541482 1200.1399100738927
1361 9460.594914805803 1203.4348668482853
1362 9431.258939435345 1206.642125183891
1363 9401.91350568653 1209.7616564084892
1364 9372.558875900355 1212.7934326343238
1365 9343.195312499996 1215.7374267580453
1366 9321.611938755344 1217.8204957513954
1367 9300.019531249996 1219.8077392581035
1368 9283.792968749996 1000.8585205080453
1369 9275.18327925025 983.7616872735671
1370 9257.003906249996 977.7667846682016
1371 9206.124999999996 981.5363159182016
1372 9189.026867678385 990.1453363362234
1373 9183.031249999996 1008.3253784181434
1374 9190.895549289384 1024.7538624794688
1375 9207.819335937496 1031.4864501956035
1376 9219.660156249996 1191.2501220705453
1377 9195.768714814225 1203.2510417202138
1378 9187.320312499996 1228.6173095705453
1379 9181.753137422533 1228.9842584238504
1380 9176.185546874996 1229.3448486331035
1381 9172.824122007823 1222.4871687663835
1382 9165.602539062496 1220.0020751955453
1383 9145.630859374996 1221.2022705083364
1384 9138.735528436915 1224.5243165368447
1385 9136.208984374996 1231.7491455081035
1386 9108.738962325308 1233.2418306156178
1387 9081.250732644261 1234.3497336992295
1388 9053.74968484091 1235.0726375366212
1389 9026.241210937496 1235.4104003910325
1390 8718.089355468739 1235.4099731448805
1391 8409.937499999989 1235.4095458987285
1392 8403.241866323831 1210.3963452297612
1393 8384.932145981464 1192.0866248874227
1394 8359.918945312496 1185.3909912112285
1395 8359.918457031246 700.2093353274395
1396 8359.917968749996 215.0276794435922
1397 8359.917968749996 59.96907806431409
1398 8384.931171898254 53.27344295894727
1399 8403.24089262445 34.96371909073787
1400 8409.936523437496 9.950514793512411
1401 8906.522851562495 9.950418090971652
1402 9403.109179687493 9.950321388372686
1403 9899.6955078125 9.950224685831927
1404 10396.281835937498 9.95012798323296
1405 10892.868164062496 9.950031280692201
1406 10899.563800283551 34.96322872466408
1407 10917.87352028475 53.27294593316037
1408 10942.886718749996 59.9685783390305
1409 10945.887695312496 59.968574524333235
1410 10945.887695312496 476.20099258457776
1411 10945.887695312496 892.4334106448223
1412 10942.886718749996 893.7507934573223
1413 10785.140624999996 963.0799560550367
1414 10768.310544431723 978.6950087161385
1415 9847.475585937496 490.12991333042737
1416 9845.912635640187 462.1248997343355
1417 9841.222464921502 434.4712218816858
1418 9833.464111669327 407.5169725884334
1419 9822.735234757292 381.60144055925775
1420 9809.170884756113 357.0508395646466
1421 9792.94180397406 334.1742021999089
1422 9774.252277224889 313.2594899130636
1423 9753.337560376905 294.56996826810064
1424 9730.460919051464 278.34089306910755
1425 9705.910314746532 264.776549059432
1426 9679.994780098987 254.04767847206676
1427 9653.040528912305 246.28933179803425
1428 9625.386849915023 241.5991678282153
1429 9597.381835937496 240.0362243655254
1430 9497.344726562496 240.0362396244309
1431 9469.339629550606 241.59908233047463
1432 9441.685858207315 246.28916404215852
1433 9414.731508443841 254.04744766664226
1434 9388.815872099458 264.77627466846025
1435 9364.265166055618 278.3405943608959
1436 9341.388425932997 294.56966387620196
1437 9320.473616060215 313.2591974164825
1438 9301.784004680503 334.1739377315389
1439 9285.554850024022 357.050617453584
1440 9271.9904389603 381.6012730143848
1441 9261.261515507238 407.5168694286258
1442 9253.503131565685 434.4711903175921
1443 9248.812946933806 462.1249442053959
1444 9247.249999999996 490.13003540062346
1445 9248.812954871628 518.1351207013358
1446 9253.503146128049 545.7888679448515
1447 9261.261535320391 572.7431816584431
1448 9271.990462622303 598.6587705882848
1449 9285.554876136888 623.2094185763854
1450 9301.784031881678 646.0860908527975
1451 9320.473643052723 667.0008240547031
1452 9341.388451513802 685.6903510060511
1453 9364.265189141628 701.9194146308582
1454 9388.81589175075 715.4837292847806
1455 9414.731523883656 726.212552229641
1456 9441.685868838536 733.9708328822162
1457 9469.339634968306 738.6609127824195
1458 9497.344726562496 740.2237548830453
1459 9597.381835937496 740.2236938478891
1460 9625.386856416259 738.6607496586512
1461 9653.04054166975 733.9705835149507
1462 9679.994798626733 726.2122332746512
1463 9705.910338328034 715.4833578189136
1464 9730.460946754614 701.9190077629755
1465 9753.3375910738 685.6899254954187
1466 9774.252309615822 667.0003959437599
1467 9792.941836615388 646.0856751211686
1468 9809.170916091472 623.2090288216132
1469 9822.735263151615 598.6584187398548
1470 9833.464135445047 572.7428777294117
1471 9841.222482396286 545.7886198257329
1472 9845.91264516555 518.1349339999142
1473 11114.999999999996 640.0000000002328
1474 10954.999999999996 640.0000610352145
1475 10954.999999999996 520.0000610353309
1476 10984.999999999996 520.000000000291
1477 10992.071057022364 517.0710786015843
1478 10994.999999999996 510.0000305175199
1479 10994.999999999996 470.00003051792737
1480 10992.07106781191 462.9289627059479
1481 10984.999999999996 460.00003051769454
1482 10954.999999999996 460.00003051769454
1483 10954.999999999996 340.00003051781096
1484 11114.999999999996 340.00000000023283
1485 11114.999999999996 460.00000000023283
1486 11084.999999999996 460.00000000023283
1487 11077.928932188075 462.9289321885444
1488 11074.999999999989 470.00000000052387
1489 11074.999999999989 510.0000000001164
1490 11077.928932188097 517.0710678120377
1491 11084.999999999996 520.000000000291
1492 11114.999999999996 520.000000000291
1493 11254.999999999996 330.00000000052387
1494 11134.999999999996 330.0000610355055
1495 11134.999999999996 300.0000610355055
1496 11132.071067811888 292.92899322358426
1497 11124.999999999996 290.0000610353309
1498 11084.999999999996 290.0000610353309
1499 11077.928932188097 292.92899322358426
1500 11074.999999999989 300.0000610355055
1501 11074.999999999989 330.0000610355055
1502 10954.999999999996 330.00012207054533
1503 10954.999999999996 170.00012207054533
1504 11074.999999999989 170.00007629400352
1505 11074.999999999989 200.00007629429456
1506 11077.928937582892 207.07113424222916
1507 11084.999999999996 210.0000610356219
1508 11124.999999999996 210.00004577660002
1509 11132.071067811816 207.07111358857946
1510 11134.999999999996 200.00004577683285
1511 11134.999999999996 170.0000457765418
1512 11254.999999999996 170.00000000040745
1513 11754.999999999989 160.00000000011642
1514 11384.999999999996 160.00000000011642
1515 11376.213210139362 138.78678986080922
1516 11354.999999999996 130.00000000029104
1517 11333.786789860631 138.78678986080922
1518 11324.999999999996 160.00000000011642
1519 10954.999999999996 160.00000000011642
1520 10954.999999999996 10.00000000023283
1521 11324.999999999996 10.00000000023283
1522 11333.786789860602 31.21321013959823
1523 11354.999999999996 40.00000000023283
1524 11376.21321013939 31.21321013959823
1525 11384.999999999996 10.00000000023283
1526 11754.999999999989 10.00000000023283
1527 11595.061523437496 1570.999877929804
1528 11429.999999999996 1571.000000000291
1529 11414.992187499996 1555.9940185549203
1530 11414.992187499996 1390.932983398845
1531 11434.999999999996 1390.932983398845
1532 11595.061523437496 1555.9938964847242
1533 11644.000000000011 1571.0610351567157
1534 11628.992187499996 1571.0610351567157
1535 11463.929687499989 1406.0001220703125
1536 11463.929687499989 1390.994140625291
1537 11628.992187499996 1390.994018554804
1538 11644.000000000011 1406.0000000001164
1539 10541.999999999996 2088.0000000004075
1540 10421.999999999989 2088.0000000004075
1541 10421.999999999989 2058.0
1542 10419.071067811808 2050.9289321882534
1543 10411.999999999996 2048.000000000233
1544 10371.999999999996 2048.000000000233
1545 10364.928932188177 2050.9289321882534
1546 10361.999999999996 2058.0
1547 10361.999999999996 2088.0000000004075
1548 10241.999999999996 2088.0000000004075
1549 10241.999999999996 1928.0001220706035
1550 10361.999999999996 1928.0001220706035
1551 10361.999999999996 1958.0001220706035
1552 10364.928932188133 1965.0711898824666
1553 10371.999999999996 1968.0001220705453
1554 10411.999999999996 1968.000000000291
1555 10419.071067811852 1965.071067812154
1556 10421.999999999989 1958.000000000291
1557 10421.999999999989 1928.0000000002328
1558 10541.999999999996 1928.0000000002328
1559 10711.999999999996 2146.000000000233
1560 10551.999999999996 2146.000000000233
1561 10551.999999999996 2026.000000000291
1562 10581.999999999996 2026.000000000291
1563 10589.071067811888 2023.0710678120377
1564 10591.999999999996 2016.0000000001164
1565 10591.999999999996 1976.0000000004075
1566 10589.071067811954 1968.9289321883116
1567 10581.999999999996 1966.0
1568 10551.999999999996 1966.0
1569 10551.999999999996 1846.0000000002328
1570 10711.999999999996 1846.0000000002328
1571 10711.999999999996 1966.0
1572 10681.999999999996 1966.0
1573 10674.928932188039 1968.9289321883116
1574 10671.999999999996 1976.0000000004075
1575 10671.999999999996 2016.0000000001164
1576 10674.928932188104 2023.0710678120377
1577 10681.999999999996 2026.000000000291
1578 10711.999999999996 2026.000000000291
1579 11405.351562499996 2595.2607421879075
1580 11390.345703124996 2610.2685546875
1581 11011.453613281246 2610.2686767578707
1582 10632.561523437496 2610.2687988282996
1583 10632.561523437496 2390.185791015916
1584 10625.865889761368 2365.1725903468905
1585 10607.556169418993 2346.8628700044937
1586 10582.542968749996 2340.1672363282996
1587 10564.536132812511 2340.1672363282996
1588 10539.522932143507 2346.8628700044937
1589 10521.213211801132 2365.1725903468905
1590 10514.517578124996 2390.185791015916
1591 10520.88363069123 2414.6183880134486
1592 10538.375962413604 2432.8254402799066
1593 10562.534179687496 2440.1643066410325
1594 10562.534179687496 2595.262939453125
1595 10547.529296874996 2610.2687988282996
1596 10139.876464843746 2610.2690429689246
1597 9732.223632812496 2610.2692871094914
1598 9732.223632812496 2390.1862792969914
1599 9725.527999136346 2365.173078628024
1600 9707.218278793971 2346.8633582856273
1601 9682.205078124996 2340.1677246094914
1602 9664.198242187496 2340.1677246094914
1603 9639.185041518522 2346.8633582856273
1604 9620.875321176147 2365.173078628024
1605 9614.179687499996 2390.1862792969914
1606 9620.545911771169 2414.6191443792777
1607 9638.038638217982 2432.826237202098
1608 9662.197265624996 2440.164794922108
1609 9662.197265624996 2595.263427734608
1610 9647.192382812496 2610.2692871094914
1611 9165.111328124996 2610.269531250233
1612 8679.944335937496 2610.2697753910325
1613 8665.148437499996 2595.2648925785325
1614 8668.902343749996 2324.162353515916
1615 8919.939453124996 2324.162109375233
1616 8944.952653793993 2317.4664756990387
1617 8963.262374136368 2299.156755356642
1618 8969.958007812496 2274.1435546876164
1619 8969.958007812496 2256.1367187504075
1620 8963.262374136346 2231.12351808144
1621 8944.952653793971 2212.8137977390434
1622 8919.939453124996 2206.1181640629075
1623 8895.506112509454 2212.484113063547
1624 8877.298611572001 2229.9769787500263
1625 8869.959960937496 2254.1359863285325
1626 8684.850585937496 2254.1359863285325
1627 8670.077148437496 2239.3615722657414
1628 8674.901367187496 1891.0002441407414
1629 9133.999999999996 1891.0
1630 9133.999999999996 2148.982421875233
1631 9140.810383369393 2174.577008370892
1632 9159.538226004359 2193.3048510059016
1633 9185.132812499996 2200.115234375291
1634 9286.056640624996 2200.115234375291
1635 9386.980468749996 2200.115234375291
1636 9412.57512602807 2193.3048105902853
1637 9431.302979669974 2174.576867529715
1638 9438.113281249996 2148.9821777347242
1639 9438.113281249996 1847.097534179804
1640 9431.303225041407 1821.5025344861206
1641 9412.575338378087 1802.7742901474703
1642 9386.980468749996 1795.9637451175367
1643 9381.967773437496 1795.9637451175367
1644 9382.061562516992 1793.4635504765902
1645 9382.092773437496 1790.9617919925367
1646 9382.092773437496 1390.8114013672457
1647 9647.192382812496 1390.8112792969914
1648 9662.197265624996 1405.8161621094914
1649 9662.197265624996 1560.9147949221078
1650 9638.038638217982 1568.2533526421175
1651 9620.545911771169 1586.460445464938
1652 9614.179687499996 1610.8933105472242
1653 9620.875321176147 1635.9065112161916
1654 9639.185041518522 1654.2162315585883
1655 9664.198242187496 1660.9118652347242
1656 9688.207031249996 1660.9118652347242
1657 9713.220644727877 1654.2165573160746
1658 9731.530766221465 1635.9067933023907
1659 9738.226562499996 1610.8933105472242
1660 9738.226562499996 1390.8112792969914
1661 10142.877929687496 1390.8110961915809
1662 10547.529296874996 1390.8109130862285
1663 10562.534179687496 1405.8157958987285
1664 10562.534179687496 1560.9144287109957
1665 10538.37596241356 1568.2532950721798
1666 10520.883630691187 1586.4603473387542
1667 10514.517578124996 1610.892944336345
1668 10521.213211801176 1635.9061450053123
1669 10539.52293214355 1654.2158653475926
1670 10564.536132812511 1660.9114990237285
1671 10588.544921874996 1660.9113769532414
1672 10613.558122543971 1654.2157432771055
1673 10631.867842886346 1635.9060229347087
1674 10638.563476562496 1610.8928222657414
1675 10638.563476562496 1390.8107910157996
1676 10822.632812499996 1390.8107910157996
1677 10825.562089416166 1397.8851344189025
1678 10832.636718749996 1400.813720703416
1679 10852.643554687496 1400.8135986331035
1680 10859.718184021276 1397.8850123487064
1681 10862.647460937496 1390.81066894572
1682 11126.496582031246 1390.810546875291
1683 11390.345703124996 1390.8104248049203
1684 11405.351562499996 1405.8153076174203
1685 11405.351562499996 1802.297119140916
1686 11405.351562499996 2198.7789306644117
1687 10814.629882812496 2008.042236328416
1688 10812.60280686794 1979.5650670466712
1689 10806.541744790291 1951.6666489252239
1690 10796.570199539321 1924.9154528305517
1691 10782.891355859905 1899.8565733109135
1692 10765.783940097182 1877.0006215015892
1693 10745.596540741692 1856.8133206803468
1694 10722.740505431586 1839.7060164774302
1695 10697.681559145949 1826.0272951102816
1696 10670.930314380614 1816.055880431668
1697 10643.031866675552 1809.9949545259587
1698 10614.554687499996 1807.968017578125
1699 10414.479492187496 1807.9681396486121
1700 10386.002302022574 1809.995078166481
1701 10358.103844000081 1816.0560087395133
1702 10331.352590240462 1826.0274309917586
1703 10306.293636889783 1839.7061625269707
1704 10283.43759698395 1856.8134790689219
1705 10263.25019595696 1877.0007938784547
1706 10246.142781800114 1899.8567607210716
1707 10232.463943241633 1924.9156556515372
1708 10222.492406738525 1951.666866824322
1709 10216.431357015037 1979.5652989611845
1710 10214.404296874996 2008.042480469041
1711 10216.431246382981 2036.519747559796
1712 10222.492209627027 2064.418277804565
1713 10232.46368489484 2091.1695945244865
1714 10246.14248760662 2116.228597330628
1715 10263.2498905223 2139.0846694067004
1716 10283.437303249852 2159.2720821342664
1717 10306.293375325917 2176.3794850499253
1718 10331.352378132044 2190.058287761698
1719 10358.103694851958 2200.029763029539
1720 10386.002225096749 2206.0907262736
1721 10414.479492187496 2208.1176757815992
1722 10614.554687499996 2208.117431640916
1723 10643.031954590737 2206.090482132917
1724 10670.930484835535 2200.029518888856
1725 10697.681801555442 2190.058043621073
1726 10722.740804361576 2176.3792409093003
1727 10745.596876437634 2159.271837993583
1728 10765.784289165193 2139.0844252660754
1729 10782.891692080873 2116.228353190003
1730 10796.570494792653 2091.1693503838615
1731 10806.541970060465 2064.41803366394
1732 10812.602933304512 2036.519503419171
1733 10332.449218750011 2499.2270507814246
1734 10348.721465459701 2492.4905084287166
1735 10355.458007812496 2476.218261719041
1736 10348.721465459752 2459.946015009249
1737 10332.449218750011 2453.2094726564246
1738 10316.176972040248 2459.946015009249
1739 10309.440429687496 2476.218261719041
1740 10316.176972040299 2492.4905084287166
1741 9972.314453124996 2498.227050781541
1742 9990.708996895508 2490.6118289271253
1743 9998.324218749996 2472.2172851565992
1744 9990.708996895602 2453.8227413858986
1745 9972.314453124996 2446.207519531308
1746 9953.91990935439 2453.8227413858986
1747 9946.304687499996 2472.2172851565992
1748 9953.919909354485 2490.6118289271253
1749 10152.381835937496 2500.227050781308
1750 10175.020973831979 2490.85446992598
1751 10184.393554687496 2468.215332031541
1752 10175.020973832081 2445.576194136869
1753 10152.381835937496 2436.203613281308
1754 10129.742066618233 2445.575848631619
1755 10120.369140624996 2468.215332031541
1756 10129.742066618335 2490.8548154312302
1757 9967.312499999996 1686.9224853516207
1758 9993.466614929075 1683.4873546914896
1759 10017.839218636476 1673.397060399584
1760 10038.767789783913 1657.3398887899239
1761 10054.824733825877 1636.4111430461053
1762 10064.914763101773 1612.0384296233533
1763 10068.349609374996 1585.8842773439246
1764 10064.914499627139 1559.7303631847026
1765 10054.82432663457 1535.3579276517266
1766 10038.767357907298 1514.42945517716
1767 10017.838866033071 1498.372511735186
1768 9993.466418309425 1488.2823681888403
1769 9967.312499999996 1484.8472900395282
1770 9941.158371532616 1488.2821626602672
1771 9916.785685898922 1498.3722063078312
1772 9895.856967482094 1514.4291528182803
1773 9879.799818689196 1535.357716038241
1774 9869.709539471736 1559.7303041470586
1775 9866.274414062496 1585.8843994140043
1776 9869.709328690707 1612.038685177511
1777 9879.79949293425 1636.4114955989644
1778 9895.856621979041 1657.340277434967
1779 9916.785403815065 1673.3974064798094
1780 9941.158214236504 1683.487570723344
1781 10952.681640624996 1630.401489257929
1782 10977.444841316767 1623.7728429171839
1783 10995.571548971679 1605.6461352622719
1784 11002.200195312489 1580.8829345705453
1785 10995.571548971679 1556.1197338787606
1786 10977.444841316767 1537.9930262239068
1787 10952.681640624996 1531.3643798831035
1788 10927.918439933219 1537.9930262239068
1789 10909.791732278307 1556.1197338787606
1790 10903.163085937496 1580.8829345705453
1791 10909.791732278307 1605.64613526233
1792 10927.918439933219 1623.7728429171839
1793 9375.089843749996 2382.183593750291
1794 9397.680309911022 2377.696764670778
1795 9416.831695431621 2364.902811833541
1796 9429.625569051099 2345.7513733922387
1797 9434.112304687496 2323.160888672108
1798 9429.625148315896 2300.5708538399776
1799 9416.83117717614 2281.419912649202
1800 9397.679971381647 2268.6263375962153
1801 9375.089843749996 2264.139648437733
1802 9352.499959621662 2268.626641404233
1803 9333.34905537187 2281.4203444346203
1804 9320.555352341526 2300.5712486843695
1805 9316.068359374989 2323.161132812733
1806 9320.555071854196 2345.751316865266
1807 9333.34870987108 2364.9025526136393
1808 9352.499733936576 2377.6965075002518
1809 10332.449218749996 2499.227050781541
1810 10348.721465459723 2492.490508428775
1811 10355.458007812496 2476.218261719041
1812 10348.721465459723 2459.9460150093073
1813 10332.449218749996 2453.209472656541
1814 10316.17697204027 2459.9460150093073
1815 10309.440429687496 2476.218261719041
1816 10316.17697204027 2492.490508428775
1817 9972.314453124996 2498.227050781541
1818 9990.708996895559 2490.611828927009
1819 9998.324218749996 2472.2172851564246
1820 9990.708996895508 2453.8227413859568
1821 9972.314453124996 2446.207519531541
1822 9953.9199093545 2453.8227413859568
1823 9946.304687499989 2472.2172851564246
1824 9953.919909354448 2490.611828927009
1825 10152.381835937496 2500.227050781541
1826 10175.020973832023 2490.8544699260965
1827 10184.393554687489 2468.215332031541
1828 10175.020973832045 2445.5761941369274
1829 10152.381835937496 2436.2036132814246
1830 10129.742066618262 2445.575848631677
1831 10120.369140624996 2468.215332031541
1832 10129.742066618284 2490.8548154313467
1833 9967.312499999996 1686.9224853517371
1834 9993.466614929075 1683.487354691606
1835 10017.839218636476 1673.3970603997004
1836 10038.767789783913 1657.3398887900403
1837 10054.824733825877 1636.4111430462217
1838 10064.914763101773 1612.0384296234697
1839 10068.349609374996 1585.884277344041
1840 10064.914499627168 1559.7303631847608
1841 10054.824326634614 1535.3579276517848
1842 10038.767357907349 1514.4294551771018
1843 10017.838866033122 1498.3725117351278
1844 9993.466418309454 1488.2823681886657
1845 9967.312499999996 1484.8472900392953
1846 9941.158371532565 1488.2821626601508
1847 9916.785685898834 1498.3722063078312
1848 9895.856967481992 1514.4291528183385
1849 9879.799818689109 1535.3577160383575
1850 9869.709539471678 1559.7303041472915
1851 9866.274414062496 1585.8843994142953
1852 9869.709328690737 1612.038685177744
1853 9879.799492934286 1636.4114955991972
1854 9895.856621979085 1657.3402774351998
1855 9916.785403815102 1673.3974064799258
1856 9941.158214236533 1683.4875707234605
1857 10952.681640624996 1630.4014892581035
1858 10977.444841316803 1623.7728429173003
1859 10995.571548971715 1605.6461352623883
1860 11002.200195312489 1580.8829345705453
1861 10995.571548971679 1556.1197338787606
1862 10977.444841316767 1537.9930262239068
1863 10952.681640624996 1531.3643798831035
1864 10927.918439933219 1537.9930262239068
1865 10909.791732278307 1556.1197338787606
1866 10903.163085937496 1580.8829345705453
1867 10909.791732278263 1605.6461352623883
1868 10927.918439933183 1623.7728429173003
1869 11569.999999999996 2402.000000000291
1870 11419.999999999996 2402.000000000291
1871 11419.999999999996 2032.0000000004075
1872 11441.21321013939 2023.2132101397729
1873 11449.999999999996 2002.0000000004075
1874 11441.213210139435 1980.7867898609256
1875 11419.999999999996 1972.0000000002328
1876 11419.999999999996 1602.0000000001164
1877 11569.999999999996 1602.0000000001164
1878 11569.999999999996 1972.0000000002328
1879 11548.786789860558 1980.7867898609256
1880 11539.999999999996 2002.0000000004075
1881 11548.786789860602 2023.2132101397729
1882 11569.999999999996 2032.0000000004075
1883 11728.999999999996 2402.000000000291
1884 11578.999999999996 2402.000000000291
1885 11578.999999999996 2032.0000000004075
1886 11600.21321013939 2023.2132101397729
1887 11608.999999999996 2002.0000000004075
1888 11600.213210139435 1980.7867898609256
1889 11578.999999999996 1972.0000000002328
1890 11578.999999999996 1602.0000000001164
1891 11728.999999999996 1601.9998779299203
1892 11728.999999999996 1971.9998779300367
1893 11707.786746702051 1980.7867109489744
1894 11698.999999999996 2002.0000000004075
1895 11707.786833018963 2023.2131312277634
1896 11728.999999999996 2031.9998779299203
1897 11714.999999999996 2611.0000000001164
1898 11594.999999999996 2611.0000000001164
1899 11594.999999999996 2581.000000000233
1900 11592.071067811838 2573.928932188428
1901 11584.999999999996 2571.000000000291
1902 11544.999999999989 2571.000000000291
1903 11537.928932188148 2573.928932188428
1904 11534.999999999996 2581.000000000233
1905 11534.999999999996 2611.0000000001164
1906 11415.000000000011 2611.0000000001164
1907 11415.000000000011 2451.000000000524
1908 11534.999999999996 2451.000000000524
1909 11534.999999999996 2481.000000000233
1910 11537.928932188148 2488.0710678120377
1911 11544.999999999989 2491.0000000001164
1912 11584.999999999996 2491.0000000001164
1913 11592.071067811838 2488.0710678120377
1914 11594.999999999996 2481.000000000233
1915 11594.999999999996 2451.000000000524
1916 11714.999999999996 2451.000000000524
1917 11889.999999999996 2402.000000000291
1918 11739.999999999996 2402.000000000291
1919 11739.999999999996 2032.0000000004075
1920 11761.21321013939 2023.2132101397729
1921 11769.999999999996 2002.0000000004075
1922 11761.213210139435 1980.7867898609256
1923 11739.999999999996 1972.0000000002328
1924 11739.999999999996 1602.0000000001164
1925 11889.999999999996 1602.0000000001164
1926 11889.999999999996 1972.0000000002328
1927 11868.786789860551 1980.7867898609256
1928 11859.999999999989 2002.0000000004075
1929 11868.786789860595 2023.213210139831
1930 11889.999999999996 2032.0000000004075
1931 11861.999999999996 1577.000000000291
1932 11846.992187499996 1592.0059814456035
1933 11681.929687499996 1592.0059814456035
1934 11681.929687499996 1577.000000000291
1935 11846.992187499996 1411.9389648436918
1936 11861.999999999996 1411.9389648436918
1937 11834.061523437489 1406.0059814456035
1938 11673.999999999996 1571.0670166017371
1939 11653.992187499996 1571.0670166017371
1940 11653.992187499996 1406.0059814456035
1941 11668.999999999996 1391.0000000002328
1942 11834.061523437489 1391.0000000002328
1943 11946.999999999996 1330.8906250004075
1944 11921.98805834883 1337.586096580082
1945 11903.67887015433 1355.8945698232274
1946 11896.982421874989 1380.9062500002328
1947 11397.294921874989 1380.9064941408578
1948 10897.607421874989 1380.9067382814828
1949 10397.919921874996 1380.9069824220496
1950 9898.232421874996 1380.9072265626746
1951 9398.544921874996 1380.9074707032996
1952 9398.544921874996 1365.9074707032996
1953 9719.089843749996 1180.836914062791
1954 10199.610839843746 1180.836730957264
1955 10680.131835937496 1180.8365478517371
1956 10709.743711707535 1179.9674412251916
1957 10739.2521402971 1177.3461485815933
1958 10768.553533130947 1172.9818719009636
1959 10797.545028427518 1166.8899318636977
1960 10826.12485229252 1159.0917140676756
1961 10854.192675993592 1149.6145939547569
1962 10881.649968161695 1138.4918407099904
1963 10908.400340682947 1125.7625004709116
1964 10934.34988706659 1111.4712592570577
1965 10959.407512101312 1095.6682861010777
1966 10983.485251642629 1078.4090569315013
1967 11006.498581408723 1059.7541598257376
1968 11028.366713700776 1039.7690823176526
1969 11049.012881006052 1018.5239815047244
1970 11068.36460548831 996.0934377638041
1971 11086.353953419351 972.5561929385876
1972 11102.917773658617 947.9948739180109
1973 11117.997919343634 922.4957025771728
1974 11131.541452013069 896.1481930975569
1975 11143.500827445827 869.0448377294815
1976 11153.834062563827 841.2807821009192
1977 11162.504882812496 812.9534912109957
1978 11233.261718749996 554.9808044434176
1979 11304.018554687496 297.00811767589767
1980 11306.315390709835 288.50861665117554
1981 11308.549804687496 279.9924926761305
1982 11622.772949218746 279.99234008818166
1983 11936.996093749996 279.99218750023283
1984 11936.996093749996 289.9921875001164
1985 11939.923642761318 297.06968818226596
1986 11946.999999999996 300.0000000001164
1987 11946.999999999996 643.6302083335468
1988 11946.999999999996 987.2604166669771
GTSP_SET_SECTION
1 1 -1
2 2 3 4 5 6 7 8 9 10 11 12 13 14 15 16 17 18 19 20 21 -1
3 22 23 24 25 26 27 28 29 30 31 32 33 34 35 36 37 38 39 40 41 -1
4 42 43 44 45 46 47 48 49 50 51 52 53 54 55 56 57 58 59 60 61 62 63 64 65 66 67 68 69 70 71 72 73 74 -1
5 75 76 77 78 79 80 81 82 83 84 85 86 87 88 -1
6 89 90 91 92 93 94 95 96 97 98 99 100 101 102 103 104 105 106 107 108 -1
7 109 110 111 112 113 114 115 116 117 118 119 120 121 122 -1
8 123 124 125 126 127 128 129 130 131 132 133 134 135 136 -1
9 137 138 139 140 141 142 143 144 145 146 147 148 149 150 -1
10 151 152 153 154 155 156 157 158 159 160 161 162 163 164 -1
11 165 166 167 168 169 170 171 172 173 174 175 176 177 178 -1
12 179 180 181 182 183 184 185 186 187 188 189 190 191 192 193 194 195 196 197 198 -1
13 199 200 201 202 203 204 205 206 207 208 209 210 211 212 213 214 215 216 217 218 219 220 221 222 223 224 225 226 227 228 229 230 231 232 233 234 235 236 237 238 239 240 241 242 243 244 245 246 247 248 249 250 251 252 253 254 255 256 257 258 259 260 261 262 263 264 265 266 267 268 269 270 271 272 273 274 275 276 277 278 279 280 281 282 283 284 285 286 287 288 289 290 291 292 293 294 295 296 297 298 299 300 301 302 303 304 305 306 307 308 309 310 311 312 313 314 315 316 317 318 319 320 321 322 323 324 325 326 327 328 329 330 331 332 333 334 335 336 337 338 339 340 341 342 343 344 345 346 347 348 349 350 351 352 353 354 355 356 357 -1
14 358 359 360 361 362 363 364 365 366 367 368 369 370 371 372 373 374 375 376 377 378 379 380 381 382 383 384 385 386 387 388 389 390 391 392 393 394 395 396 397 398 399 400 401 402 403 404 405 406 407 408 409 410 411 412 413 414 415 416 417 418 419 420 421 422 423 424 425 426 427 428 429 430 431 432 433 434 435 436 437 438 439 440 441 442 443 444 445 446 447 448 449 450 451 452 453 454 455 456 457 458 459 460 461 462 463 464 465 466 -1
15 467 468 469 470 471 472 473 474 -1
16 475 476 477 478 479 480 481 482 -1
17 483 484 485 486 487 488 489 490 491 492 493 494 495 496 497 498 499 500 501 502 -1
18 503 504 505 506 507 508 509 510 511 512 513 514 515 516 517 518 519 520 521 522 -1
19 523 524 525 526 527 528 529 530 531 532 533 534 535 536 537 538 539 540 541 542 543 544 545 546 -1
20 547 548 549 550 551 552 553 554 555 556 557 558 559 560 561 562 563 564 565 566 567 568 569 570 571 572 573 574 575 576 577 578 579 580 581 582 583 584 585 586 587 588 589 590 591 592 593 594 595 596 -1
21 597 598 599 600 601 602 603 604 605 606 607 608 609 610 611 612 613 614 615 616 617 618 619 620 -1
22 621 622 623 624 625 626 627 628 629 630 631 632 633 634 635 636 637 638 639 640 -1
23 641 642 643 644 645 646 647 648 649 650 651 652 653 654 655 656 657 658 659 660 -1
24 661 662 663 664 665 666 667 668 669 670 671 672 673 674 675 676 677 678 679 680 681 682 683 684 -1
25 685 686 687 688 689 690 691 692 693 694 695 696 697 698 699 700 701 702 703 704 705 706 707 708 709 710 711 712 713 714 715 716 717 718 719 720 721 722 723 724 725 726 727 728 729 730 731 732 733 734 -1
26 735 736 737 738 739 740 741 742 743 744 745 746 747 748 749 750 751 752 753 754 755 756 757 758 -1
27 759 760 761 762 763 764 765 766 767 768 769 770 771 772 773 774 775 776 777 778 -1
28 779 780 781 782 783 784 785 786 787 788 789 790 791 792 793 794 795 796 797 798 -1
29 799 800 801 802 803 804 805 806 807 808 809 810 811 812 813 814 815 816 817 818 819 820 821 822 823 824 825 826 827 828 829 830 831 832 833 834 835 836 837 838 839 840 841 842 843 844 845 846 847 848 849 850 851 852 853 854 855 856 857 858 859 860 861 862 863 864 865 866 867 868 869 870 871 872 873 874 875 876 877 878 879 880 881 882 883 884 885 886 887 888 889 890 891 892 893 894 895 896 897 898 899 -1
30 900 901 902 903 904 905 906 907 908 909 910 911 912 913 914 915 916 917 918 919 920 921 922 923 924 925 926 927 928 929 930 931 932 933 934 935 936 937 938 939 940 941 942 943 944 945 -1
31 946 947 948 949 950 951 952 953 -1
32 954 955 956 957 958 959 960 961 -1
33 962 963 964 965 966 967 968 969 970 971 972 973 974 975 -1
34 976 977 978 979 980 981 982 983 984 985 986 987 988 989 990 991 992 993 994 995 -1
35 996 997 998 999 1000 1001 1002 1003 1004 1005 1006 1007 1008 1009 1010 1011 1012 1013 1014 1015 -1
36 1016 1017 1018 1019 1020 1021 1022 1023 1024 1025 1026 1027 1028 1029 1030 1031 1032 1033 1034 1035 1036 1037 1038 1039 1040 1041 1042 1043 1044 1045 1046 1047 1048 1049 1050 1051 1052 1053 1054 1055 1056 1057 1058 1059 1060 1061 1062 1063 1064 1065 1066 1067 1068 1069 1070 1071 1072 1073 1074 1075 1076 1077 1078 1079 1080 1081 1082 1083 1084 1085 1086 1087 1088 1089 1090 1091 1092 1093 1094 1095 1096 1097 1098 1099 1100 1101 1102 1103 1104 1105 1106 1107 1108 1109 1110 1111 1112 1113 1114 1115 1116 -1
37 1117 1118 1119 1120 1121 1122 1123 1124 1125 1126 1127 1128 1129 1130 1131 1132 1133 1134 1135 1136 1137 1138 1139 1140 1141 1142 1143 1144 1145 1146 1147 1148 1149 1150 1151 1152 1153 1154 1155 1156 1157 1158 1159 1160 1161 1162 -1
38 1163 1164 1165 1166 1167 1168 1169 1170 -1
39 1171 1172 1173 1174 1175 1176 1177 1178 -1
40 1179 1180 1181 1182 1183 1184 1185 1186 1187 1188 1189 1190 1191 1192 1193 1194 1195 1196 1197 1198 -1
41 1199 1200 1201 1202 1203 1204 1205 1206 1207 1208 1209 1210 1211 1212 1213 1214 1215 1216 1217 1218 -1
42 1219 1220 1221 1222 1223 1224 1225 1226 1227 1228 1229 1230 1231 1232 1233 1234 1235 1236 1237 1238 -1
43 1239 1240 1241 1242 1243 1244 1245 1246 1247 1248 1249 1250 1251 1252 -1
44 1253 1254 1255 1256 1257 1258 1259 1260 1261 1262 1263 1264 1265 1266 -1
45 1267 1268 1269 1270 1271 1272 1273 1274 1275 1276 1277 1278 1279 1280 1281 1282 1283 1284 1285 1286 -1
46 1287 1288 1289 1290 1291 1292 1293 1294 1295 1296 1297 1298 1299 1300 1301 1302 1303 1304 1305 1306 -1
47 1307 1308 1309 1310 1311 1312 1313 1314 1315 1316 1317 1318 1319 1320 1321 1322 1323 1324 1325 1326 1327 1328 1329 1330 1331 1332 1333 1334 1335 1336 1337 1338 1339 1340 1341 1342 1343 1344 1345 1346 1347 1348 1349 1350 1351 1352 1353 1354 1355 1356 1357 1358 1359 1360 1361 1362 1363 1364 1365 1366 1367 1368 1369 1370 1371 1372 1373 1374 1375 1376 1377 1378 1379 1380 1381 1382 1383 1384 1385 1386 1387 1388 1389 1390 1391 1392 1393 1394 1395 1396 1397 1398 1399 1400 1401 1402 1403 1404 1405 1406 1407 1408 1409 1410 1411 1412 1413 1414 -1
48 1415 1416 1417 1418 1419 1420 1421 1422 1423 1424 1425 1426 1427 1428 1429 1430 1431 1432 1433 1434 1435 1436 1437 1438 1439 1440 1441 1442 1443 1444 1445 1446 1447 1448 1449 1450 1451 1452 1453 1454 1455 1456 1457 1458 1459 1460 1461 1462 1463 1464 1465 1466 1467 1468 1469 1470 1471 1472 -1
49 1473 1474 1475 1476 1477 1478 1479 1480 1481 1482 1483 1484 1485 1486 1487 1488 1489 1490 1491 1492 -1
50 1493 1494 1495 1496 1497 1498 1499 1500 1501 1502 1503 1504 1505 1506 1507 1508 1509 1510 1511 1512 -1
51 1513 1514 1515 1516 1517 1518 1519 1520 1521 1522 1523 1524 1525 1526 -1
52 1527 1528 1529 1530 1531 1532 -1
53 1533 1534 1535 1536 1537 1538 -1
54 1539 1540 1541 1542 1543 1544 1545 1546 1547 1548 1549 1550 1551 1552 1553 1554 1555 1556 1557 1558 -1
55 1559 1560 1561 1562 1563 1564 1565 1566 1567 1568 1569 1570 1571 1572 1573 1574 1575 1576 1577 1578 -1
56 1579 1580 1581 1582 1583 1584 1585 1586 1587 1588 1589 1590 1591 1592 1593 1594 1595 1596 1597 1598 1599 1600 1601 1602 1603 1604 1605 1606 1607 1608 1609 1610 1611 1612 1613 1614 1615 1616 1617 1618 1619 1620 1621 1622 1623 1624 1625 1626 1627 1628 1629 1630 1631 1632 1633 1634 1635 1636 1637 1638 1639 1640 1641 1642 1643 1644 1645 1646 1647 1648 1649 1650 1651 1652 1653 1654 1655 1656 1657 1658 1659 1660 1661 1662 1663 1664 1665 1666 1667 1668 1669 1670 1671 1672 1673 1674 1675 1676 1677 1678 1679 1680 1681 1682 1683 1684 1685 1686 -1
57 1687 1688 1689 1690 1691 1692 1693 1694 1695 1696 1697 1698 1699 1700 1701 1702 1703 1704 1705 1706 1707 1708 1709 1710 1711 1712 1713 1714 1715 1716 1717 1718 1719 1720 1721 1722 1723 1724 1725 1726 1727 1728 1729 1730 1731 1732 -1
58 1733 1734 1735 1736 1737 1738 1739 1740 -1
59 1741 1742 1743 1744 1745 1746 1747 1748 -1
60 1749 1750 1751 1752 1753 1754 1755 1756 -1
61 1757 1758 1759 1760 1761 1762 1763 1764 1765 1766 1767 1768 1769 1770 1771 1772 1773 1774 1775 1776 1777 1778 1779 1780 -1
62 1781 1782 1783 1784 1785 1786 1787 1788 1789 1790 1791 1792 -1
63 1793 1794 1795 1796 1797 1798 1799 1800 1801 1802 1803 1804 1805 1806 1807 1808 -1
64 1809 1810 1811 1812 1813 1814 1815 1816 -1
65 1817 1818 1819 1820 1821 1822 1823 1824 -1
66 1825 1826 1827 1828 1829 1830 1831 1832 -1
67 1833 1834 1835 1836 1837 1838 1839 1840 1841 1842 1843 1844 1845 1846 1847 1848 1849 1850 1851 1852 1853 1854 1855 1856 -1
68 1857 1858 1859 1860 1861 1862 1863 1864 1865 1866 1867 1868 -1
69 1869 1870 1871 1872 1873 1874 1875 1876 1877 1878 1879 1880 1881 1882 -1
70 1883 1884 1885 1886 1887 1888 1889 1890 1891 1892 1893 1894 1895 1896 -1
71 1897 1898 1899 1900 1901 1902 1903 1904 1905 1906 1907 1908 1909 1910 1911 1912 1913 1914 1915 1916 -1
72 1917 1918 1919 1920 1921 1922 1923 1924 1925 1926 1927 1928 1929 1930 -1
73 1931 1932 1933 1934 1935 1936 -1
74 1937 1938 1939 1940 1941 1942 -1
75 1943 1944 1945 1946 1947 1948 1949 1950 1951 1952 1953 1954 1955 1956 1957 1958 1959 1960 1961 1962 1963 1964 1965 1966 1967 1968 1969 1970 1971 1972 1973 1974 1975 1976 1977 1978 1979 1980 1981 1982 1983 1984 1985 1986 1987 1988 -1
GTSP_SET_ORDERING
4 14 13 -1
5 14 13 -1
6 14 13 -1
7 14 13 -1
8 14 13 -1
9 14 13 -1
10 14 13 -1
11 14 13 -1
12 14 13 -1
14 13 -1
15 13 -1
16 13 -1
17 20 19 -1
18 20 19 -1
20 19 -1
21 19 -1
22 25 24 -1
23 25 24 -1
25 24 -1
26 24 -1
27 30 29 -1
28 30 29 -1
30 29 -1
31 29 -1
32 29 -1
34 37 36 -1
35 37 36 -1
37 36 -1
38 36 -1
39 36 -1
45 48 47 -1
46 48 47 -1
48 47 -1
54 57 56 -1
55 57 56 -1
57 56 -1
58 56 -1
59 56 -1
60 56 -1
61 56 -1
62 56 -1
63 56 -1
64 56 -1
65 56 -1
66 56 -1
67 56 -1
68 56 -1
EOF