NAME: Lc84v1880
TYPE: PCGTSP 
COMMENT: 
DIMENSION: 1881
GTSP_SETS: 85
EDGE_WEIGHT_TYPE: EUC_2D
NODE_COORD_SECTION
1 0.0 0.0
2 1826.0 1044.0
3 1450.0 1044.000122070196
4 1074.0 1044.0002441405086
5 1074.0 1029.000244140625
6 1255.8653564453089 924.000244140625
7 1644.1346435546802 924.0000610351562
8 1826.0 1029.0000000001164
9 1852.0 884.9993896484375
10 1476.5 884.9996948243352
11 1101.0 885.0000000001164
12 1101.0 870.0
13 1282.865234375 764.9998779296875
14 1670.1345214843677 764.9995727540227
15 1852.0 869.9993896483211
16 1388.0 576.9999389647273
17 1380.6776695296685 594.677608494414
18 1363.0 601.9999389648438
19 1313.35546875 602.0000000001164
20 1303.788580551187 600.0979329105467
21 1295.677734375 594.6796875001164
22 1268.0 567.0
23 1268.0 517.0000000001164
24 1283.0 502.0000000001164
25 1388.0 501.99993896472733
26 1300.0 625.0000000001164
27 924.5 625.000152588007
28 549.0 625.0003051757812
29 549.0 610.0003051757812
30 730.8652954101599 505.0002136230469
31 1118.1346435546875 505.00006103527267
32 1300.0 610.0
33 1282.0 650.0
34 1100.1346435546802 755.0
35 711.8653564453089 755.0
36 530.0 650.0
37 530.0 635.0000000001164
38 906.0 635.0000000001164
39 1282.0 635.0000000001164
40 1375.0 755.0
41 1270.0 755.0
42 1255.0 740.0
43 1255.0 690.0000000001164
44 1282.677734375 662.3203125001164
45 1290.7885805511942 656.9020670896862
46 1300.35546875 655.0
47 1350.0 655.0
48 1367.6776695296649 662.3223304703133
49 1375.0 680.0
50 1237.0 780.0000000001164
51 1055.134765625 885.0000610351562
52 666.8654174804688 885.0002441405086
53 485.0 780.0003051758977
54 485.0 765.0003051757812
55 861.0 765.000152588007
56 1237.0 765.0000000001164
57 1261.0 910.0
58 1079.134765625 1015.0000610350398
59 690.8654174804688 1015.000244140625
60 509.0 910.0003051757812
61 509.0 895.0003051757812
62 885.0 895.000152588007
63 1261.0 895.0000000001164
64 4149.0 609.0000000001164
65 4449.0 609.0000000001164
66 4449.0 759.0
67 4149.0 759.0
68 4277.4609375 632.2202148438664
69 4277.4609375 665.55322265625
70 4281.36635015966 674.9816513617989
71 4290.794921875 678.8867187501164
72 4308.126953125 678.8867187501164
73 4317.55552484034 674.9816513617989
74 4321.4609375 665.55322265625
75 4321.4609375 660.28564453125
76 4309.4609375 660.28564453125
77 4308.4293121225965 664.9076364104403
78 4304.126953125 666.88671875
79 4294.794921875 666.88671875
80 4291.023206217826 665.3247953101527
81 4289.4609375 661.55322265625
82 4289.4609375 658.22021484375
83 4290.794189453125 653.553466796875
84 4295.4609375 654.88671875
85 4295.4609375 642.88671875
86 4290.642494841104 641.1901051468449
87 4289.4609375 636.22021484375
88 4291.02320593844 632.4486419104505
89 4294.794921875 630.88671875
90 4304.126953125 630.88671875
91 4308.462021363452 632.8853143799352
92 4309.4609375 637.55322265625
93 4307.671105127552 641.5813677376136
94 4303.4609375 642.88671875
95 4303.4609375 654.88671875
96 4308.126953125 654.88671875
97 4317.555524840296 650.9816513617989
98 4321.4609375 641.55322265625
99 4321.4609375 632.2202148438664
100 4317.555524840296 622.7917861383175
101 4308.126953125 618.8867187501164
102 4290.794921875 618.8867187501164
103 4281.366350159704 622.7917861383175
104 4206.970703125 632.19580078125
105 4206.970703125 665.5292968751164
106 4210.876288421245 674.9574099290185
107 4220.3046875 678.8623046876164
108 4237.63671875 678.8623046876164
109 4247.065117828755 674.9574099290185
110 4250.970703125 665.5292968751164
111 4250.970703125 660.26123046875
112 4238.970703125 660.26123046875
113 4237.9390777475965 664.8832223479403
114 4233.63671875 666.8623046875
115 4224.3046875 666.8623046875
116 4220.533144483572 665.3005538717844
117 4218.970703125 661.529296875
118 4218.970703125 658.19580078125
119 4220.303955078125 653.529052734375
120 4224.970703125 654.8623046875
121 4224.970703125 642.8623046875
122 4220.152260466104 641.1656910843449
123 4218.970703125 636.19580078125
124 4220.53297156344 632.4242278479505
125 4224.3046875 630.8623046875
126 4233.63671875 630.8623046875
127 4237.9720334469275 632.8610450252891
128 4238.970703125 637.5292968751164
129 4237.180685706007 641.5571142729605
130 4232.970703125 642.8623046875
131 4232.970703125 654.8623046875
132 4237.63671875 654.8623046875
133 4247.065117828755 650.957409928902
134 4250.970703125 641.529296875
135 4250.970703125 632.19580078125
136 4247.065290465296 622.7673720757011
137 4237.63671875 618.8623046875
138 4220.3046875 618.8623046875
139 4210.876115784704 622.7673720757011
140 4374.509765625 693.12109375
141 4357.17578125 693.12109375
142 4347.747382171241 697.0259885087144
143 4343.841796875 706.4541015626164
144 4343.841796875 713.1210937501164
145 4355.841796875 713.1210937501164
146 4357.252417037642 707.5179771922994
147 4362.509765625 705.12109375
148 4369.17578125 705.12109375
149 4374.768721334214 707.7160733850906
150 4375.841796875 713.78759765625
151 4374.866004942629 716.1442660896573
152 4372.509765625 717.12109375
153 4362.380859375 717.12109375
154 4362.380859375 729.1210937501164
155 4371.841796875 729.1210937501164
156 4373.333181620725 729.4725662915735
157 4374.509765625 730.4541015625
158 4375.139415427064 737.4360695547657
159 4369.17578125 741.1210937501164
160 4362.509765625 741.1210937501164
161 4357.252417478208 738.7242099407595
162 4355.841796875 733.12109375
163 4343.841796875 733.12109375
164 4343.841796875 739.78759765625
165 4347.747209534704 749.2160263617989
166 4357.17578125 753.12109375
167 4374.509765625 753.12109375
168 4383.937074752957 749.2153358450159
169 4387.841796875 739.78759765625
170 4387.841796875 733.12109375
171 4384.912866921422 726.0500237036031
172 4377.841796875 723.1210937501164
173 4384.912866921466 720.1921637966298
174 4387.841796875 713.1210937501164
175 4387.841796875 706.4541015626164
176 4383.936902129066 697.026679012808
177 4423.251953125 693.0629882811336
178 4411.251953125 693.0629882811336
179 4411.251953125 736.83349609375
180 4403.251953125 743.06298828125
181 4411.251953125 753.06298828125
182 4423.251953125 753.06298828125
183 4321.642578125 751.2197265626164
184 4321.642578125 713.2197265626164
185 4326.408203125 713.2197265626164
186 4326.408203125 701.2197265626164
187 4321.642578125 701.2197265626164
188 4321.642578125 691.2197265625
189 4309.642578125 691.2197265625
190 4309.642578125 701.2197265626164
191 4281.642578125 701.2197265626164
192 4281.642578125 713.2197265626164
193 4290.837890625 725.69775390625
194 4298.88671875 719.765625
195 4294.064453125 713.2197265626164
196 4309.642578125 713.2197265626164
197 4309.642578125 734.3623046875
198 4304.8203125 727.8164062501164
199 4296.76953125 733.7485351561336
200 4309.642578125 751.2197265626164
201 4224.6171875 690.88623046875
202 4224.6171875 702.66748046875
203 4253.439453125 727.1376953125
204 4255.382504021298 734.5177212392446
205 4249.125 738.88623046875
206 4243.28515625 738.88623046875
207 4238.1649481658715 736.5853055394255
208 4236.6171875 731.1894531251164
209 4224.6171875 731.1894531251164
210 4224.6171875 737.552734375
211 4228.522600159704 746.9811630805489
212 4237.951171875 750.88623046875
213 4249.125 750.88623046875
214 4266.648031582703 738.6550369492033
215 4261.20703125 717.98974609375
216 4243.416015625 702.88623046875
217 4267.951171875 702.88623046875
218 4267.951171875 690.88623046875
219 4159.0 749.0
220 4171.0 749.0
221 4171.0 725.0
222 4197.0 725.0
223 4197.0 749.0
224 4209.0 749.0
225 4209.0 689.0
226 4197.0 689.0
227 4197.0 713.0
228 4171.0 713.0
229 4171.0 689.0
230 4159.0 689.0
231 4347.0 632.33349609375
232 4347.0 665.6669921876164
233 4350.905585296245 675.0951052415185
234 4360.333984375 679.0000000001164
235 4377.666015625 679.0000000001164
236 4387.094414703755 675.0951052415185
237 4391.0 665.6669921876164
238 4391.0 660.39892578125
239 4379.0 660.39892578125
240 4377.9683746225965 665.0209176604403
241 4373.666015625 667.0
242 4364.333984375 667.0
243 4360.562441358572 665.4382491842844
244 4359.0 661.6669921875
245 4359.0 658.33349609375
246 4360.333251953125 653.666748046875
247 4365.0 655.0
248 4365.0 643.0000000001164
249 4360.181557341057 641.3033863969613
250 4359.0 636.33349609375
251 4360.56226843844 632.5619231604505
252 4364.333984375 631.0
253 4373.666015625 631.0
254 4378.0013303219275 632.9987403377891
255 4379.0 637.6669921876164
256 4377.209982581015 641.6948095854605
257 4373.0 643.0000000001164
258 4373.0 655.0
259 4377.666015625 655.0
260 4387.094414703755 651.095105241402
261 4391.0 641.6669921875
262 4391.0 632.33349609375
263 4387.094587340296 622.9050673882011
264 4377.666015625 619.0
265 4360.333984375 619.0
266 4350.905412659704 622.9050673882011
267 4151.0 769.0
268 4451.0 769.0
269 4451.0 919.0
270 4151.0 919.0
271 4308.92578125 826.84619140625
272 4278.92578125 826.84619140625
273 4278.92578125 838.84619140625
274 4322.92578125 838.84619140625
275 4322.92578125 826.84619140625
276 4302.92578125 778.84619140625
277 4288.92578125 778.84619140625
278 4208.83203125 792.482421875
279 4208.83203125 825.81591796875
280 4212.737443909704 835.2443466742989
281 4222.166015625 839.1494140625
282 4239.498046875 839.1494140625
283 4248.926618590296 835.2443466742989
284 4252.83203125 825.81591796875
285 4252.83203125 820.5483398436336
286 4240.83203125 820.5483398436336
287 4239.800405872607 825.1703317229403
288 4235.498046875 827.1494140625
289 4226.166015625 827.1494140625
290 4222.394299967826 825.5874906226527
291 4220.83203125 821.81591796875
292 4220.83203125 818.482421875
293 4222.16552734375 813.81591796875
294 4226.83203125 815.1494140625
295 4226.83203125 803.1494140625
296 4222.013319436195 801.4526786813512
297 4220.83203125 796.4824218751164
298 4222.394472329244 792.7111645989353
299 4226.166015625 791.1494140626164
300 4235.498046875 791.1494140626164
301 4239.833115113408 793.1480096925516
302 4240.83203125 797.81591796875
303 4239.042198877552 801.8440630501136
304 4234.83203125 803.1494140625
305 4234.83203125 815.1494140625
306 4239.498046875 815.1494140625
307 4248.9266185903 811.2443466741825
308 4252.83203125 801.8159179686336
309 4252.83203125 792.482421875
310 4248.926445953712 783.0543088212144
311 4239.498046875 779.1494140626164
312 4222.166015625 779.1494140626164
313 4212.737616546288 783.0543088212144
314 4376.509765625 853.1210937501164
315 4359.17578125 853.1210937501164
316 4349.747382171245 857.0259885087144
317 4345.841796875 866.4541015626164
318 4345.841796875 873.1210937501164
319 4357.841796875 873.1210937501164
320 4359.252417037642 867.5179771922994
321 4364.509765625 865.12109375
322 4371.17578125 865.12109375
323 4376.768721334214 867.7160733850906
324 4377.841796875 873.78759765625
325 4376.866004942629 876.1442660896573
326 4374.509765625 877.12109375
327 4364.380859375 877.12109375
328 4364.380859375 889.1210937501164
329 4373.841796875 889.1210937501164
330 4375.333181620757 889.4725662915735
331 4376.509765625 890.4541015626164
332 4377.13941542702 897.4360695548821
333 4371.17578125 901.1210937501164
334 4364.509765625 901.1210937501164
335 4359.252417478208 898.7242099407595
336 4357.841796875 893.12109375
337 4345.841796875 893.12109375
338 4345.841796875 899.78759765625
339 4349.74720953466 909.2160263617989
340 4359.17578125 913.1210937501164
341 4376.509765625 913.1210937501164
342 4385.937074753001 909.2153358451324
343 4389.841796875 899.78759765625
344 4389.841796875 893.12109375
345 4386.912866921466 886.0500237034867
346 4379.841796875 883.12109375
347 4386.912866921462 880.1921637965133
348 4389.841796875 873.1210937501164
349 4389.841796875 866.4541015626164
350 4385.936902129062 857.026679012808
351 4425.251953125 853.0629882811336
352 4413.251953125 853.0629882811336
353 4413.251953125 896.83349609375
354 4405.251953125 903.06298828125
355 4413.251953125 913.06298828125
356 4425.251953125 913.06298828125
357 4323.642578125 911.2197265625
358 4323.642578125 873.2197265626164
359 4328.408203125 873.2197265626164
360 4328.408203125 861.2197265626164
361 4323.642578125 861.2197265626164
362 4323.642578125 851.2197265626164
363 4311.642578125 851.2197265626164
364 4311.642578125 861.2197265626164
365 4283.642578125 861.2197265626164
366 4283.642578125 873.2197265626164
367 4292.837890625 885.69775390625
368 4300.88671875 879.7656250001164
369 4296.064453125 873.2197265626164
370 4311.642578125 873.2197265626164
371 4311.642578125 894.3623046875
372 4306.8203125 887.8164062501164
373 4298.76953125 893.7485351561336
374 4311.642578125 911.2197265625
375 4226.6171875 850.88623046875
376 4226.6171875 862.6674804686336
377 4255.439453125 887.1376953126164
378 4257.382504021265 894.517721239361
379 4251.125 898.88623046875
380 4245.28515625 898.88623046875
381 4240.1649481658715 896.5853055394255
382 4238.6171875 891.1894531251164
383 4226.6171875 891.1894531251164
384 4226.6171875 897.5527343751164
385 4230.522600159704 906.9811630806653
386 4239.951171875 910.8862304688664
387 4251.125 910.8862304688664
388 4268.648031582754 898.6550369493198
389 4263.20703125 877.98974609375
390 4245.416015625 862.88623046875
391 4269.951171875 862.88623046875
392 4269.951171875 850.88623046875
393 4161.0 909.0
394 4173.0 909.0
395 4173.0 885.0000000001164
396 4199.0 885.0000000001164
397 4199.0 909.0
398 4211.0 909.0
399 4211.0 849.0
400 4199.0 849.0
401 4199.0 873.0
402 4173.0 873.0
403 4173.0 849.0
404 4161.0 849.0
405 4349.0 792.33349609375
406 4349.0 825.6669921876164
407 4352.905585296245 835.0951052415185
408 4362.333984375 839.0000000001164
409 4379.666015625 839.0000000001164
410 4389.094414703755 835.0951052415185
411 4393.0 825.6669921876164
412 4393.0 820.39892578125
413 4381.0 820.39892578125
414 4379.968374622644 825.0209176605567
415 4375.666015625 827.0000000001164
416 4366.333984375 827.0000000001164
417 4362.562441358572 825.4382491844008
418 4361.0 821.6669921876164
419 4361.0 818.33349609375
420 4362.333251953125 813.666748046875
421 4367.0 815.0
422 4367.0 803.0000000001164
423 4362.181557341057 801.3033863969613
424 4361.0 796.33349609375
425 4362.562268438483 792.561923160567
426 4366.333984375 791.0000000001164
427 4375.666015625 791.0000000001164
428 4380.001330321917 792.9987403379055
429 4381.0 797.6669921876164
430 4379.209982581015 801.6948095854605
431 4375.0 803.0000000001164
432 4375.0 815.0
433 4379.666015625 815.0
434 4389.094414703755 811.095105241402
435 4393.0 801.6669921875
436 4393.0 792.33349609375
437 4389.094587340296 782.9050673882011
438 4379.666015625 779.0
439 4362.333984375 779.0
440 4352.905412659704 782.9050673882011
441 4461.0 604.0000000001164
442 4761.0 604.0000000001164
443 4761.0 754.0000000001164
444 4461.0 754.0000000001164
445 4589.4609375 627.22021484375
446 4589.4609375 660.55322265625
447 4593.366350159704 669.9816513617989
448 4602.794921875 673.88671875
449 4620.126953125 673.88671875
450 4629.555524840296 669.9816513617989
451 4633.4609375 660.55322265625
452 4633.4609375 655.28564453125
453 4621.4609375 655.28564453125
454 4620.429312122644 659.9076364105567
455 4616.126953125 661.8867187501164
456 4606.794921875 661.8867187501164
457 4603.023206217778 660.3247953102691
458 4601.4609375 656.55322265625
459 4601.4609375 653.22021484375
460 4602.794189453125 648.553466796875
461 4607.4609375 649.88671875
462 4607.4609375 637.88671875
463 4602.642494841104 636.1901051468449
464 4601.4609375 631.22021484375
465 4603.023205938483 627.448641910567
466 4606.794921875 625.8867187501164
467 4616.126953125 625.8867187501164
468 4620.462021363408 627.8853143800516
469 4621.4609375 632.55322265625
470 4619.671105127552 636.5813677376136
471 4615.4609375 637.88671875
472 4615.4609375 649.88671875
473 4620.126953125 649.88671875
474 4629.555524840296 645.9816513617989
475 4633.4609375 636.55322265625
476 4633.4609375 627.22021484375
477 4629.5555248402525 617.7917861383175
478 4620.126953125 613.8867187501164
479 4602.794921875 613.8867187501164
480 4593.3663501597475 617.7917861383175
481 4687.51953125 650.68603515625
482 4689.877032793127 651.6621727036545
483 4690.853515625 654.01953125
484 4690.853515625 659.3525390626164
485 4689.401964347911 662.591883406858
486 4685.853515625 662.6860351561336
487 4685.853515625 674.68603515625
488 4697.85465163381 669.9239768071566
489 4702.853515625 658.0195312501164
490 4702.853515625 654.68603515625
491 4699.924585392142 647.6149653891334
492 4692.853515625 644.68603515625
493 4699.924585392146 641.7571049232502
494 4702.853515625 634.6860351561336
495 4702.853515625 631.3525390626164
496 4697.854651633817 619.4480935055763
497 4685.853515625 614.68603515625
498 4685.853515625 626.68603515625
499 4689.40196434801 626.7801869057585
500 4690.853515625 630.0195312501164
501 4690.853515625 635.3525390625
502 4689.877032793127 637.7098976088455
503 4687.51953125 638.68603515625
504 4674.1875 638.68603515625
505 4671.829998456873 637.7098976088455
506 4670.853515625 635.3525390625
507 4670.853515625 630.0195312501164
508 4672.30506690199 626.7801869057585
509 4675.853515625 626.68603515625
510 4675.853515625 614.68603515625
511 4663.852379616183 619.4480935055763
512 4658.853515625 631.3525390626164
513 4658.853515625 634.6860351561336
514 4661.78244557853 641.7571052026469
515 4668.853515625 644.68603515625
516 4661.782445578534 647.6149651097367
517 4658.853515625 654.68603515625
518 4658.853515625 658.0195312501164
519 4663.852379043747 669.9239773910958
520 4675.853515625 674.68603515625
521 4675.853515625 662.6860351561336
522 4672.305066902089 662.591883406858
523 4670.853515625 659.3525390626164
524 4670.853515625 654.01953125
525 4671.829998456873 651.6621727036545
526 4674.1875 650.68603515625
527 4518.970703125 627.19580078125
528 4518.970703125 660.529296875
529 4522.876288421245 669.957409928902
530 4532.3046875 673.8623046875
531 4549.63671875 673.8623046875
532 4559.065117828755 669.957409928902
533 4562.970703125 660.529296875
534 4562.970703125 655.2612304686336
535 4550.970703125 655.2612304686336
536 4549.939077747607 659.8832223479403
537 4545.63671875 661.8623046875
538 4536.3046875 661.8623046875
539 4532.533144483576 660.3005538719008
540 4530.970703125 656.5292968751164
541 4530.970703125 653.19580078125
542 4532.303955078125 648.529052734375
543 4536.970703125 649.8623046875
544 4536.970703125 637.8623046875
545 4532.152260466104 636.1656910843449
546 4530.970703125 631.19580078125
547 4532.532971563483 627.424227848067
548 4536.3046875 625.8623046876164
549 4545.63671875 625.8623046876164
550 4549.972033446869 627.8610450252891
551 4550.970703125 632.529296875
552 4549.180685706015 636.557114272844
553 4544.970703125 637.8623046875
554 4544.970703125 649.8623046875
555 4549.63671875 649.8623046875
556 4559.065117828752 645.9574099290185
557 4562.970703125 636.5292968751164
558 4562.970703125 627.19580078125
559 4559.0652904652525 617.7673720758175
560 4549.63671875 613.8623046876164
561 4532.3046875 613.8623046876164
562 4522.8761157847475 617.7673720758175
563 4686.509765625 688.12109375
564 4669.17578125 688.12109375
565 4659.747382171245 692.025988508598
566 4655.841796875 701.4541015625
567 4655.841796875 708.12109375
568 4667.841796875 708.12109375
569 4669.252417037649 702.517977192183
570 4674.509765625 700.12109375
571 4681.17578125 700.12109375
572 4686.768721334214 702.7160733850906
573 4687.841796875 708.78759765625
574 4686.866004942629 711.1442660896573
575 4684.509765625 712.12109375
576 4674.380859375 712.12109375
577 4674.380859375 724.12109375
578 4683.841796875 724.12109375
579 4685.33318162075 724.4725662915735
580 4686.509765625 725.4541015626164
581 4687.139415426995 732.4360695547657
582 4681.17578125 736.12109375
583 4674.509765625 736.12109375
584 4669.252417478252 733.724209940643
585 4667.841796875 728.12109375
586 4655.841796875 728.12109375
587 4655.841796875 734.78759765625
588 4659.74720953466 744.2160263617989
589 4669.17578125 748.1210937501164
590 4686.509765625 748.1210937501164
591 4695.937074753001 744.2153358451324
592 4699.841796875 734.78759765625
593 4699.841796875 728.12109375
594 4696.912866921422 721.0500237036031
595 4689.841796875 718.1210937501164
596 4696.91286692151 715.1921637965133
597 4699.841796875 708.12109375
598 4699.841796875 701.4541015625
599 4695.936902129062 692.0266790126916
600 4735.251953125 688.06298828125
601 4723.251953125 688.06298828125
602 4723.251953125 731.83349609375
603 4715.251953125 738.06298828125
604 4723.251953125 748.06298828125
605 4735.251953125 748.06298828125
606 4633.642578125 746.2197265626164
607 4633.642578125 708.2197265625
608 4638.408203125 708.2197265625
609 4638.408203125 696.2197265625
610 4633.642578125 696.2197265625
611 4633.642578125 686.2197265625
612 4621.642578125 686.2197265625
613 4621.642578125 696.2197265625
614 4593.642578125 696.2197265625
615 4593.642578125 708.2197265625
616 4602.837890625 720.6977539061336
617 4610.88671875 714.7656250001164
618 4606.064453125 708.2197265625
619 4621.642578125 708.2197265625
620 4621.642578125 729.3623046875
621 4616.8203125 722.81640625
622 4608.76953125 728.74853515625
623 4621.642578125 746.2197265626164
624 4536.6171875 685.8862304688664
625 4536.6171875 697.66748046875
626 4565.439453125 722.1376953125
627 4567.382504021298 729.5177212392446
628 4561.125 733.88623046875
629 4555.28515625 733.88623046875
630 4550.164948165864 731.585305539309
631 4548.6171875 726.189453125
632 4536.6171875 726.189453125
633 4536.6171875 732.5527343751164
634 4540.5226001597075 741.9811630805489
635 4549.951171875 745.88623046875
636 4561.125 745.88623046875
637 4578.648031582703 733.6550369492033
638 4573.20703125 712.98974609375
639 4555.416015625 697.88623046875
640 4579.951171875 697.88623046875
641 4579.951171875 685.8862304688664
642 4471.0 744.0
643 4483.0 744.0
644 4483.0 720.0
645 4509.0 720.0
646 4509.0 744.0
647 4521.0 744.0
648 4521.0 684.0000000001164
649 4509.0 684.0000000001164
650 4509.0 708.0
651 4483.0 708.0
652 4483.0 684.0000000001164
653 4471.0 684.0000000001164
654 4462.0 774.0
655 4762.0 774.0
656 4762.0 924.0
657 4462.0 924.0
658 4619.92578125 831.84619140625
659 4589.92578125 831.84619140625
660 4589.92578125 843.8461914063664
661 4633.92578125 843.8461914063664
662 4633.92578125 831.84619140625
663 4613.92578125 783.84619140625
664 4599.92578125 783.84619140625
665 4688.51953125 820.68603515625
666 4690.877032793127 821.6621727036545
667 4691.853515625 824.01953125
668 4691.853515625 829.3525390626164
669 4690.401964347959 832.5918834069744
670 4686.853515625 832.68603515625
671 4686.853515625 844.68603515625
672 4698.85465163381 839.9239768071566
673 4703.853515625 828.0195312501164
674 4703.853515625 824.68603515625
675 4700.924585392142 817.6149653891334
676 4693.853515625 814.68603515625
677 4700.924585392142 811.7571049233666
678 4703.853515625 804.68603515625
679 4703.853515625 801.3525390625
680 4698.854651633857 789.4480935053434
681 4686.853515625 784.6860351561336
682 4686.853515625 796.68603515625
683 4690.40196434801 796.7801869057585
684 4691.853515625 800.0195312501164
685 4691.853515625 805.3525390625
686 4690.877032793127 807.7098976088455
687 4688.51953125 808.68603515625
688 4675.1875 808.68603515625
689 4672.829998456873 807.7098976088455
690 4671.853515625 805.3525390625
691 4671.853515625 800.0195312501164
692 4673.30506690199 796.7801869057585
693 4676.853515625 796.68603515625
694 4676.853515625 784.6860351561336
695 4664.852379616143 789.4480935053434
696 4659.853515625 801.3525390625
697 4659.853515625 804.68603515625
698 4662.782445578534 811.7571052027633
699 4669.853515625 814.68603515625
700 4662.782445578534 817.6149651097367
701 4659.853515625 824.68603515625
702 4659.853515625 828.0195312501164
703 4664.852379043747 839.9239773910958
704 4676.853515625 844.68603515625
705 4676.853515625 832.68603515625
706 4673.305066902041 832.5918834069744
707 4671.853515625 829.3525390626164
708 4671.853515625 824.01953125
709 4672.829998456873 821.6621727036545
710 4675.1875 820.68603515625
711 4519.83203125 797.482421875
712 4519.83203125 830.81591796875
713 4523.73744390966 840.2443466742989
714 4533.166015625 844.1494140626164
715 4550.498046875 844.1494140626164
716 4559.92661859034 840.2443466742989
717 4563.83203125 830.81591796875
718 4563.83203125 825.54833984375
719 4551.83203125 825.54833984375
720 4550.8004058725965 830.1703317229403
721 4546.498046875 832.1494140625
722 4537.166015625 832.1494140625
723 4533.394299967826 830.5874906226527
724 4531.83203125 826.81591796875
725 4531.83203125 823.482421875
726 4533.16552734375 818.81591796875
727 4537.83203125 820.1494140625
728 4537.83203125 808.1494140625
729 4533.013319436195 806.4526786813512
730 4531.83203125 801.4824218751164
731 4533.394472329241 797.7111645989353
732 4537.166015625 796.1494140625
733 4546.498046875 796.1494140625
734 4550.833115113452 798.1480096924352
735 4551.83203125 802.81591796875
736 4550.042198877552 806.8440630501136
737 4545.83203125 808.1494140625
738 4545.83203125 820.1494140625
739 4550.498046875 820.1494140625
740 4559.926618590296 816.2443466742989
741 4563.83203125 806.81591796875
742 4563.83203125 797.482421875
743 4559.926445953712 788.0543088212144
744 4550.498046875 784.1494140626164
745 4533.166015625 784.1494140626164
746 4523.737616546288 788.0543088212144
747 4687.509765625 858.12109375
748 4670.17578125 858.12109375
749 4660.747382171241 862.0259885087144
750 4656.841796875 871.4541015626164
751 4656.841796875 878.12109375
752 4668.841796875 878.12109375
753 4670.252417037696 872.5179771922994
754 4675.509765625 870.1210937501164
755 4682.17578125 870.1210937501164
756 4687.768721334156 872.7160733850906
757 4688.841796875 878.7875976561336
758 4687.86600494268 881.1442660896573
759 4685.509765625 882.1210937501164
760 4675.380859375 882.1210937501164
761 4675.380859375 894.12109375
762 4684.841796875 894.12109375
763 4686.33318162075 894.4725662915735
764 4687.509765625 895.4541015626164
765 4688.13941542702 902.4360695548821
766 4682.17578125 906.1210937501164
767 4675.509765625 906.1210937501164
768 4670.252417478252 903.7242099407595
769 4668.841796875 898.1210937501164
770 4656.841796875 898.1210937501164
771 4656.841796875 904.7875976561336
772 4660.7472095347 914.2160263616825
773 4670.17578125 918.12109375
774 4687.509765625 918.12109375
775 4696.937074752961 914.2153358448995
776 4700.841796875 904.7875976561336
777 4700.841796875 898.1210937501164
778 4697.91286692147 891.0500237036031
779 4690.841796875 888.12109375
780 4697.912866921466 885.1921637965133
781 4700.841796875 878.12109375
782 4700.841796875 871.4541015626164
783 4696.936902129066 862.026679012808
784 4736.251953125 858.06298828125
785 4724.251953125 858.06298828125
786 4724.251953125 901.83349609375
787 4716.251953125 908.06298828125
788 4724.251953125 918.06298828125
789 4736.251953125 918.06298828125
790 4634.642578125 916.2197265625
791 4634.642578125 878.2197265625
792 4639.408203125 878.2197265625
793 4639.408203125 866.2197265626164
794 4634.642578125 866.2197265626164
795 4634.642578125 856.2197265625
796 4622.642578125 856.2197265625
797 4622.642578125 866.2197265626164
798 4594.642578125 866.2197265626164
799 4594.642578125 878.2197265625
800 4603.837890625 890.69775390625
801 4611.88671875 884.7656250001164
802 4607.064453125 878.2197265625
803 4622.642578125 878.2197265625
804 4622.642578125 899.3623046876164
805 4617.8203125 892.8164062501164
806 4609.76953125 898.74853515625
807 4622.642578125 916.2197265625
808 4537.6171875 855.88623046875
809 4537.6171875 867.66748046875
810 4566.439453125 892.1376953125
811 4568.382504021298 899.5177212392446
812 4562.125 903.88623046875
813 4556.28515625 903.88623046875
814 4551.164948165864 901.585305539309
815 4549.6171875 896.189453125
816 4537.6171875 896.189453125
817 4537.6171875 902.552734375
818 4541.522600159704 911.9811630805489
819 4550.951171875 915.88623046875
820 4562.125 915.88623046875
821 4579.648031582739 903.6550369490869
822 4574.20703125 882.9897460936336
823 4556.416015625 867.88623046875
824 4580.951171875 867.88623046875
825 4580.951171875 855.88623046875
826 4472.0 914.0000000001164
827 4484.0 914.0000000001164
828 4484.0 890.0
829 4510.0 890.0
830 4510.0 914.0000000001164
831 4522.0 914.0000000001164
832 4522.0 854.0
833 4510.0 854.0
834 4510.0 878.0000000001164
835 4484.0 878.0000000001164
836 4484.0 854.0
837 4472.0 854.0
838 3433.0002441406177 1549.265625
839 3417.9982910156177 1564.2734375001164
840 3010.0647216796824 1564.2736328125466
841 2602.131152343747 1564.2738281250931
842 2194.197583007808 1564.2740234375233
843 1786.2640136718728 1564.2742187500698
844 1378.3304443359375 1564.2744140625
845 1378.2298583984375 1563.2744140625
846 938.7318000793457 1563.2746175130596
847 499.23374176025027 1563.2748209635029
848 59.73568344115847 1563.2750244140625
849 53.039068891368515 1538.2630558285164
850 34.72947054348697 1519.954537939513
851 9.717106819149194 1513.259399414179
852 9.71687634785485 1017.4026298524113
853 9.716645876564144 521.5458602905273
854 9.7164154052698 25.689090728759766
855 24.717384338378906 10.689085006713867
856 475.8879648844377 10.688875198364258
857 927.0585454305001 10.688665390014648
858 1378.2291259765589 10.688455581665039
859 1378.3297119140589 9.688455581665039
860 1786.2626953124964 9.688265800476074
861 2194.195678710934 9.68807601928711
862 2602.128662109375 9.687886238098145
863 3010.0616455078125 9.68769645690918
864 3417.99462890625 9.687506675720215
865 3432.99951171875 24.6875
866 3432.999755859375 397.328125
867 3433.0 769.96875
868 3417.9951171875 784.9765625
869 3307.873046875 784.9766235351562
870 3299.908236726089 768.5975095864851
871 3282.9443359375 761.9688110351562
872 3265.2575898663054 769.290449319873
873 3257.9345703125 786.9766235351562
874 3257.9345703125 821.9922485351562
875 3265.2575898663054 839.6784227504395
876 3282.9443359375 847.0000610351562
877 3433.0 847.0
878 3433.000122070309 1198.1328125
879 458.88571166991824 786.9779663087102
880 460.3202237956575 816.3979452223284
881 464.6328837306828 845.5354459490627
882 471.7821177693986 874.1095852531726
883 481.6990078529743 901.8449106593616
884 494.28795593404357 928.4740557926707
885 509.42760553443804 953.7403177696979
886 526.9720116121789 977.400131794624
887 546.752047460297 999.2254191045649
888 568.5770350751118 1019.0057856312487
889 592.2365832773175 1036.550550183165
890 617.5026158665532 1051.6905825977447
891 644.1315702582069 1064.2799341427162
892 671.8667454077149 1074.1972444505664
893 700.440776388652 1081.3469114229083
894 729.5782117697672 1085.660012827604
895 758.9981689453089 1087.094970703125
896 1092.456502278641 1087.0948079427471
897 1425.9148356119767 1087.0946451822529
898 1759.3731689453089 1087.094482421875
899 1788.7931267069107 1085.6594974368345
900 1817.930559985336 1081.3463688103948
901 1846.5045861587496 1074.1966747720726
902 1874.2397538065961 1064.2793378236238
903 1900.868698040158 1051.6899603327038
904 1926.134717879584 1036.5499029327184
905 1949.7942508316337 1019.005114615662
906 1971.6192208134453 999.2247257949784
907 1991.3992367884603 977.3994179018773
908 2008.9436209198975 953.7395852302434
909 2024.0832466904612 928.4733067521593
910 2036.6721692690007 901.8441474542487
911 2046.5890324074826 874.1088103895308
912 2053.738238305923 845.534662079881
913 2058.0508691678297 816.3971551231807
914 2059.4853515625 786.9771728515625
915 2058.050124007248 757.5577172876801
916 2053.736850854446 728.4208005234832
917 2046.5871103436693 699.8472908608383
918 2036.66982313291 672.1126255808631
919 2024.0805879308318 645.4841558381449
920 2008.9407599631922 620.2185695016524
921 1991.3962811566853 596.559416786069
922 1971.6162733167403 574.734762523789
923 1949.7914078605172 554.9549877113895
924 1926.1320678201955 537.410761519568
925 1900.8663198341164 522.2712033187272
926 1874.2377156750117 509.68225243513007
927 1846.5029445076761 499.76526135369204
928 1817.9293585073865 492.61582592863124
929 1788.7923956911582 488.3028638770338
930 1759.3729248046875 486.8679504394531
931 1425.9145711263009 486.8681131999474
932 1092.4562174479142 486.86827596032526
933 758.9978637695276 486.86843872081954
934 729.5783922974879 488.30337926815264
935 700.4414315844151 492.61636854172684
936 671.867850392071 499.7658310328843
937 644.1330867267643 509.6828487548046
938 617.5044927260496 522.2718255843502
939 592.2387574900131 537.4114087704802
940 568.5794326999858 554.9556587273255
941 546.7545848768277 574.7354558336083
942 526.9745969099531 596.5601306788158
943 509.43014004962606 620.2193020409904
944 494.2903359116099 645.4849048783071
945 481.7011262117667 672.1133887856267
946 471.78386594573385 699.8480657241307
947 464.63415357480335 728.4215843923157
948 460.3209094946287 757.558507386595
949 3203.9143066406177 1310.6798095703125
950 3227.1785052286796 1304.4519485690398
951 3244.2069539980257 1287.4213548885891
952 3250.4318847656177 1264.1563720703125
953 3244.204347790317 1240.8946917495923
954 3227.176248420721 1223.8673073357204
955 3203.9143066406177 1217.6407470703125
956 3180.6523648605144 1223.8673073357204
957 3163.6242654909183 1240.8946917495923
958 3157.3967285156177 1264.1563720703125
959 3163.6216592832097 1287.4213548885891
960 3180.650108052556 1304.4519485690398
961 6865.999999999996 1575.3125
962 6850.995117187496 1590.3125000001164
963 6443.062109374998 1590.312573242234
964 6035.129101562499 1590.3126464843517
965 5627.196093749997 1590.3127197265858
966 5219.2630859374985 1590.3127929687034
967 4811.330078125 1590.312866210821
968 4811.2294921875 1589.3128662109375
969 4360.059000651039 1589.3129475911846
970 3908.8885091145785 1589.3130289713154
971 3457.7180175781177 1589.3131103515625
972 3442.7170410156286 1574.313110351446
973 3442.716878255207 1078.4563573200721
974 3442.7167154947892 582.5996042886982
975 3442.7165527343677 86.74285125732422
976 3467.7289093904365 80.04770414507948
977 3486.038499069371 61.73918410285842
978 3492.7351074218786 36.72721862792969
979 3932.2332356770858 36.72713343298528
980 4371.731363932293 36.727048238157295
981 4811.2294921875 36.72696304321289
982 4811.330078125 35.72696304321289
983 5219.263671875 35.72688369755633
984 5627.197265625 35.72680435178336
985 6035.130859374996 35.7267250061268
986 6443.064453124996 35.726645660353824
987 6850.998046874996 35.726566314697266
988 6865.999999999996 50.734375000116415
989 6865.999999999996 401.8671875001164
990 6865.999999999996 753.0
991 6715.944335937496 753.0
992 6698.257568273901 760.3216598562431
993 6690.934570312496 778.0078735351562
994 6690.934570312496 813.0234985351562
995 6698.257611458586 830.7096332870424
996 6715.944335937496 838.0312500001164
997 6732.908236726082 831.4025514487876
998 6740.873046874996 815.0234375001164
999 6850.995117187496 815.0234375001164
1000 6865.999999999996 830.0312500001164
1001 6865.999999999996 1202.6718750001164
1002 4277.4609375 632.2202148438664
1003 4277.4609375 665.55322265625
1004 4281.36635015966 674.9816513617989
1005 4290.794921875 678.8867187501164
1006 4308.126953125 678.8867187501164
1007 4317.55552484034 674.9816513617989
1008 4321.4609375 665.55322265625
1009 4321.4609375 660.28564453125
1010 4309.4609375 660.28564453125
1011 4308.4293121225965 664.9076364104403
1012 4304.126953125 666.88671875
1013 4294.794921875 666.88671875
1014 4291.023206217826 665.3247953101527
1015 4289.4609375 661.55322265625
1016 4289.4609375 658.22021484375
1017 4290.794189453125 653.553466796875
1018 4295.4609375 654.88671875
1019 4295.4609375 642.88671875
1020 4290.642494841104 641.1901051468449
1021 4289.4609375 636.22021484375
1022 4291.02320593844 632.4486419104505
1023 4294.794921875 630.88671875
1024 4304.126953125 630.88671875
1025 4308.462021363452 632.8853143799352
1026 4309.4609375 637.55322265625
1027 4307.671105127552 641.5813677376136
1028 4303.4609375 642.88671875
1029 4303.4609375 654.88671875
1030 4308.126953125 654.88671875
1031 4317.555524840296 650.9816513617989
1032 4321.4609375 641.55322265625
1033 4321.4609375 632.2202148438664
1034 4317.555524840296 622.7917861383175
1035 4308.126953125 618.8867187501164
1036 4290.794921875 618.8867187501164
1037 4281.366350159704 622.7917861383175
1038 4206.970703125 632.19580078125
1039 4206.970703125 665.5292968751164
1040 4210.876288421245 674.9574099290185
1041 4220.3046875 678.8623046876164
1042 4237.63671875 678.8623046876164
1043 4247.065117828755 674.9574099290185
1044 4250.970703125 665.5292968751164
1045 4250.970703125 660.26123046875
1046 4238.970703125 660.26123046875
1047 4237.9390777475965 664.8832223479403
1048 4233.63671875 666.8623046875
1049 4224.3046875 666.8623046875
1050 4220.533144483572 665.3005538717844
1051 4218.970703125 661.529296875
1052 4218.970703125 658.19580078125
1053 4220.303955078125 653.529052734375
1054 4224.970703125 654.8623046875
1055 4224.970703125 642.8623046875
1056 4220.152260466104 641.1656910843449
1057 4218.970703125 636.19580078125
1058 4220.53297156344 632.4242278479505
1059 4224.3046875 630.8623046875
1060 4233.63671875 630.8623046875
1061 4237.9720334469275 632.8610450252891
1062 4238.970703125 637.5292968751164
1063 4237.180685706007 641.5571142729605
1064 4232.970703125 642.8623046875
1065 4232.970703125 654.8623046875
1066 4237.63671875 654.8623046875
1067 4247.065117828755 650.957409928902
1068 4250.970703125 641.529296875
1069 4250.970703125 632.19580078125
1070 4247.065290465296 622.7673720757011
1071 4237.63671875 618.8623046875
1072 4220.3046875 618.8623046875
1073 4210.876115784704 622.7673720757011
1074 4374.509765625 693.12109375
1075 4357.17578125 693.12109375
1076 4347.747382171241 697.0259885087144
1077 4343.841796875 706.4541015626164
1078 4343.841796875 713.1210937501164
1079 4355.841796875 713.1210937501164
1080 4357.252417037642 707.5179771922994
1081 4362.509765625 705.12109375
1082 4369.17578125 705.12109375
1083 4374.768721334214 707.7160733850906
1084 4375.841796875 713.78759765625
1085 4374.866004942629 716.1442660896573
1086 4372.509765625 717.12109375
1087 4362.380859375 717.12109375
1088 4362.380859375 729.1210937501164
1089 4371.841796875 729.1210937501164
1090 4373.333181620725 729.4725662915735
1091 4374.509765625 730.4541015625
1092 4375.139415427064 737.4360695547657
1093 4369.17578125 741.1210937501164
1094 4362.509765625 741.1210937501164
1095 4357.252417478208 738.7242099407595
1096 4355.841796875 733.12109375
1097 4343.841796875 733.12109375
1098 4343.841796875 739.78759765625
1099 4347.747209534704 749.2160263617989
1100 4357.17578125 753.12109375
1101 4374.509765625 753.12109375
1102 4383.937074752957 749.2153358450159
1103 4387.841796875 739.78759765625
1104 4387.841796875 733.12109375
1105 4384.912866921422 726.0500237036031
1106 4377.841796875 723.1210937501164
1107 4384.912866921466 720.1921637966298
1108 4387.841796875 713.1210937501164
1109 4387.841796875 706.4541015626164
1110 4383.936902129066 697.026679012808
1111 4423.251953125 693.0629882811336
1112 4411.251953125 693.0629882811336
1113 4411.251953125 736.83349609375
1114 4403.251953125 743.06298828125
1115 4411.251953125 753.06298828125
1116 4423.251953125 753.06298828125
1117 4321.642578125 751.2197265626164
1118 4321.642578125 713.2197265626164
1119 4326.408203125 713.2197265626164
1120 4326.408203125 701.2197265626164
1121 4321.642578125 701.2197265626164
1122 4321.642578125 691.2197265625
1123 4309.642578125 691.2197265625
1124 4309.642578125 701.2197265626164
1125 4281.642578125 701.2197265626164
1126 4281.642578125 713.2197265626164
1127 4290.837890625 725.69775390625
1128 4298.88671875 719.765625
1129 4294.064453125 713.2197265626164
1130 4309.642578125 713.2197265626164
1131 4309.642578125 734.3623046875
1132 4304.8203125 727.8164062501164
1133 4296.76953125 733.7485351561336
1134 4309.642578125 751.2197265626164
1135 4224.6171875 690.88623046875
1136 4224.6171875 702.66748046875
1137 4253.439453125 727.1376953125
1138 4255.382504021298 734.5177212392446
1139 4249.125 738.88623046875
1140 4243.28515625 738.88623046875
1141 4238.1649481658715 736.5853055394255
1142 4236.6171875 731.1894531251164
1143 4224.6171875 731.1894531251164
1144 4224.6171875 737.552734375
1145 4228.522600159704 746.9811630805489
1146 4237.951171875 750.88623046875
1147 4249.125 750.88623046875
1148 4266.648031582703 738.6550369492033
1149 4261.20703125 717.98974609375
1150 4243.416015625 702.88623046875
1151 4267.951171875 702.88623046875
1152 4267.951171875 690.88623046875
1153 4159.0 749.0
1154 4171.0 749.0
1155 4171.0 725.0
1156 4197.0 725.0
1157 4197.0 749.0
1158 4209.0 749.0
1159 4209.0 689.0
1160 4197.0 689.0
1161 4197.0 713.0
1162 4171.0 713.0
1163 4171.0 689.0
1164 4159.0 689.0
1165 4347.0 632.33349609375
1166 4347.0 665.6669921876164
1167 4350.905585296245 675.0951052415185
1168 4360.333984375 679.0000000001164
1169 4377.666015625 679.0000000001164
1170 4387.094414703755 675.0951052415185
1171 4391.0 665.6669921876164
1172 4391.0 660.39892578125
1173 4379.0 660.39892578125
1174 4377.9683746225965 665.0209176604403
1175 4373.666015625 667.0
1176 4364.333984375 667.0
1177 4360.562441358572 665.4382491842844
1178 4359.0 661.6669921875
1179 4359.0 658.33349609375
1180 4360.333251953125 653.666748046875
1181 4365.0 655.0
1182 4365.0 643.0000000001164
1183 4360.181557341057 641.3033863969613
1184 4359.0 636.33349609375
1185 4360.56226843844 632.5619231604505
1186 4364.333984375 631.0
1187 4373.666015625 631.0
1188 4378.0013303219275 632.9987403377891
1189 4379.0 637.6669921876164
1190 4377.209982581015 641.6948095854605
1191 4373.0 643.0000000001164
1192 4373.0 655.0
1193 4377.666015625 655.0
1194 4387.094414703755 651.095105241402
1195 4391.0 641.6669921875
1196 4391.0 632.33349609375
1197 4387.094587340296 622.9050673882011
1198 4377.666015625 619.0
1199 4360.333984375 619.0
1200 4350.905412659704 622.9050673882011
1201 4308.92578125 826.84619140625
1202 4278.92578125 826.84619140625
1203 4278.92578125 838.84619140625
1204 4322.92578125 838.84619140625
1205 4322.92578125 826.84619140625
1206 4302.92578125 778.84619140625
1207 4288.92578125 778.84619140625
1208 4208.83203125 792.482421875
1209 4208.83203125 825.81591796875
1210 4212.737443909704 835.2443466742989
1211 4222.166015625 839.1494140625
1212 4239.498046875 839.1494140625
1213 4248.926618590296 835.2443466742989
1214 4252.83203125 825.81591796875
1215 4252.83203125 820.5483398436336
1216 4240.83203125 820.5483398436336
1217 4239.800405872607 825.1703317229403
1218 4235.498046875 827.1494140625
1219 4226.166015625 827.1494140625
1220 4222.394299967826 825.5874906226527
1221 4220.83203125 821.81591796875
1222 4220.83203125 818.482421875
1223 4222.16552734375 813.81591796875
1224 4226.83203125 815.1494140625
1225 4226.83203125 803.1494140625
1226 4222.013319436195 801.4526786813512
1227 4220.83203125 796.4824218751164
1228 4222.394472329244 792.7111645989353
1229 4226.166015625 791.1494140626164
1230 4235.498046875 791.1494140626164
1231 4239.833115113408 793.1480096925516
1232 4240.83203125 797.81591796875
1233 4239.042198877552 801.8440630501136
1234 4234.83203125 803.1494140625
1235 4234.83203125 815.1494140625
1236 4239.498046875 815.1494140625
1237 4248.9266185903 811.2443466741825
1238 4252.83203125 801.8159179686336
1239 4252.83203125 792.482421875
1240 4248.926445953712 783.0543088212144
1241 4239.498046875 779.1494140626164
1242 4222.166015625 779.1494140626164
1243 4212.737616546288 783.0543088212144
1244 4376.509765625 853.1210937501164
1245 4359.17578125 853.1210937501164
1246 4349.747382171245 857.0259885087144
1247 4345.841796875 866.4541015626164
1248 4345.841796875 873.1210937501164
1249 4357.841796875 873.1210937501164
1250 4359.252417037642 867.5179771922994
1251 4364.509765625 865.12109375
1252 4371.17578125 865.12109375
1253 4376.768721334214 867.7160733850906
1254 4377.841796875 873.78759765625
1255 4376.866004942629 876.1442660896573
1256 4374.509765625 877.12109375
1257 4364.380859375 877.12109375
1258 4364.380859375 889.1210937501164
1259 4373.841796875 889.1210937501164
1260 4375.333181620757 889.4725662915735
1261 4376.509765625 890.4541015626164
1262 4377.13941542702 897.4360695548821
1263 4371.17578125 901.1210937501164
1264 4364.509765625 901.1210937501164
1265 4359.252417478208 898.7242099407595
1266 4357.841796875 893.12109375
1267 4345.841796875 893.12109375
1268 4345.841796875 899.78759765625
1269 4349.74720953466 909.2160263617989
1270 4359.17578125 913.1210937501164
1271 4376.509765625 913.1210937501164
1272 4385.937074753001 909.2153358451324
1273 4389.841796875 899.78759765625
1274 4389.841796875 893.12109375
1275 4386.912866921466 886.0500237034867
1276 4379.841796875 883.12109375
1277 4386.912866921462 880.1921637965133
1278 4389.841796875 873.1210937501164
1279 4389.841796875 866.4541015626164
1280 4385.936902129062 857.026679012808
1281 4425.251953125 853.0629882811336
1282 4413.251953125 853.0629882811336
1283 4413.251953125 896.83349609375
1284 4405.251953125 903.06298828125
1285 4413.251953125 913.06298828125
1286 4425.251953125 913.06298828125
1287 4323.642578125 911.2197265625
1288 4323.642578125 873.2197265626164
1289 4328.408203125 873.2197265626164
1290 4328.408203125 861.2197265626164
1291 4323.642578125 861.2197265626164
1292 4323.642578125 851.2197265626164
1293 4311.642578125 851.2197265626164
1294 4311.642578125 861.2197265626164
1295 4283.642578125 861.2197265626164
1296 4283.642578125 873.2197265626164
1297 4292.837890625 885.69775390625
1298 4300.88671875 879.7656250001164
1299 4296.064453125 873.2197265626164
1300 4311.642578125 873.2197265626164
1301 4311.642578125 894.3623046875
1302 4306.8203125 887.8164062501164
1303 4298.76953125 893.7485351561336
1304 4311.642578125 911.2197265625
1305 4226.6171875 850.88623046875
1306 4226.6171875 862.6674804686336
1307 4255.439453125 887.1376953126164
1308 4257.382504021265 894.517721239361
1309 4251.125 898.88623046875
1310 4245.28515625 898.88623046875
1311 4240.1649481658715 896.5853055394255
1312 4238.6171875 891.1894531251164
1313 4226.6171875 891.1894531251164
1314 4226.6171875 897.5527343751164
1315 4230.522600159704 906.9811630806653
1316 4239.951171875 910.8862304688664
1317 4251.125 910.8862304688664
1318 4268.648031582754 898.6550369493198
1319 4263.20703125 877.98974609375
1320 4245.416015625 862.88623046875
1321 4269.951171875 862.88623046875
1322 4269.951171875 850.88623046875
1323 4161.0 909.0
1324 4173.0 909.0
1325 4173.0 885.0000000001164
1326 4199.0 885.0000000001164
1327 4199.0 909.0
1328 4211.0 909.0
1329 4211.0 849.0
1330 4199.0 849.0
1331 4199.0 873.0
1332 4173.0 873.0
1333 4173.0 849.0
1334 4161.0 849.0
1335 4349.0 792.33349609375
1336 4349.0 825.6669921876164
1337 4352.905585296245 835.0951052415185
1338 4362.333984375 839.0000000001164
1339 4379.666015625 839.0000000001164
1340 4389.094414703755 835.0951052415185
1341 4393.0 825.6669921876164
1342 4393.0 820.39892578125
1343 4381.0 820.39892578125
1344 4379.968374622644 825.0209176605567
1345 4375.666015625 827.0000000001164
1346 4366.333984375 827.0000000001164
1347 4362.562441358572 825.4382491844008
1348 4361.0 821.6669921876164
1349 4361.0 818.33349609375
1350 4362.333251953125 813.666748046875
1351 4367.0 815.0
1352 4367.0 803.0000000001164
1353 4362.181557341057 801.3033863969613
1354 4361.0 796.33349609375
1355 4362.562268438483 792.561923160567
1356 4366.333984375 791.0000000001164
1357 4375.666015625 791.0000000001164
1358 4380.001330321917 792.9987403379055
1359 4381.0 797.6669921876164
1360 4379.209982581015 801.6948095854605
1361 4375.0 803.0000000001164
1362 4375.0 815.0
1363 4379.666015625 815.0
1364 4389.094414703755 811.095105241402
1365 4393.0 801.6669921875
1366 4393.0 792.33349609375
1367 4389.094587340296 782.9050673882011
1368 4379.666015625 779.0
1369 4362.333984375 779.0
1370 4352.905412659704 782.9050673882011
1371 4589.4609375 627.22021484375
1372 4589.4609375 660.55322265625
1373 4593.366350159704 669.9816513617989
1374 4602.794921875 673.88671875
1375 4620.126953125 673.88671875
1376 4629.555524840296 669.9816513617989
1377 4633.4609375 660.55322265625
1378 4633.4609375 655.28564453125
1379 4621.4609375 655.28564453125
1380 4620.429312122644 659.9076364105567
1381 4616.126953125 661.8867187501164
1382 4606.794921875 661.8867187501164
1383 4603.023206217778 660.3247953102691
1384 4601.4609375 656.55322265625
1385 4601.4609375 653.22021484375
1386 4602.794189453125 648.553466796875
1387 4607.4609375 649.88671875
1388 4607.4609375 637.88671875
1389 4602.642494841104 636.1901051468449
1390 4601.4609375 631.22021484375
1391 4603.023205938483 627.448641910567
1392 4606.794921875 625.8867187501164
1393 4616.126953125 625.8867187501164
1394 4620.462021363408 627.8853143800516
1395 4621.4609375 632.55322265625
1396 4619.671105127552 636.5813677376136
1397 4615.4609375 637.88671875
1398 4615.4609375 649.88671875
1399 4620.126953125 649.88671875
1400 4629.555524840296 645.9816513617989
1401 4633.4609375 636.55322265625
1402 4633.4609375 627.22021484375
1403 4629.5555248402525 617.7917861383175
1404 4620.126953125 613.8867187501164
1405 4602.794921875 613.8867187501164
1406 4593.3663501597475 617.7917861383175
1407 4687.51953125 650.68603515625
1408 4689.877032793127 651.6621727036545
1409 4690.853515625 654.01953125
1410 4690.853515625 659.3525390626164
1411 4689.401964347911 662.591883406858
1412 4685.853515625 662.6860351561336
1413 4685.853515625 674.68603515625
1414 4697.85465163381 669.9239768071566
1415 4702.853515625 658.0195312501164
1416 4702.853515625 654.68603515625
1417 4699.924585392142 647.6149653891334
1418 4692.853515625 644.68603515625
1419 4699.924585392146 641.7571049232502
1420 4702.853515625 634.6860351561336
1421 4702.853515625 631.3525390626164
1422 4697.854651633817 619.4480935055763
1423 4685.853515625 614.68603515625
1424 4685.853515625 626.68603515625
1425 4689.40196434801 626.7801869057585
1426 4690.853515625 630.0195312501164
1427 4690.853515625 635.3525390625
1428 4689.877032793127 637.7098976088455
1429 4687.51953125 638.68603515625
1430 4674.1875 638.68603515625
1431 4671.829998456873 637.7098976088455
1432 4670.853515625 635.3525390625
1433 4670.853515625 630.0195312501164
1434 4672.30506690199 626.7801869057585
1435 4675.853515625 626.68603515625
1436 4675.853515625 614.68603515625
1437 4663.852379616183 619.4480935055763
1438 4658.853515625 631.3525390626164
1439 4658.853515625 634.6860351561336
1440 4661.78244557853 641.7571052026469
1441 4668.853515625 644.68603515625
1442 4661.782445578534 647.6149651097367
1443 4658.853515625 654.68603515625
1444 4658.853515625 658.0195312501164
1445 4663.852379043747 669.9239773910958
1446 4675.853515625 674.68603515625
1447 4675.853515625 662.6860351561336
1448 4672.305066902089 662.591883406858
1449 4670.853515625 659.3525390626164
1450 4670.853515625 654.01953125
1451 4671.829998456873 651.6621727036545
1452 4674.1875 650.68603515625
1453 4518.970703125 627.19580078125
1454 4518.970703125 660.529296875
1455 4522.876288421245 669.957409928902
1456 4532.3046875 673.8623046875
1457 4549.63671875 673.8623046875
1458 4559.065117828755 669.957409928902
1459 4562.970703125 660.529296875
1460 4562.970703125 655.2612304686336
1461 4550.970703125 655.2612304686336
1462 4549.939077747607 659.8832223479403
1463 4545.63671875 661.8623046875
1464 4536.3046875 661.8623046875
1465 4532.533144483576 660.3005538719008
1466 4530.970703125 656.5292968751164
1467 4530.970703125 653.19580078125
1468 4532.303955078125 648.529052734375
1469 4536.970703125 649.8623046875
1470 4536.970703125 637.8623046875
1471 4532.152260466104 636.1656910843449
1472 4530.970703125 631.19580078125
1473 4532.532971563483 627.424227848067
1474 4536.3046875 625.8623046876164
1475 4545.63671875 625.8623046876164
1476 4549.972033446869 627.8610450252891
1477 4550.970703125 632.529296875
1478 4549.180685706015 636.557114272844
1479 4544.970703125 637.8623046875
1480 4544.970703125 649.8623046875
1481 4549.63671875 649.8623046875
1482 4559.065117828752 645.9574099290185
1483 4562.970703125 636.5292968751164
1484 4562.970703125 627.19580078125
1485 4559.0652904652525 617.7673720758175
1486 4549.63671875 613.8623046876164
1487 4532.3046875 613.8623046876164
1488 4522.8761157847475 617.7673720758175
1489 4686.509765625 688.12109375
1490 4669.17578125 688.12109375
1491 4659.747382171245 692.025988508598
1492 4655.841796875 701.4541015625
1493 4655.841796875 708.12109375
1494 4667.841796875 708.12109375
1495 4669.252417037649 702.517977192183
1496 4674.509765625 700.12109375
1497 4681.17578125 700.12109375
1498 4686.768721334214 702.7160733850906
1499 4687.841796875 708.78759765625
1500 4686.866004942629 711.1442660896573
1501 4684.509765625 712.12109375
1502 4674.380859375 712.12109375
1503 4674.380859375 724.12109375
1504 4683.841796875 724.12109375
1505 4685.33318162075 724.4725662915735
1506 4686.509765625 725.4541015626164
1507 4687.139415426995 732.4360695547657
1508 4681.17578125 736.12109375
1509 4674.509765625 736.12109375
1510 4669.252417478252 733.724209940643
1511 4667.841796875 728.12109375
1512 4655.841796875 728.12109375
1513 4655.841796875 734.78759765625
1514 4659.74720953466 744.2160263617989
1515 4669.17578125 748.1210937501164
1516 4686.509765625 748.1210937501164
1517 4695.937074753001 744.2153358451324
1518 4699.841796875 734.78759765625
1519 4699.841796875 728.12109375
1520 4696.912866921422 721.0500237036031
1521 4689.841796875 718.1210937501164
1522 4696.91286692151 715.1921637965133
1523 4699.841796875 708.12109375
1524 4699.841796875 701.4541015625
1525 4695.936902129062 692.0266790126916
1526 4735.251953125 688.06298828125
1527 4723.251953125 688.06298828125
1528 4723.251953125 731.83349609375
1529 4715.251953125 738.06298828125
1530 4723.251953125 748.06298828125
1531 4735.251953125 748.06298828125
1532 4633.642578125 746.2197265626164
1533 4633.642578125 708.2197265625
1534 4638.408203125 708.2197265625
1535 4638.408203125 696.2197265625
1536 4633.642578125 696.2197265625
1537 4633.642578125 686.2197265625
1538 4621.642578125 686.2197265625
1539 4621.642578125 696.2197265625
1540 4593.642578125 696.2197265625
1541 4593.642578125 708.2197265625
1542 4602.837890625 720.6977539061336
1543 4610.88671875 714.7656250001164
1544 4606.064453125 708.2197265625
1545 4621.642578125 708.2197265625
1546 4621.642578125 729.3623046875
1547 4616.8203125 722.81640625
1548 4608.76953125 728.74853515625
1549 4621.642578125 746.2197265626164
1550 4536.6171875 685.8862304688664
1551 4536.6171875 697.66748046875
1552 4565.439453125 722.1376953125
1553 4567.382504021298 729.5177212392446
1554 4561.125 733.88623046875
1555 4555.28515625 733.88623046875
1556 4550.164948165864 731.585305539309
1557 4548.6171875 726.189453125
1558 4536.6171875 726.189453125
1559 4536.6171875 732.5527343751164
1560 4540.5226001597075 741.9811630805489
1561 4549.951171875 745.88623046875
1562 4561.125 745.88623046875
1563 4578.648031582703 733.6550369492033
1564 4573.20703125 712.98974609375
1565 4555.416015625 697.88623046875
1566 4579.951171875 697.88623046875
1567 4579.951171875 685.8862304688664
1568 4471.0 744.0
1569 4483.0 744.0
1570 4483.0 720.0
1571 4509.0 720.0
1572 4509.0 744.0
1573 4521.0 744.0
1574 4521.0 684.0000000001164
1575 4509.0 684.0000000001164
1576 4509.0 708.0
1577 4483.0 708.0
1578 4483.0 684.0000000001164
1579 4471.0 684.0000000001164
1580 4619.92578125 831.84619140625
1581 4589.92578125 831.84619140625
1582 4589.92578125 843.8461914063664
1583 4633.92578125 843.8461914063664
1584 4633.92578125 831.84619140625
1585 4613.92578125 783.84619140625
1586 4599.92578125 783.84619140625
1587 4688.51953125 820.68603515625
1588 4690.877032793127 821.6621727036545
1589 4691.853515625 824.01953125
1590 4691.853515625 829.3525390626164
1591 4690.401964347959 832.5918834069744
1592 4686.853515625 832.68603515625
1593 4686.853515625 844.68603515625
1594 4698.85465163381 839.9239768071566
1595 4703.853515625 828.0195312501164
1596 4703.853515625 824.68603515625
1597 4700.924585392142 817.6149653891334
1598 4693.853515625 814.68603515625
1599 4700.924585392142 811.7571049233666
1600 4703.853515625 804.68603515625
1601 4703.853515625 801.3525390625
1602 4698.854651633857 789.4480935053434
1603 4686.853515625 784.6860351561336
1604 4686.853515625 796.68603515625
1605 4690.40196434801 796.7801869057585
1606 4691.853515625 800.0195312501164
1607 4691.853515625 805.3525390625
1608 4690.877032793127 807.7098976088455
1609 4688.51953125 808.68603515625
1610 4675.1875 808.68603515625
1611 4672.829998456873 807.7098976088455
1612 4671.853515625 805.3525390625
1613 4671.853515625 800.0195312501164
1614 4673.30506690199 796.7801869057585
1615 4676.853515625 796.68603515625
1616 4676.853515625 784.6860351561336
1617 4664.852379616143 789.4480935053434
1618 4659.853515625 801.3525390625
1619 4659.853515625 804.68603515625
1620 4662.782445578534 811.7571052027633
1621 4669.853515625 814.68603515625
1622 4662.782445578534 817.6149651097367
1623 4659.853515625 824.68603515625
1624 4659.853515625 828.0195312501164
1625 4664.852379043747 839.9239773910958
1626 4676.853515625 844.68603515625
1627 4676.853515625 832.68603515625
1628 4673.305066902041 832.5918834069744
1629 4671.853515625 829.3525390626164
1630 4671.853515625 824.01953125
1631 4672.829998456873 821.6621727036545
1632 4675.1875 820.68603515625
1633 4519.83203125 797.482421875
1634 4519.83203125 830.81591796875
1635 4523.73744390966 840.2443466742989
1636 4533.166015625 844.1494140626164
1637 4550.498046875 844.1494140626164
1638 4559.92661859034 840.2443466742989
1639 4563.83203125 830.81591796875
1640 4563.83203125 825.54833984375
1641 4551.83203125 825.54833984375
1642 4550.8004058725965 830.1703317229403
1643 4546.498046875 832.1494140625
1644 4537.166015625 832.1494140625
1645 4533.394299967826 830.5874906226527
1646 4531.83203125 826.81591796875
1647 4531.83203125 823.482421875
1648 4533.16552734375 818.81591796875
1649 4537.83203125 820.1494140625
1650 4537.83203125 808.1494140625
1651 4533.013319436195 806.4526786813512
1652 4531.83203125 801.4824218751164
1653 4533.394472329241 797.7111645989353
1654 4537.166015625 796.1494140625
1655 4546.498046875 796.1494140625
1656 4550.833115113452 798.1480096924352
1657 4551.83203125 802.81591796875
1658 4550.042198877552 806.8440630501136
1659 4545.83203125 808.1494140625
1660 4545.83203125 820.1494140625
1661 4550.498046875 820.1494140625
1662 4559.926618590296 816.2443466742989
1663 4563.83203125 806.81591796875
1664 4563.83203125 797.482421875
1665 4559.926445953712 788.0543088212144
1666 4550.498046875 784.1494140626164
1667 4533.166015625 784.1494140626164
1668 4523.737616546288 788.0543088212144
1669 4687.509765625 858.12109375
1670 4670.17578125 858.12109375
1671 4660.747382171241 862.0259885087144
1672 4656.841796875 871.4541015626164
1673 4656.841796875 878.12109375
1674 4668.841796875 878.12109375
1675 4670.252417037696 872.5179771922994
1676 4675.509765625 870.1210937501164
1677 4682.17578125 870.1210937501164
1678 4687.768721334156 872.7160733850906
1679 4688.841796875 878.7875976561336
1680 4687.86600494268 881.1442660896573
1681 4685.509765625 882.1210937501164
1682 4675.380859375 882.1210937501164
1683 4675.380859375 894.12109375
1684 4684.841796875 894.12109375
1685 4686.33318162075 894.4725662915735
1686 4687.509765625 895.4541015626164
1687 4688.13941542702 902.4360695548821
1688 4682.17578125 906.1210937501164
1689 4675.509765625 906.1210937501164
1690 4670.252417478252 903.7242099407595
1691 4668.841796875 898.1210937501164
1692 4656.841796875 898.1210937501164
1693 4656.841796875 904.7875976561336
1694 4660.7472095347 914.2160263616825
1695 4670.17578125 918.12109375
1696 4687.509765625 918.12109375
1697 4696.937074752961 914.2153358448995
1698 4700.841796875 904.7875976561336
1699 4700.841796875 898.1210937501164
1700 4697.91286692147 891.0500237036031
1701 4690.841796875 888.12109375
1702 4697.912866921466 885.1921637965133
1703 4700.841796875 878.12109375
1704 4700.841796875 871.4541015626164
1705 4696.936902129066 862.026679012808
1706 4736.251953125 858.06298828125
1707 4724.251953125 858.06298828125
1708 4724.251953125 901.83349609375
1709 4716.251953125 908.06298828125
1710 4724.251953125 918.06298828125
1711 4736.251953125 918.06298828125
1712 4634.642578125 916.2197265625
1713 4634.642578125 878.2197265625
1714 4639.408203125 878.2197265625
1715 4639.408203125 866.2197265626164
1716 4634.642578125 866.2197265626164
1717 4634.642578125 856.2197265625
1718 4622.642578125 856.2197265625
1719 4622.642578125 866.2197265626164
1720 4594.642578125 866.2197265626164
1721 4594.642578125 878.2197265625
1722 4603.837890625 890.69775390625
1723 4611.88671875 884.7656250001164
1724 4607.064453125 878.2197265625
1725 4622.642578125 878.2197265625
1726 4622.642578125 899.3623046876164
1727 4617.8203125 892.8164062501164
1728 4609.76953125 898.74853515625
1729 4622.642578125 916.2197265625
1730 4537.6171875 855.88623046875
1731 4537.6171875 867.66748046875
1732 4566.439453125 892.1376953125
1733 4568.382504021298 899.5177212392446
1734 4562.125 903.88623046875
1735 4556.28515625 903.88623046875
1736 4551.164948165864 901.585305539309
1737 4549.6171875 896.189453125
1738 4537.6171875 896.189453125
1739 4537.6171875 902.552734375
1740 4541.522600159704 911.9811630805489
1741 4550.951171875 915.88623046875
1742 4562.125 915.88623046875
1743 4579.648031582739 903.6550369490869
1744 4574.20703125 882.9897460936336
1745 4556.416015625 867.88623046875
1746 4580.951171875 867.88623046875
1747 4580.951171875 855.88623046875
1748 4472.0 914.0000000001164
1749 4484.0 914.0000000001164
1750 4484.0 890.0
1751 4510.0 890.0
1752 4510.0 914.0000000001164
1753 4522.0 914.0000000001164
1754 4522.0 854.0
1755 4510.0 854.0
1756 4510.0 878.0000000001164
1757 4484.0 878.0000000001164
1758 4484.0 854.0
1759 4472.0 854.0
1760 3891.8857421875 813.0239868165227
1761 3893.3209605827105 842.4434409192763
1762 3897.6342242909996 871.5803571549477
1763 3904.783955169227 900.1538672632305
1764 3914.7012326611657 927.8885339944391
1765 3927.2904581642106 954.5170062145917
1766 3942.4302765617977 979.7825960638002
1767 3959.974746038377 1003.4417533254018
1768 3979.754744900343 1025.2664131524507
1769 4001.579601841746 1045.0461945220595
1770 4025.238933939723 1062.5904282248812
1771 4050.504674661999 1077.729994840105
1772 4077.1332723373816 1090.3189549793024
1773 4104.868037896795 1100.2359560838668
1774 4133.441619253619 1107.385402215412
1775 4162.578578471239 1111.6983755625552
1776 4191.998046875 1113.13330078125
1777 4525.456380208332 1113.1332600911846
1778 4858.914713541668 1113.1332194010029
1779 5192.373046875 1113.1331787109375
1780 5221.792526672598 1111.69825238036
1781 5250.929496955523 1107.3852756975684
1782 5279.503088724381 1100.2358240708709
1783 5307.237863728333 1090.3188154182862
1784 5333.866469582143 1077.729845825117
1785 5359.1322169386 1062.5902680351865
1786 5382.791553873463 1045.0460216582287
1787 5404.61641363076 1025.2662263683742
1788 5424.396413097129 1003.4415516572772
1789 5441.940880812763 979.7823788544629
1790 5457.080694969722 954.5167731338879
1791 5469.6699136800125 927.8882850543596
1792 5479.587181798339 900.1536028279224
1793 5486.736900738226 871.5800779453712
1794 5491.0501500050195 842.4431480127387
1795 5492.4853515625 813.0236816405086
1796 5491.050851588534 783.603704042267
1797 5486.738204061017 754.4662034055218
1798 5479.588982560552 725.892062928644
1799 5469.6721050161905 698.156735062832
1800 5457.083169342048 671.527586172102
1801 5441.943531880985 646.2613191426499
1802 5424.39913753908 622.6014987876406
1803 5404.619112888282 600.776203901507
1804 5382.794135799661 580.9958285983885
1805 5359.134597323824 563.4510541294003
1806 5333.868573537857 548.3110107311513
1807 5307.239626910003 535.7216472228756
1808 5279.504458376756 525.8043240716215
1809 5250.93043276617 518.6546434870688
1810 5221.793001422091 514.3415278240573
1811 5192.373046875 512.9065551757812
1812 4858.914713541668 512.9066365560284
1813 4525.456380208332 512.9067179361591
1814 4191.998046875 512.9067993164062
1815 4162.578088529859 514.3417723352322
1816 4133.4406534972295 518.6548891101265
1817 4104.866624415852 525.8045715262415
1818 4077.1314527343166 535.7218971934635
1819 4050.5025033802194 548.311263853102
1820 4025.236477382776 563.451310976292
1821 4001.576937294576 580.9960896699922
1822 3979.7519592672834 600.776469613309
1823 3959.971934415007 622.6017694608308
1824 3942.427540660101 646.261594996322
1825 3927.2879046126327 671.5278673162684
1826 3914.698971202819 698.1570214935346
1827 3904.782096783103 725.8923545244616
1828 3897.632879262226 754.4664999261731
1829 3893.320236548705 783.6040051284945
1830 6636.914062499996 289.3203430175781
1831 6613.6498550953365 295.54820909933187
1832 6596.621404960937 312.57881531631574
1833 6590.396484374996 335.84381103515625
1834 6596.624031529598 359.1054784556618
1835 6613.652129534563 376.13285033393186
1836 6636.914062499996 382.35940551769454
1837 6660.176004280136 376.13284525228664
1838 6677.204103649736 359.1054608382983
1839 6683.431640624996 335.8437805175781
1840 6677.206709857401 312.5787976993015
1841 6660.178261088058 295.5482040188508
1842 8044.006835937496 1555.9921875
1843 8037.003906249996 1555.9921875
1844 8029.927549011332 1558.9224993179087
1845 8027.000000000011 1566.0
1846 7643.522786458339 1566.0000813802471
1847 7260.045572916668 1566.0001627603779
1848 6876.568359374996 1566.000244140625
1849 6876.568237304684 1176.8518016338348
1850 6876.568115234371 787.7033591270447
1851 6876.567993164059 398.5549166202545
1852 6876.567871093746 9.406474113464355
1853 7260.045084635411 9.406399408937432
1854 7643.522298177082 9.406324704526924
1855 8026.999511718746 9.40625
1856 8029.929825514384 16.47869800508488
1857 8037.003417968746 19.406248092651367
1858 8044.006347656261 19.40624618541915
1859 8044.006469726566 403.55273151409347
1860 8044.006591796879 787.6992168427678
1861 8044.006713867191 1171.8457021713257
1862 9224.007812499996 1556.59375
1863 9217.004882812496 1556.59375
1864 9209.931289683645 1559.521300761844
1865 9207.000976562496 1566.5937500001164
1866 8823.52360026041 1566.5939127604943
1867 8440.046223958332 1566.5940755208721
1868 8056.568847656246 1566.59423828125
1869 8056.568725585934 1177.4458124637604
1870 8056.568603515621 788.2973866462708
1871 8056.568481445309 399.1489608287811
1872 8056.568359374996 10.000535011291504
1873 8440.04557291666 10.000356674194336
1874 8823.522786458332 10.000178337097168
1875 9206.999999999996 10.0
1876 9209.927550361685 17.077498215367086
1877 9217.003906249996 20.007808685302734
1878 9224.006835937496 20.00780487060547
1879 9224.007080078121 404.1542911529541
1880 9224.007324218746 788.3007774353027
1881 9224.007568359371 1172.4472637176514
GTSP_SET_SECTION
1 1 -1
2 2 3 4 5 6 7 8 -1
3 9 10 11 12 13 14 15 -1
4 16 17 18 19 20 21 22 23 24 25 -1
5 26 27 28 29 30 31 32 -1
6 33 34 35 36 37 38 39 -1
7 40 41 42 43 44 45 46 47 48 49 -1
8 50 51 52 53 54 55 56 -1
9 57 58 59 60 61 62 63 -1
10 64 65 66 67 -1
11 68 69 70 71 72 73 74 75 76 77 78 79 80 81 82 83 84 85 86 87 88 89 90 91 92 93 94 95 96 97 98 99 100 101 102 103 -1
12 104 105 106 107 108 109 110 111 112 113 114 115 116 117 118 119 120 121 122 123 124 125 126 127 128 129 130 131 132 133 134 135 136 137 138 139 -1
13 140 141 142 143 144 145 146 147 148 149 150 151 152 153 154 155 156 157 158 159 160 161 162 163 164 165 166 167 168 169 170 171 172 173 174 175 176 -1
14 177 178 179 180 181 182 -1
15 183 184 185 186 187 188 189 190 191 192 193 194 195 196 197 198 199 200 -1
16 201 202 203 204 205 206 207 208 209 210 211 212 213 214 215 216 217 218 -1
17 219 220 221 222 223 224 225 226 227 228 229 230 -1
18 231 232 233 234 235 236 237 238 239 240 241 242 243 244 245 246 247 248 249 250 251 252 253 254 255 256 257 258 259 260 261 262 263 264 265 266 -1
19 267 268 269 270 -1
20 271 272 273 274 275 276 277 -1
21 278 279 280 281 282 283 284 285 286 287 288 289 290 291 292 293 294 295 296 297 298 299 300 301 302 303 304 305 306 307 308 309 310 311 312 313 -1
22 314 315 316 317 318 319 320 321 322 323 324 325 326 327 328 329 330 331 332 333 334 335 336 337 338 339 340 341 342 343 344 345 346 347 348 349 350 -1
23 351 352 353 354 355 356 -1
24 357 358 359 360 361 362 363 364 365 366 367 368 369 370 371 372 373 374 -1
25 375 376 377 378 379 380 381 382 383 384 385 386 387 388 389 390 391 392 -1
26 393 394 395 396 397 398 399 400 401 402 403 404 -1
27 405 406 407 408 409 410 411 412 413 414 415 416 417 418 419 420 421 422 423 424 425 426 427 428 429 430 431 432 433 434 435 436 437 438 439 440 -1
28 441 442 443 444 -1
29 445 446 447 448 449 450 451 452 453 454 455 456 457 458 459 460 461 462 463 464 465 466 467 468 469 470 471 472 473 474 475 476 477 478 479 480 -1
30 481 482 483 484 485 486 487 488 489 490 491 492 493 494 495 496 497 498 499 500 501 502 503 504 505 506 507 508 509 510 511 512 513 514 515 516 517 518 519 520 521 522 523 524 525 526 -1
31 527 528 529 530 531 532 533 534 535 536 537 538 539 540 541 542 543 544 545 546 547 548 549 550 551 552 553 554 555 556 557 558 559 560 561 562 -1
32 563 564 565 566 567 568 569 570 571 572 573 574 575 576 577 578 579 580 581 582 583 584 585 586 587 588 589 590 591 592 593 594 595 596 597 598 599 -1
33 600 601 602 603 604 605 -1
34 606 607 608 609 610 611 612 613 614 615 616 617 618 619 620 621 622 623 -1
35 624 625 626 627 628 629 630 631 632 633 634 635 636 637 638 639 640 641 -1
36 642 643 644 645 646 647 648 649 650 651 652 653 -1
37 654 655 656 657 -1
38 658 659 660 661 662 663 664 -1
39 665 666 667 668 669 670 671 672 673 674 675 676 677 678 679 680 681 682 683 684 685 686 687 688 689 690 691 692 693 694 695 696 697 698 699 700 701 702 703 704 705 706 707 708 709 710 -1
40 711 712 713 714 715 716 717 718 719 720 721 722 723 724 725 726 727 728 729 730 731 732 733 734 735 736 737 738 739 740 741 742 743 744 745 746 -1
41 747 748 749 750 751 752 753 754 755 756 757 758 759 760 761 762 763 764 765 766 767 768 769 770 771 772 773 774 775 776 777 778 779 780 781 782 783 -1
42 784 785 786 787 788 789 -1
43 790 791 792 793 794 795 796 797 798 799 800 801 802 803 804 805 806 807 -1
44 808 809 810 811 812 813 814 815 816 817 818 819 820 821 822 823 824 825 -1
45 826 827 828 829 830 831 832 833 834 835 836 837 -1
46 838 839 840 841 842 843 844 845 846 847 848 849 850 851 852 853 854 855 856 857 858 859 860 861 862 863 864 865 866 867 868 869 870 871 872 873 874 875 876 877 878 -1
47 879 880 881 882 883 884 885 886 887 888 889 890 891 892 893 894 895 896 897 898 899 900 901 902 903 904 905 906 907 908 909 910 911 912 913 914 915 916 917 918 919 920 921 922 923 924 925 926 927 928 929 930 931 932 933 934 935 936 937 938 939 940 941 942 943 944 945 946 947 948 -1
48 949 950 951 952 953 954 955 956 957 958 959 960 -1
49 961 962 963 964 965 966 967 968 969 970 971 972 973 974 975 976 977 978 979 980 981 982 983 984 985 986 987 988 989 990 991 992 993 994 995 996 997 998 999 1000 1001 -1
50 1002 1003 1004 1005 1006 1007 1008 1009 1010 1011 1012 1013 1014 1015 1016 1017 1018 1019 1020 1021 1022 1023 1024 1025 1026 1027 1028 1029 1030 1031 1032 1033 1034 1035 1036 1037 -1
51 1038 1039 1040 1041 1042 1043 1044 1045 1046 1047 1048 1049 1050 1051 1052 1053 1054 1055 1056 1057 1058 1059 1060 1061 1062 1063 1064 1065 1066 1067 1068 1069 1070 1071 1072 1073 -1
52 1074 1075 1076 1077 1078 1079 1080 1081 1082 1083 1084 1085 1086 1087 1088 1089 1090 1091 1092 1093 1094 1095 1096 1097 1098 1099 1100 1101 1102 1103 1104 1105 1106 1107 1108 1109 1110 -1
53 1111 1112 1113 1114 1115 1116 -1
54 1117 1118 1119 1120 1121 1122 1123 1124 1125 1126 1127 1128 1129 1130 1131 1132 1133 1134 -1
55 1135 1136 1137 1138 1139 1140 1141 1142 1143 1144 1145 1146 1147 1148 1149 1150 1151 1152 -1
56 1153 1154 1155 1156 1157 1158 1159 1160 1161 1162 1163 1164 -1
57 1165 1166 1167 1168 1169 1170 1171 1172 1173 1174 1175 1176 1177 1178 1179 1180 1181 1182 1183 1184 1185 1186 1187 1188 1189 1190 1191 1192 1193 1194 1195 1196 1197 1198 1199 1200 -1
58 1201 1202 1203 1204 1205 1206 1207 -1
59 1208 1209 1210 1211 1212 1213 1214 1215 1216 1217 1218 1219 1220 1221 1222 1223 1224 1225 1226 1227 1228 1229 1230 1231 1232 1233 1234 1235 1236 1237 1238 1239 1240 1241 1242 1243 -1
60 1244 1245 1246 1247 1248 1249 1250 1251 1252 1253 1254 1255 1256 1257 1258 1259 1260 1261 1262 1263 1264 1265 1266 1267 1268 1269 1270 1271 1272 1273 1274 1275 1276 1277 1278 1279 1280 -1
61 1281 1282 1283 1284 1285 1286 -1
62 1287 1288 1289 1290 1291 1292 1293 1294 1295 1296 1297 1298 1299 1300 1301 1302 1303 1304 -1
63 1305 1306 1307 1308 1309 1310 1311 1312 1313 1314 1315 1316 1317 1318 1319 1320 1321 1322 -1
64 1323 1324 1325 1326 1327 1328 1329 1330 1331 1332 1333 1334 -1
65 1335 1336 1337 1338 1339 1340 1341 1342 1343 1344 1345 1346 1347 1348 1349 1350 1351 1352 1353 1354 1355 1356 1357 1358 1359 1360 1361 1362 1363 1364 1365 1366 1367 1368 1369 1370 -1
66 1371 1372 1373 1374 1375 1376 1377 1378 1379 1380 1381 1382 1383 1384 1385 1386 1387 1388 1389 1390 1391 1392 1393 1394 1395 1396 1397 1398 1399 1400 1401 1402 1403 1404 1405 1406 -1
67 1407 1408 1409 1410 1411 1412 1413 1414 1415 1416 1417 1418 1419 1420 1421 1422 1423 1424 1425 1426 1427 1428 1429 1430 1431 1432 1433 1434 1435 1436 1437 1438 1439 1440 1441 1442 1443 1444 1445 1446 1447 1448 1449 1450 1451 1452 -1
68 1453 1454 1455 1456 1457 1458 1459 1460 1461 1462 1463 1464 1465 1466 1467 1468 1469 1470 1471 1472 1473 1474 1475 1476 1477 1478 1479 1480 1481 1482 1483 1484 1485 1486 1487 1488 -1
69 1489 1490 1491 1492 1493 1494 1495 1496 1497 1498 1499 1500 1501 1502 1503 1504 1505 1506 1507 1508 1509 1510 1511 1512 1513 1514 1515 1516 1517 1518 1519 1520 1521 1522 1523 1524 1525 -1
70 1526 1527 1528 1529 1530 1531 -1
71 1532 1533 1534 1535 1536 1537 1538 1539 1540 1541 1542 1543 1544 1545 1546 1547 1548 1549 -1
72 1550 1551 1552 1553 1554 1555 1556 1557 1558 1559 1560 1561 1562 1563 1564 1565 1566 1567 -1
73 1568 1569 1570 1571 1572 1573 1574 1575 1576 1577 1578 1579 -1
74 1580 1581 1582 1583 1584 1585 1586 -1
75 1587 1588 1589 1590 1591 1592 1593 1594 1595 1596 1597 1598 1599 1600 1601 1602 1603 1604 1605 1606 1607 1608 1609 1610 1611 1612 1613 1614 1615 1616 1617 1618 1619 1620 1621 1622 1623 1624 1625 1626 1627 1628 1629 1630 1631 1632 -1
76 1633 1634 1635 1636 1637 1638 1639 1640 1641 1642 1643 1644 1645 1646 1647 1648 1649 1650 1651 1652 1653 1654 1655 1656 1657 1658 1659 1660 1661 1662 1663 1664 1665 1666 1667 1668 -1
77 1669 1670 1671 1672 1673 1674 1675 1676 1677 1678 1679 1680 1681 1682 1683 1684 1685 1686 1687 1688 1689 1690 1691 1692 1693 1694 1695 1696 1697 1698 1699 1700 1701 1702 1703 1704 1705 -1
78 1706 1707 1708 1709 1710 1711 -1
79 1712 1713 1714 1715 1716 1717 1718 1719 1720 1721 1722 1723 1724 1725 1726 1727 1728 1729 -1
80 1730 1731 1732 1733 1734 1735 1736 1737 1738 1739 1740 1741 1742 1743 1744 1745 1746 1747 -1
81 1748 1749 1750 1751 1752 1753 1754 1755 1756 1757 1758 1759 -1
82 1760 1761 1762 1763 1764 1765 1766 1767 1768 1769 1770 1771 1772 1773 1774 1775 1776 1777 1778 1779 1780 1781 1782 1783 1784 1785 1786 1787 1788 1789 1790 1791 1792 1793 1794 1795 1796 1797 1798 1799 1800 1801 1802 1803 1804 1805 1806 1807 1808 1809 1810 1811 1812 1813 1814 1815 1816 1817 1818 1819 1820 1821 1822 1823 1824 1825 1826 1827 1828 1829 -1
83 1830 1831 1832 1833 1834 1835 1836 1837 1838 1839 1840 1841 -1
84 1842 1843 1844 1845 1846 1847 1848 1849 1850 1851 1852 1853 1854 1855 1856 1857 1858 1859 1860 1861 -1
85 1862 1863 1864 1865 1866 1867 1868 1869 1870 1871 1872 1873 1874 1875 1876 1877 1878 1879 1880 1881 -1
GTSP_SET_ORDERING
2 47 46 -1
3 47 46 -1
4 47 46 -1
5 47 46 -1
6 47 46 -1
7 47 46 -1
8 47 46 -1
9 47 46 -1
10 82 49 -1
11 10 82 49 -1
12 10 82 49 -1
13 10 82 49 -1
14 10 82 49 -1
15 10 82 49 -1
16 10 82 49 -1
17 10 82 49 -1
18 10 82 49 -1
19 82 49 -1
20 19 82 49 -1
21 19 82 49 -1
22 19 82 49 -1
23 19 82 49 -1
24 19 82 49 -1
25 19 82 49 -1
26 19 82 49 -1
27 19 82 49 -1
28 82 49 -1
29 28 82 49 -1
30 28 82 49 -1
31 28 82 49 -1
32 28 82 49 -1
33 28 82 49 -1
34 28 82 49 -1
35 28 82 49 -1
36 28 82 49 -1
37 82 49 -1
38 37 82 49 -1
39 37 82 49 -1
40 37 82 49 -1
41 37 82 49 -1
42 37 82 49 -1
43 37 82 49 -1
44 37 82 49 -1
45 37 82 49 -1
47 46 -1
48 46 -1
50 49 -1
51 49 -1
52 49 -1
53 49 -1
54 49 -1
55 49 -1
56 49 -1
57 49 -1
58 49 -1
59 49 -1
60 49 -1
61 49 -1
62 49 -1
63 49 -1
64 49 -1
65 49 -1
66 49 -1
67 49 -1
68 49 -1
69 49 -1
70 49 -1
71 49 -1
72 49 -1
73 49 -1
74 49 -1
75 49 -1
76 49 -1
77 49 -1
78 49 -1
79 49 -1
80 49 -1
81 49 -1
82 49 -1
83 49 -1
EOF