NAME: Lc86v1866
TYPE: PCGTSP 
COMMENT: 
DIMENSION: 1867
GTSP_SETS: 87
EDGE_WEIGHT_TYPE: EUC_2D
NODE_COORD_SECTION
1 0.0 0.0
2 2226.0 539.0000000001164
3 2077.0 539.0000610351562
4 2059.3223304702915 531.6777305648429
5 2052.0 514.0000610350398
6 2052.0 439.0000610349234
7 2211.0 438.99999999976717
8 2226.0 454.00000000023283
9 2217.0700683593677 1833.9919433591422
10 2052.0080566406177 1999.0539550782414
11 2037.0 1999.0539550782414
12 2037.0 1854.0000000002328
13 2061.7637745281027 1843.7498195382068
14 2072.01611328125 1818.9869384765625
15 2217.0700683593677 1818.9869384765625
16 2235.0 2024.9998779294547
17 2227.67771268827 2042.6776263712673
18 2210.0 2050.0000000001164
19 2107.0 2050.0000000001164
20 2107.0 1958.0
21 2122.0 1942.9999999998836
22 2235.0 1942.9998779296875
23 2257.0 1784.0009765623836
24 2249.6776695297085 1801.6786460921867
25 2232.0 1809.0009765625
26 2144.0 1809.0009765625
27 2144.0 1663.9999999997672
28 2159.0 1649.0
29 2222.0 1649.0
30 2249.677734375 1676.6777343752328
31 2255.096843823023 1684.7879044081783
32 2257.0 1694.3544921875
33 2367.0 1825.0000000001164
34 2282.0 1825.0000000001164
35 2267.0 1810.0
36 2267.0 1649.0
37 2342.0 1649.0
38 2359.6776695297085 1656.3223304703133
39 2367.0 1674.0000000001164
40 2478.0 1825.0000000001164
41 2403.0 1825.0000000001164
42 2385.322330470335 1817.677669529803
43 2378.0 1800.0000000001164
44 2378.0 1649.0
45 2463.0 1649.0
46 2478.0 1663.9999999997672
47 2588.0 1825.0000000001164
48 2503.0 1825.0000000001164
49 2488.0 1810.0
50 2488.0 1649.0
51 2563.0 1649.0
52 2580.6776695297085 1656.3223304703133
53 2588.0 1674.0000000001164
54 2899.999999999989 2167.0000000001164
55 2885.0 2181.999999999767
56 2756.0 2181.999999999767
57 2756.0 2097.0
58 2763.322330470386 2079.3223304704297
59 2781.0 2072.000000000233
60 2854.64453125 2072.000000000233
61 2864.216748733492 2073.9050828045
62 2872.330078124989 2079.330078125
63 2899.999999999989 2107.0000000001164
64 1307.0 1884.0
65 947.0 1884.0
66 587.0 1884.0
67 587.0 1773.9999999998836
68 947.0 1773.9999999998836
69 1307.0 1773.9999999998836
70 1303.0 1908.9999999998836
71 1069.1730957031177 2044.0000000001164
72 797.8268432617188 2044.0000000001164
73 564.0 1908.9999999998836
74 564.0 1894.0
75 933.5 1894.0
76 1303.0 1894.0
77 1523.0 1447.999877929571
78 1515.6777126882225 1465.6776263712673
79 1498.0 1473.0
80 1347.0 1473.0
81 1347.0 1388.0000000001164
82 1362.0 1373.0000000002328
83 1523.0 1372.9998779296875
84 2719.0 1832.9999999998836
85 2609.0 1832.9999999998836
86 2609.0 1537.0
87 2609.0 1241.0
88 2719.0 1241.0
89 2719.0 1537.0
90 2598.8181152343786 1624.368896484375
91 2583.8142089843677 1639.3748779296875
92 2176.8591308593677 1639.3750000001164
93 2161.580078125 1624.370971679571
94 2152.920043945316 1139.1875
95 2144.2600097656286 654.0040283205453
96 2159.0 639.0000000001164
97 2583.81396484375 638.9999389648438
98 2598.8181152343786 654.0059204102727
99 2598.8181152343786 1139.1874084472656
100 2719.0 1231.0000000001164
101 2609.0 1231.0000000001164
102 2608.999877929684 935.0000305175781
103 2608.9997558593677 639.0000610350398
104 2718.9997558593677 639.0000000001164
105 2718.999877929684 935.0000000001164
106 1324.0 641.9999999998836
107 1090.1732177734375 777.0000610351562
108 797.2976684570276 777.0001831054688
109 563.4707641601599 642.0003051757812
110 562.0 627.0003051757812
111 943.0 627.0001525878906
112 1324.0 627.0
113 1280.0 602.0000000002328
114 1254.0192871093677 617.0000000002328
115 944.500061035149 617.0001220705453
116 634.9808349609302 617.0002441407414
117 609.000061035149 602.0002441405086
118 609.0 482.000244140625
119 624.0 467.0002441407414
120 944.5 467.0001220703125
121 1265.0 466.9999999998836
122 1280.0 482.00000000023283
123 1531.0 1060.9999999998836
124 1382.0 1060.9999999998836
125 1364.3223736285727 1053.677712688106
126 1357.0 1036.0001220703125
127 1357.0 961.0000610351562
128 1516.0 961.0
129 1531.0 976.0
130 3105.0 1801.9999999998836
131 3090.0 1817.0
132 2944.9990234375 1817.0
133 2944.9990234375 1729.0000000002328
134 2952.3213539078315 1711.3223304705461
135 2969.9990234375 1704.0000000001164
136 3059.6455078125 1704.0000000001164
137 3069.212095591898 1705.903156176908
138 3077.322265625 1711.3222656248836
139 3105.0 1739.0000000001164
140 3688.0 1175.0
141 3673.0 1190.0
142 3564.999999999989 1190.0001220703125
143 3538.0 1143.2347412109375
144 3537.9997558593677 787.0000610350398
145 3535.117537500886 757.7365213881712
146 3526.581668218172 729.5975649236934
147 3512.720176511386 703.6645553993294
148 3494.0657514581217 680.9340833130991
149 3471.3352717814378 662.2796675090212
150 3445.402256616817 648.4181863544509
151 3417.2632966789715 639.8823285214603
152 3387.9997558593677 637.0001220704289
153 3387.9997558593677 622.0001220704289
154 3672.9997558593677 621.9999999998836
155 3687.9997558593677 637.0000000002328
156 3687.999877929684 906.0000000001164
157 3634.0 1253.0
158 3349.0 1253.0
159 3333.999999999989 1238.0
160 3333.999999999989 959.0
161 3333.999999999989 680.0000000001164
162 3349.0 665.0
163 3457.0 665.0
164 3484.0 711.7653198244516
165 3484.0 1088.0
166 3486.882207939514 1117.2635483024642
167 3495.4180701233054 1145.4025148547953
168 3509.2795581546197 1171.3355349529302
169 3527.933982822018 1194.0660171780037
170 3550.664465047059 1212.720441845362
171 3576.5974851452374 1226.581929876702
172 3604.7364516975795 1235.1177920604823
173 3634.0 1238.0
174 5840.999999999996 2001.0000000001164
175 5607.1728515625 2136.0000000001164
176 5171.615193684895 2136.0000000001164
177 4736.057535807289 2136.0000000001164
178 4300.499877929684 2136.0000000001164
179 3864.9422200520785 2136.0000000001164
180 3429.384562174473 2136.0000000001164
181 2993.8269042968677 2136.0000000001164
182 2760.0 2001.0000000001164
183 2760.0 1985.9999999996508
184 3200.142857142855 1985.9999999996508
185 3640.2857142857138 1985.9999999996508
186 4080.428571428569 1985.9999999996508
187 4520.5714285714275 1985.9999999996508
188 4960.714285714283 1985.9999999996508
189 5400.857142857141 1985.9999999996508
190 5840.999999999996 1985.9999999996508
191 5848.999999999996 2179.9997558597242
192 5841.677755846915 2197.6775832133135
193 5823.999999999996 2205.0
194 5734.355468749996 2205.0
195 5724.785803518247 2203.0959737943485
196 5716.673828124996 2197.6738281251164
197 5689.0 2170.0
198 5689.0 2107.0000000001164
199 5703.999999999989 2091.9999999998836
200 5848.999999999996 2091.9997558592586
201 5839.999999999996 2295.999999999767
202 5399.857142857141 2296.000174385961
203 4959.714285714283 2296.000348772155
204 4519.5714285714275 2296.000523158349
205 4079.428571428569 2296.0006975446595
206 3639.2857142857138 2296.0008719308535
207 3199.1428571428587 2296.0010463170474
208 2759.0 2296.0012207032414
209 2759.0 2281.0012207032414
210 2992.8271484375 2146.001220702892
211 3428.384765625 2146.001017252449
212 3863.9423828125 2146.0008138018893
213 4299.5 2146.000610351446
214 4735.0576171875 2146.000406901003
215 5170.615234375 2146.000203450443
216 5606.1728515625 2146.0
217 5839.999999999996 2281.000000000233
218 5840.999999999996 2320.9999999998836
219 5607.17333984375 2456.0000000001164
220 5171.615641276043 2456.000203450676
221 4736.057942708332 2456.0004069011193
222 4300.500244140625 2456.000610351679
223 3864.942545572918 2456.0008138022386
224 3429.384847005207 2456.001017252682
225 2993.8271484375 2456.0012207032414
226 2760.0 2321.001220703358
227 2760.0 2306.0012207030086
228 3200.142857142855 2306.0010463168146
229 3640.2857142857138 2306.000871930737
230 4080.428571428569 2306.000697544543
231 4520.5714285714275 2306.0005231584655
232 4960.714285714283 2306.0003487722715
233 5400.857142857141 2306.000174386194
234 5840.999999999996 2306.0
235 5906.999999999996 2471.0000000001164
236 5751.999999999996 2471.0000000001164
237 5736.999999999996 2456.0000000001164
238 5736.999999999996 2405.999999999767
239 5764.677734374996 2378.3222656251164
240 5772.788355521687 2372.902969324845
241 5782.355468749996 2370.9999999996508
242 5881.999999999996 2370.9999999996508
243 5899.677669529756 2378.3223304700805
244 5906.999999999996 2396.0
245 5136.0 1312.0
246 5121.0 1312.0
247 5121.0 942.5
248 5121.0 572.9999999998836
249 5136.0 572.9999999998836
250 5271.0 806.8268432617188
251 5271.0 1078.1730957030086
252 5031.0 1294.0000000002328
253 4946.0 1294.0000000002328
254 4935.748737341528 1269.2512626587413
255 4911.0 1259.0000000002328
256 4911.0 959.5000000002328
257 4911.0 660.0000000001164
258 4926.0 645.0000000001164
259 5111.0 644.9999389648438
260 5111.0 659.9999389648438
261 5106.0 662.8867187501164
262 5084.581858799029 677.8838626383804
263 5066.093333955087 696.372387360665
264 5051.0961899258145 717.7905284629669
265 5040.046107332197 741.4875065822853
266 5033.278837333808 766.7433010477107
267 5031.0 792.79052734375
268 5031.0 1043.3952636719914
269 5687.0 1801.0
270 5672.0 1816.0000000001164
271 5527.0 1816.0000000001164
272 5527.0 1727.9999999998836
273 5534.322330470382 1710.3223304703133
274 5552.0 1703.0
275 5641.64453125 1703.0
276 5651.217386835251 1704.9053469100036
277 5659.3310546875 1710.3310546875
278 5687.0 1738.0
279 6874.999999999996 1320.9999999997672
280 6789.999999999996 1320.9999999997672
281 6774.999999999996 1305.9999999998836
282 6774.999999999996 1144.9999999998836
283 6849.999999999996 1144.9999999998836
284 6867.677669529705 1152.3223304703133
285 6874.999999999996 1170.0000000001164
286 6749.999999999996 1247.0000000001164
287 6729.46371654289 1255.0682677247096
288 6719.999999999996 1275.0000000002328
289 6619.999999999996 1275.0000000002328
290 6599.999999999996 1242.3588867186336
291 6599.999999999996 884.9999694824219
292 6599.999999999996 527.6410522462102
293 6619.999999999996 493.0000305175781
294 6719.999999999996 492.9999999998836
295 6728.7867965644 514.2132034355309
296 6749.999999999996 522.9999999998836
297 6749.999999999996 885.0
298 6884.999999999996 1135.0000000002328
299 6774.999999999996 1135.0000000002328
300 6774.999755859371 814.0000305175781
301 6774.999511718746 493.00006103503983
302 6884.999511718746 492.9999999998836
303 6884.999755859371 814.0
304 6783.999999999996 470.00000000023283
305 6670.999999999996 470.00000000023283
306 6655.999999999996 455.0000000001164
307 6655.999999999996 362.9999999998836
308 6758.999999999996 362.9999999998836
309 6776.677669529654 370.3223304700805
310 6783.999999999996 387.99999999976717
311 6645.999999999996 468.0
312 6630.999999999996 483.0
313 6517.999999999996 483.00006103515625
314 6517.999999999996 401.00006103515625
315 6525.322319680727 383.3223717774963
316 6542.999999999996 376.0000305174617
317 6645.999999999996 375.99999999965075
318 6588.999999999996 1268.0000000001164
319 6573.999999999996 1283.0
320 6485.999999999996 1283.0
321 6438.999999999996 1201.5936279296875
322 6438.999755859371 847.2968444824219
323 6438.999511718746 493.00006103503983
324 6573.999511718746 492.9999999998836
325 6588.999511718746 506.0000000001164
326 6588.999755859371 887.0000000001164
327 6592.322265624996 1385.677734375
328 6584.211644478262 1391.0970306750387
329 6574.644531249996 1393.0
330 6474.999999999996 1393.0
331 6457.322373628518 1385.677712688106
332 6449.999999999996 1368.000122070196
333 6449.999999999996 1293.0001220705453
334 6604.999999999996 1292.9999999998836
335 6619.999999999996 1307.9999999997672
336 6619.999999999996 1358.0
337 6705.999999999996 1512.0000000001164
338 6602.999999999996 1512.0000000001164
339 6585.3223304703315 1504.6776695296867
340 6577.999999999996 1487.0
341 6577.999999999996 1405.0
342 6690.999999999996 1405.0
343 6705.999999999996 1420.0000000002328
344 8232.999999999996 2422.000000000233
345 7810.165332031243 2422.000000000233
346 7387.330664062498 2422.000000000233
347 6964.495996093745 2422.000000000233
348 6541.661328124999 2422.000000000233
349 6118.826660156246 2422.000000000233
350 5884.999999999996 2287.0
351 5884.999999999996 2272.0
352 6347.599999999995 2272.0
353 6810.199999999993 2272.0
354 7272.799999999999 2272.0
355 7735.399999999998 2272.0
356 8197.999999999996 2272.0
357 8208.251262658468 2296.7487373414915
358 8232.999999999996 2307.0
359 8252.999999999996 2262.0000000001164
360 7826.165332031243 2262.0000000001164
361 7399.330664062498 2262.0000000001164
362 6972.495996093745 2262.0000000001164
363 6545.661328124999 2262.0000000001164
364 6118.826660156246 2262.0000000001164
365 5884.999999999996 2126.9999999998836
366 5884.999999999996 2111.9999999998836
367 6351.599999999995 2111.9999999998836
368 6818.199999999993 2111.9999999998836
369 7284.799999999999 2111.9999999998836
370 7751.399999999998 2111.9999999998836
371 8217.999999999996 2111.9999999998836
372 8228.251262658512 2136.748737341375
373 8252.999999999996 2146.999999999767
374 8252.999999999996 2102.0
375 7826.165332031243 2102.0
376 7399.330664062498 2102.0
377 6972.495996093745 2102.0
378 6545.661328124999 2102.0
379 6118.826660156246 2102.0
380 5884.999999999996 1967.0000000001164
381 5884.999999999996 1952.0000000002328
382 6351.599999999995 1952.0000000002328
383 6818.199999999993 1952.0000000002328
384 7284.799999999999 1952.0000000002328
385 7751.399999999998 1952.0000000002328
386 8217.999999999996 1952.0000000002328
387 8228.251262658563 1976.748737341608
388 8252.999999999996 1986.9999999998836
389 8439.999999999996 1321.9999999998836
390 8354.999999999996 1321.9999999998836
391 8339.999999999996 1306.9999999998836
392 8339.999999999996 1145.9999999996508
393 8414.999999999996 1145.9999999996508
394 8432.677669529756 1153.3223304700805
395 8439.999999999996 1171.0
396 8449.999999999996 1135.9999999998836
397 8339.999999999996 1135.9999999998836
398 8339.999999999996 815.0000305174617
399 8339.999999999996 494.00006103503983
400 8449.999999999996 494.0
401 8449.999999999996 815.0
402 8313.999999999996 1245.9999999997672
403 8292.786796564349 1254.7867965642363
404 8283.999999999996 1276.0
405 8183.999999999996 1276.0001220700797
406 8163.999999999996 1241.359008788946
407 8163.999755859371 884.0000915527344
408 8163.999511718746 526.6411743164062
409 8183.999511718746 494.00006103503983
410 8283.999999999996 494.0
411 8293.46371654289 513.9317322755232
412 8313.999999999996 522.0000000001164
413 8313.999999999996 884.0
414 8154.999999999996 1256.0
415 8134.46371654289 1264.0682677245932
416 8124.999999999996 1284.0
417 8034.999999999996 1284.0
418 8004.999999999996 1234.038452148321
419 8004.999999999996 904.7224426268367
420 8004.999999999996 575.4064331053523
421 8051.999999999996 494.0000305173453
422 8139.999999999996 494.0
423 8154.999999999996 508.9999999998836
424 8154.999999999996 882.5
425 10239.459960937496 1281.2626953123836
426 10224.454101562496 1296.2685546875
427 9931.344238281246 1296.2685546875
428 9638.234374999996 1296.2685546875
429 9623.228515624996 1281.2626953123836
430 9623.228515624996 1186.1875
431 9647.387143031952 1178.8489422800485
432 9664.879869478766 1160.6418494572863
433 9671.246093749996 1136.2089843751164
434 9664.550785831281 1111.1953708973015
435 9646.241021817612 1092.885249403771
436 9621.227539062496 1086.1894531252328
437 9606.221679687496 1086.1894531252328
438 9581.20819693238 1092.885249403771
439 9562.898432918711 1111.1953708973015
440 9556.203124999996 1136.2089843751164
441 9556.203124999996 1296.2685546875
442 9294.604980468746 1296.2685546875
443 9033.006835937496 1296.2685546875
444 9018.001953124996 1281.2626953123836
445 9018.001953124996 1096.1933593751164
446 9013.999999999996 1080.1875000001164
447 9013.999999999996 665.0322265623836
448 9029.005859374996 650.0263671875
449 9144.088867187496 650.0263671875
450 9151.427424907506 674.1849945944268
451 9169.634517730261 691.6777210411383
452 9194.067382812496 698.0439453122672
453 9219.080583481435 691.3483116361313
454 9237.390303823802 673.0385912938509
455 9244.085937499996 648.0253906248836
456 9244.085937499996 629.0185546877328
457 9237.390303823882 604.0053540186491
458 9219.080583481515 585.6956336762523
459 9194.067382812496 579.0
460 9013.999999999996 579.0
461 9013.999999999996 301.89599609375
462 9013.999999999996 24.7919921875
463 9029.005859374996 9.7861328125
464 9219.176757812496 9.286132812150754
465 9554.269531249996 9.286132812150754
466 9889.362304687496 9.286132812150754
467 10224.455078124996 9.286132812150754
468 10239.459960937496 24.291992187616415
469 10239.459960937496 300.14501953148283
470 10239.459960937496 575.9980468752328
471 10039.384765624996 575.9980468752328
472 10014.37128286988 582.693843153771
473 9996.061518856211 601.0039646471851
474 9989.366210937496 626.017578125
475 9989.366210937496 648.0253906248836
476 9996.06184461369 673.0385912938509
477 10014.371564956058 691.3483116361313
478 10039.384765624996 698.0439453122672
479 10063.817630707224 691.6777210411383
480 10082.02472352998 674.1849945944268
481 10089.363281249989 650.0263671875
482 10224.454101562496 650.0263671875
483 10239.459960937496 665.0322265623836
484 10239.459960937496 973.1474609373836
485 10630.999999999996 2102.0
486 10164.399999999998 2102.0001953125466
487 9697.8 2102.000390625093
488 9231.199999999993 2102.0005859375233
489 8764.599999999995 2102.00078125007
490 8297.999999999996 2102.0009765626164
491 8287.748737341524 2077.252239221125
492 8262.999999999996 2067.0009765626164
493 8262.999999999996 1952.0009765626164
494 8689.834570312498 1952.000805664109
495 9116.669140625 1952.0006347657181
496 9543.503710937493 1952.0004638672108
497 9970.338281249995 1952.0002929688198
498 10397.172851562496 1952.0001220703125
499 10630.999999999996 2087.000000000233
500 10630.999999999996 2262.0000000001164
501 10164.399999999998 2262.0001953125466
502 9697.8 2262.0003906249767
503 9231.199999999993 2262.0005859372905
504 8764.599999999995 2262.0007812497206
505 8297.999999999996 2262.0009765621508
506 8287.74873734148 2237.2522392206592
507 8262.999999999996 2227.000976562267
508 8262.999999999996 2112.0009765625
509 8689.834570312498 2112.0007812499534
510 9116.669140625 2112.000585937407
511 9543.503710937493 2112.0003906249767
512 9970.338281249995 2112.00019531243
513 10397.172851562496 2111.9999999998836
514 10630.999999999996 2247.0000000001164
515 10590.999999999996 2422.000000000233
516 10128.399999999998 2422.000195312663
517 9665.8 2422.000390625093
518 9203.199999999993 2422.0005859375233
519 8740.599999999995 2422.0007812499534
520 8277.999999999996 2422.0009765623836
521 8267.748737341524 2397.252239220892
522 8242.999999999996 2387.0009765623836
523 8242.999999999996 2272.0009765626164
524 8665.834570312498 2272.00078125007
525 9088.669140625 2272.0005859375233
526 9511.503710937493 2272.000390625093
527 9934.338281249995 2272.0001953125466
528 10357.172851562496 2272.0
529 10590.999999999996 2407.0000000001164
530 11343.999999999996 2386.0000000001164
531 11322.7867965644 2394.786796564469
532 11313.999999999996 2416.0
533 10993.999999999996 2416.0001220703125
534 10673.999999999996 2416.0002441405086
535 10665.213203435549 2394.7870407049777
536 10643.999999999996 2386.000244140625
537 10643.999999999996 2281.000244140625
538 10669.980468750011 2266.000244140625
539 10994.000000000004 2266.000122070196
540 11318.019531249996 2265.999999999767
541 11343.999999999996 2281.000000000233
542 11345.000000000011 2241.0
543 11319.019531249996 2256.0000000001164
544 10994.999999999996 2256.0000000001164
545 10670.980468749996 2256.0000000001164
546 10644.999999999996 2241.0
547 10644.999999999996 2136.0000000001164
548 10666.213203435593 2127.2132034357637
549 10674.999999999996 2106.0000000001164
550 10994.999999999996 2106.0000000001164
551 11314.999999999996 2106.0000000001164
552 11323.786796564407 2127.2132034357637
553 11345.000000000011 2136.0000000001164
554 11509.999999999989 2440.999999999767
555 11494.999999999996 2456.0000000001164
556 11365.999999999996 2456.0000000001164
557 11365.999999999996 2370.9999999996508
558 11373.322330470382 2353.3223304700805
559 11390.999999999996 2346.0
560 11464.644531249996 2346.0
561 11474.216748733521 2347.9050828043837
562 11482.330078124996 2353.330078125
563 11509.999999999989 2381.0
564 11509.999999999989 2335.9999999998836
565 11380.999999999996 2335.9999999998836
566 11365.999999999996 2320.9999999998836
567 11365.999999999996 2260.999999999767
568 11393.669921874996 2233.3300781251164
569 11401.783251266457 2227.9050828043837
570 11411.355468749996 2225.999999999767
571 11485.000000000011 2225.999999999767
572 11502.677669529705 2233.3223304700805
573 11509.999999999989 2250.9999999998836
574 11509.999999999989 2215.9999999998836
575 11380.999999999996 2215.9999999998836
576 11365.999999999996 2201.0000000001164
577 11365.999999999996 2141.000000000233
578 11393.669921874996 2113.3300781251164
579 11401.783251266472 2107.9050828045
580 11411.355468749996 2106.0000000001164
581 11485.000000000011 2106.0000000001164
582 11502.677669529661 2113.3223304703133
583 11509.999999999989 2131.0
584 11465.999999999996 2096.0
585 11055.499999999996 2096.0001220703125
586 10644.999999999996 2096.000244140625
587 10644.999999999996 1981.000366211054
588 10669.748780500046 1970.749060394126
589 10679.999999999996 1946.0002441405086
590 11065.499999999996 1946.0001220703125
591 11450.999999999996 1946.0
592 11465.999999999996 1961.0
593 11361.999999999996 1801.0
594 11128.172851562496 1936.0001220699633
595 10705.338281249995 1936.0002685544314
596 10282.503710937493 1936.0004150388995
597 9859.669140625 1936.000561523484
598 9436.834570312498 1936.0007080079522
599 9013.999999999996 1936.0008544924203
600 9013.999999999996 1821.0008544921875
601 9038.748737341524 1810.749591833679
602 9048.999999999996 1786.0008544921875
603 9511.599999999995 1786.0006835937966
604 9974.199999999993 1786.0005126954056
605 10436.8 1786.0003417968983
606 10899.399999999998 1786.0001708985073
607 11361.999999999996 1786.0000000001164
608 11381.999999999996 1641.0000000001164
609 11148.172851562496 1776.0001220703125
610 10721.338281249995 1776.0002929688198
611 10294.503710937493 1776.0004638672108
612 9867.669140625 1776.0006347657181
613 9440.834570312498 1776.000805664109
614 9013.999999999996 1776.0009765626164
615 9013.999999999996 1661.0009765623836
616 9038.748780499995 1650.749670745572
617 9048.999999999996 1626.000854492071
618 9515.599999999995 1626.0006835936802
619 9982.199999999993 1626.0005126952892
620 10448.8 1626.0003417967819
621 10915.399999999998 1626.000170898391
622 11381.999999999996 1626.0
623 11469.999999999996 1616.0000000001164
624 11025.565429687496 1616.0000000001164
625 10581.130859374996 1616.0000000001164
626 10136.696289062496 1616.0000000001164
627 9692.261718749996 1616.0000000001164
628 9247.827148437496 1616.0000000001164
629 9013.999999999996 1480.9999999998836
630 9013.999999999996 1466.0
631 9498.199999999993 1466.0
632 9982.399999999998 1466.0
633 10466.599999999995 1466.0
634 10950.8 1466.0
635 11434.999999999996 1466.0
636 11445.251262658468 1490.7487373414915
637 11469.999999999996 1501.0
638 11469.999999999996 1320.9999999997672
639 11236.172851562496 1456.0001220703125
640 10791.738281249996 1456.0002929687034
641 10347.303710937496 1456.0004638672108
642 9902.869140624996 1456.0006347656017
643 9458.434570312496 1456.000805664109
644 9013.999999999996 1456.0009765625
645 9013.999999999996 1341.0009765626164
646 9038.748737341524 1330.749713904108
647 9048.999999999996 1306.0009765626164
648 9533.199999999993 1306.0007812500698
649 10017.399999999998 1306.0005859375233
650 10501.599999999995 1306.0003906249767
651 10985.8 1306.0001953124302
652 11469.999999999996 1305.9999999998836
653 11470.998046874996 1281.2626953123836
654 11455.993164062496 1296.2685546875
655 11194.395019531246 1296.2686767578125
656 10932.796874999996 1296.2687988282414
657 10932.796874999996 1136.2092285157414
658 10926.101567081361 1111.19561503781
659 10907.791803067692 1092.8854935441632
660 10882.778320312496 1086.189697265625
661 10867.772460937496 1086.189697265625
662 10842.7589781823 1092.8854935441632
663 10824.449214168631 1111.19561503781
664 10817.753906249996 1136.2092285157414
665 10824.120130521227 1160.6420935979113
666 10841.61285696804 1178.849186420557
667 10865.771484374996 1186.1877441403922
668 10865.771484374996 1281.2629394532414
669 10850.765624999996 1296.2687988282414
670 10557.655761718746 1296.2689208984375
671 10264.545898437496 1296.2690429686336
672 10249.540039062496 1281.26318359375
673 10249.540039062496 973.14794921875
674 10249.540039062496 665.03271484375
675 10264.545898437496 650.02685546875
676 10399.636718749996 650.0267944334773
677 10406.975276469919 674.1854218405206
678 10425.182369292681 691.6781482874649
679 10449.615234374996 698.0443725585938
680 10474.628452674147 691.3487287196331
681 10492.93817574593 673.0389833054505
682 10499.633789062496 648.0257568359375
683 10499.633789062496 626.0179443358211
684 10492.938460783695 601.0043566585518
685 10474.628699499528 582.6942602371564
686 10449.615234374996 575.9984741210938
687 10249.540039062496 575.99853515625
688 10249.540039062496 300.1455020904541
689 10249.540039062496 24.292469024658203
690 10264.544921874996 9.286603927379474
691 10599.637695312496 9.286473592044786
692 10934.730468749996 9.286343256710097
693 11269.823242187496 9.286212921375409
694 11459.994140624996 9.786138534778729
695 11474.999999999989 24.7919921875
696 11474.999999999989 301.89599609375
697 11474.999999999989 579.0
698 11294.932617187496 579.0000610350398
699 11269.919416518485 585.6956947112922
700 11251.609696176118 604.0054150536889
701 11244.914062500011 629.0186157227727
702 11244.914062500011 648.0254516600398
703 11251.609696176118 673.0386523291236
704 11269.919416518493 691.3483726715203
705 11294.932617187496 698.0440063476562
706 11319.365482269768 691.6777820765274
707 11337.57257509253 674.1850556296995
708 11344.911132812496 650.0264282226562
709 11459.994140624996 650.0263671875
710 11474.999999999989 665.0322265623836
711 11474.999999999989 1080.1875000001164
712 11470.998046874996 1096.1933593751164
713 11670.999999999996 2378.0
714 11655.999999999996 2378.0
715 11520.999999999996 2144.173095703125
716 11520.999804687493 1717.338490486145
717 11520.999609374998 1290.503885269165
718 11520.999414062495 863.6692800520686
719 11520.99921875 436.83467483508866
720 11520.999023437496 10.000069618108682
721 11635.999023437496 10.000016212346964
722 11646.250291827888 34.748743073432706
723 11670.999023437496 45.0
724 11670.99921875 511.5999999999767
725 11670.999414062495 978.1999999999534
726 11670.999609374998 1444.8000000000466
727 11670.999804687493 1911.4000000000233
728 11830.999999999996 2378.0
729 11715.999999999996 2378.0
730 11705.748737341524 2353.2512626585085
731 11680.999999999996 2343.0000000001164
732 11680.999999999996 1876.4000000000233
733 11680.999999999996 1409.8000000000466
734 11680.999999999996 943.1999999999534
735 11680.999999999996 476.5999999999767
736 11680.999999999996 9.999999999883585
737 11695.999999999996 9.99999618541915
738 11830.999999999996 243.8268280030461
739 11830.999999999996 670.6614624024369
740 11830.999999999996 1097.4960968018277
741 11830.999999999996 1524.3307312012184
742 11830.999999999996 1951.1653656006092
743 11990.999999999996 2378.0
744 11975.999999999996 2378.0
745 11840.999999999989 2144.173095703125
746 11840.999804687493 1717.338490486145
747 11840.99960937499 1290.503885269165
748 11840.999414062495 863.6692800520686
749 11840.999218749992 436.83467483508866
750 11840.999023437496 10.000069618108682
751 11955.999023437496 10.000016212346964
752 11966.250291827888 34.748743073432706
753 11990.999023437496 45.0
754 11990.99921875 511.5999999999767
755 11990.999414062495 978.1999999999534
756 11990.999609374998 1444.8000000000466
757 11990.999804687493 1911.4000000000233
758 9004.296874999996 1891.9833984375
759 8979.284912750063 1898.6800093346974
760 8960.976395841793 1916.9895986726042
761 8954.281249999996 1942.0019531251164
762 8599.148437499996 1942.0009765625
763 8244.015624999996 1941.9999999998836
764 8229.007812499996 1926.99609375
765 8229.007812499996 1826.8876953125
766 8252.463690351815 1815.9735064317938
767 8262.015624999989 1791.9306640623836
768 8251.76609041334 1767.1709564254852
769 8227.007812499989 1756.9179687501164
770 8214.999999999996 1756.9179687501164
771 8190.236670758528 1767.1681925593875
772 8179.984374999996 1791.9306640623836
773 8189.539148683663 1815.9760680632899
774 8212.999999999996 1826.8876953125
775 8212.999999999996 1926.99609375
776 8197.999999999996 1941.9999999998836
777 7848.863281249996 1941.9990234375
778 7499.726562499996 1941.998046875
779 7493.031416658156 1916.9856924224878
780 7474.722899749886 1898.6761030848138
781 7449.710937499996 1891.9794921876164
782 7449.710937499996 1597.0781250001164
783 7449.710937499996 1302.1767578126164
784 7464.718749999996 1287.1718750001164
785 7574.835937499996 1287.1718750001164
786 7582.801106358547 1303.5513203260489
787 7599.765624999996 1310.1796875001164
788 7617.4514537240575 1302.8570130951703
789 7624.773437499996 1285.1708984376164
790 7624.773437499996 1250.1572265625
791 7617.451453724065 1232.4711119048297
792 7599.765624999996 1225.1484374998836
793 7449.710937499996 1225.1484374998836
794 7449.710937499996 938.541015625
795 7449.710937499996 651.93359375
796 7464.718749999996 636.9277343748836
797 7574.835937499996 636.9277343748836
798 7582.800795777384 653.3077975596534
799 7599.765624999996 659.9365234377328
800 7617.451799215352 652.6135038837092
801 7624.773437499996 634.9267578123836
802 7624.773437499996 599.9140625
803 7617.451799215294 582.2273164287908
804 7599.765624999996 574.9042968751164
805 7449.710937499996 574.9042968751164
806 7449.710937499996 317.3076171875
807 7449.710937499996 59.7109375
808 7474.722899749893 53.01432660280261
809 7493.031416658156 34.70473726501223
810 7499.726562499996 9.6923828125
811 7996.249999999996 9.6923828125
812 8492.773437499996 9.6923828125
813 8989.296874999996 9.6923828125
814 9004.296874999996 24.697265624883585
815 9004.296874999996 299.80078125
816 9004.296874999996 574.9042968751164
817 8854.242187499996 574.9042968751164
818 8836.556013284699 582.2273164287908
819 8829.234374999996 599.9140625
820 8829.234374999996 634.9267578123836
821 8836.55601328464 652.6135038837092
822 8854.242187499996 659.9365234377328
823 8871.207016722608 653.3077975596534
824 8879.171874999996 636.9277343748836
825 8989.296874999996 636.9277343748836
826 9004.296874999996 651.9267578125
827 9004.296874999996 938.53759765625
828 9004.296874999996 1225.1484374998836
829 8854.242187499996 1225.1484374998836
830 8836.556358775928 1232.4711119048297
831 8829.234374999996 1250.1572265625
832 8829.234374999996 1285.1708984376164
833 8836.556358775935 1302.8570130951703
834 8854.242187499996 1310.1796875001164
835 8871.206706141445 1303.5513203260489
836 8879.171874999996 1287.1718750001164
837 8989.296874999996 1287.1718750001164
838 9004.296874999996 1302.177734375
839 9004.296874999996 1597.08056640625
840 8227.007812499989 329.8125
841 8199.002794188313 331.3754439470358
842 8171.349111020227 336.0656093660509
843 8144.39485598668 343.82395841763355
844 8118.479317969974 354.55283225059975
845 8093.9287109172765 368.1171802909812
846 8071.052067596003 384.3462602024665
847 8050.137349618661 403.0357871184824
848 8031.4478227025575 423.9505050958833
849 8015.218742791152 446.8271484171273
850 8001.654394750662 471.377755469759
851 7990.925520917695 497.2932934864657
852 7983.167171866135 524.247548519983
853 7978.477006447061 551.901231688098
854 7976.914062499996 579.9062499997672
855 7976.914062499996 930.0375976561336
856 7976.914062499996 1280.1689453125
857 7978.477006447054 1308.1739636241691
858 7983.167171866113 1335.8276467922842
859 7990.925520917659 1362.7819018258015
860 8001.654394750625 1388.6974398425082
861 8015.2187427911085 1413.2480468952563
862 8031.447822702514 1436.1246902165003
863 8050.137349618617 1457.0394081939012
864 8071.05206759596 1475.7289351100335
865 8093.928710917233 1491.9580150214024
866 8118.47931796993 1505.5223630619003
867 8144.394855986651 1516.2512368948665
868 8171.349111020205 1524.009585946449
869 8199.002794188298 1528.6997513654642
870 8227.007812499989 1530.2626953125
871 8255.01283081168 1528.6997513654642
872 8282.666513979773 1524.009585946449
873 8309.620769013334 1516.2512368948665
874 8335.536307030048 1505.5223630619003
875 8360.086914082753 1491.9580150214024
876 8382.963557404026 1475.7289351100335
877 8403.878275381368 1457.0394081939012
878 8422.567802297472 1436.1246902165003
879 8438.796882208877 1413.2480468952563
880 8452.36123024936 1388.6974398425082
881 8463.090104082326 1362.7819018258015
882 8470.848453133873 1335.8276467922842
883 8475.538618552931 1308.1739636241691
884 8477.101562499996 1280.1689453125
885 8477.101562499996 930.0375976561336
886 8477.101562499996 579.9062499997672
887 8475.538618552924 551.901231688098
888 8470.84845313385 524.247548519983
889 8463.09010408229 497.2932934864657
890 8452.361230249324 471.377755469759
891 8438.796882208833 446.8271484171273
892 8422.56780229742 423.95050509576686
893 8403.878275381318 403.0357871184824
894 8382.963557403975 384.3462602023501
895 8360.086914082709 368.1171802909812
896 8335.536307030012 354.55283225048333
897 8309.620769013298 343.82395841763355
898 8282.666513979751 336.0656093660509
899 8255.012830811665 331.3754439470358
900 8848.742187499996 231.77539062488358
901 8854.567149512975 253.53691972373053
902 8870.496414126985 269.4665418168297
903 8892.257812499996 275.2919921875
904 8914.019210873008 269.4665418168297
905 8929.948475487017 253.53691972373053
906 8935.773437499996 231.77539062488358
907 8929.948149736349 210.0142743330216
908 8914.018928791866 194.08505338837858
909 8892.257812499996 188.25976562476717
910 8870.496696208127 194.08505338837858
911 8854.567475263644 210.0142743330216
912 7700.804687499996 1639.3037109373836
913 7728.373809215616 1633.8293962785974
914 7751.746250415326 1618.2167864543153
915 7767.360127736876 1594.8451919828076
916 7772.835937499996 1567.2763671875
917 7772.835937499996 1507.2539062502328
918 7767.360127736949 1479.6850814548088
919 7751.746250415421 1456.3134869831847
920 7728.373809215689 1440.7008771587862
921 7700.804687499996 1435.2265624998836
922 7673.237965187331 1440.7031211006688
923 7649.868175998421 1456.3162510379916
924 7634.256313529488 1479.6868869605241
925 7628.781249999996 1507.2539062502328
926 7628.781249999996 1567.2763671875
927 7634.25631352956 1594.8433864770923
928 7649.868175998523 1618.2140223995084
929 7673.237965187396 1633.8271523367148
930 7439.289062499996 1891.9792480467586
931 7414.2771002500995 1898.675858943956
932 7395.968583341837 1916.9854482817464
933 7389.273437499996 1941.9978027342586
934 7040.136718749996 1941.998901367071
935 6690.999999999996 1941.9999999998836
936 6675.999999999996 1926.99609375
937 6675.999999999996 1826.8876953125
938 6699.460851316329 1815.9760680632899
939 6709.015624999996 1791.9306640623836
940 6698.763329241465 1767.1681925593875
941 6673.999999999996 1756.9179687501164
942 6661.992187499996 1756.9179687501164
943 6637.233909586645 1767.1709564254852
944 6626.984374999996 1791.9306640623836
945 6636.536309648171 1815.9735064317938
946 6659.992187499996 1826.8876953125
947 6659.992187499996 1926.99609375
948 6644.984374999996 1941.9999999998836
949 6289.851562499996 1942.0010986328125
950 5934.718749999996 1942.002197265625
951 5928.023563440449 1916.9898944133893
952 5909.715051990406 1898.6803552187048
953 5884.703124999996 1891.9837646484375
954 5884.702880859371 1597.0809326171875
955 5884.702636718746 1302.1781005859375
956 5899.702636718746 1287.1722412109375
957 6009.827636718746 1287.1721191407414
958 6017.792805577254 1303.5515644667903
959 6034.757324218746 1310.1799316408578
960 6052.443152942858 1302.8572572357953
961 6059.765136718746 1285.171142578125
962 6059.765136718746 1250.157470703125
963 6052.4431529428075 1232.4713560455712
964 6034.757324218746 1225.148681640625
965 5884.702636718746 1225.148803711054
966 5884.702636718746 938.5379333496094
967 5884.702636718746 651.9270629882812
968 5899.702636718746 636.9280395506648
969 6009.827636718746 636.9279785155086
970 6017.792494996229 653.3080417000456
971 6034.757324218746 659.9367675777758
972 6052.443498433957 652.6137480242178
973 6059.765136718746 634.9270019532414
974 6059.765136718746 599.914306640625
975 6052.443498433957 582.2275605696486
976 6034.757324218746 574.9045410159742
977 5884.702636718746 574.9046020506648
978 5884.702392578121 299.80109119415283
979 5884.702148437496 24.69758033764083
980 5899.702148437496 9.6926908493042
981 6396.225585937496 9.692497571348213
982 6892.749023437496 9.692304293392226
983 7389.272460937496 9.69211101543624
984 7395.967612823337 34.70445780851878
985 7414.2761289213995 53.014039703295566
986 7439.288085937496 59.71064758324064
987 7439.288330078121 317.3073196412297
988 7439.288574218746 574.9039916992188
989 7289.233886718746 574.904052734375
990 7271.547712503492 582.2270722880494
991 7264.226074218746 599.9138183591422
992 7264.226074218746 634.926513671875
993 7271.547712503441 652.6132597430842
994 7289.233886718746 659.936279296875
995 7306.198715941264 653.3075534190284
996 7314.163574218746 636.9274902344914
997 7424.280761718739 636.9274291993352
998 7439.288574218746 651.9332885742188
999 7439.288574218746 938.5407409667969
1000 7439.288574218746 1225.148193359375
1001 7289.233886718746 1225.148193359375
1002 7271.548057994729 1232.4708677642047
1003 7264.226074218746 1250.1569824216422
1004 7264.226074218746 1285.1706542969914
1005 7271.548057994685 1302.8567689545453
1006 7289.233886718746 1310.1794433594914
1007 7306.198405360283 1303.5510761853075
1008 7314.163574218746 1287.1716308591422
1009 7424.280761718739 1287.1716308591422
1010 7439.288574218746 1302.1765136716422
1011 7439.288818359371 1597.0778808591422
1012 6661.991699218746 329.8125
1013 6633.98667223872 331.3754449157277
1014 6606.332980729003 336.0656132332515
1015 6579.378718001692 343.82396703993436
1016 6553.463173246626 354.5528473639861
1017 6528.9125606983835 368.117203466245
1018 6506.035913385447 384.3462928023655
1019 6485.121193149385 403.0358302608365
1020 6466.431665899425 423.9505596192321
1021 6450.202587729316 446.82721485348884
1022 6436.638243610225 471.3778340225108
1023 6425.909375935411 497.2933840142796
1024 6418.151035285115 524.247650528443
1025 6413.460880465314 551.9013443273725
1026 6411.897949218746 579.9063720703125
1027 6411.897949218746 930.0377197266789
1028 6411.897949218746 1280.1690673830453
1029 6413.460909741098 1308.1741109369323
1030 6418.151097353239 1335.8278168406105
1031 6425.909473826319 1362.7820911685703
1032 6436.638379782151 1388.6976441636216
1033 6450.202763990903 1413.248261082219
1034 6466.431883342626 1436.124908457161
1035 6485.121452094059 1457.0396240883274
1036 6506.036213336865 1475.7291417975212
1037 6528.912900318679 1491.9582053188933
1038 6553.463550340955 1505.522529612179
1039 6579.37912951969 1516.251372321276
1040 6606.333422781852 1524.0096830127295
1041 6633.987140131849 1528.6998031361727
1042 6661.992187499996 1530.2626953125
1043 6689.997176755187 1528.699699594872
1044 6717.6508257413625 1524.009488880285
1045 6744.605042546322 1516.2511014686897
1046 6770.520539401037 1505.5221965120872
1047 6795.071103484192 1491.9578247242607
1048 6817.947703144953 1475.728728422895
1049 6838.862377856862 1457.0391922999406
1050 6857.551862937664 1436.1244719764218
1051 6873.780903408773 1413.2478327087592
1052 6887.345215281002 1388.6972355219768
1053 6898.074056991089 1362.7817124834983
1054 6905.832378621086 1335.8274767443072
1055 6910.522521847033 1308.1738163117552
1056 6912.085449218746 1280.1688232421875
1057 6912.085449218746 930.0375061035156
1058 6912.085449218746 579.9061889647273
1059 6910.522498921422 551.9011753686937
1060 6905.83232820273 524.2474975159857
1061 6898.073974950548 497.2932482227916
1062 6887.345098038506 471.3777161935577
1063 6873.780748037327 446.827115199063
1064 6857.551667255266 423.9504778343253
1065 6838.862140506088 403.0357655475382
1066 6817.9474236581045 384.3462439025752
1067 6795.07078233267 368.11716870358214
1068 6770.520178027746 354.5528246939648
1069 6744.604643380208 343.82395410654135
1070 6717.650392193533 336.06560743250884
1071 6689.9967131962585 331.3754434627481
1072 7364.257324218746 146.74388122581877
1073 7357.963771530955 123.23194591514766
1074 7340.753375110213 106.02084012480918
1075 7317.241699218746 99.72631835914217
1076 7293.730014512341 106.02084520633798
1077 7276.519616726986 123.23196353239473
1078 7270.226074218746 146.74391174304765
1079 7276.519626906662 170.25584705348592
1080 7293.730023327404 187.46695284359157
1081 7317.241699218746 193.76147460914217
1082 7340.753383925028 187.46694776206277
1083 7357.963781710383 170.25582943623886
1084 6053.765136718746 796.987548828125
1085 6047.47028837039 773.4733502760064
1086 6030.256682009396 756.2618888235884
1087 6006.741699218746 749.9699707032414
1088 5983.230001289889 756.2645051728468
1089 5966.01960145761 773.4756423025392
1090 5959.726074218746 796.9876098633977
1091 5966.019642176045 820.4995258236304
1092 5983.230036549863 837.710612809984
1093 6006.741699218746 844.0051269532414
1094 6030.256682009403 837.713208832778
1095 6047.47028837039 820.5017473802436
1096 7188.195312499996 1639.3034667969914
1097 7215.7620348125965 1633.8269081962062
1098 7239.131824001477 1618.2137782589998
1099 7254.74368647044 1594.8431423365837
1100 7260.218749999996 1567.2761230469914
1101 7260.218749999996 1507.253662109375
1102 7254.743686470403 1479.6866428197827
1103 7239.131824001426 1456.316006897483
1104 7215.76203481256 1440.7028769602766
1105 7188.195312499996 1435.2263183596078
1106 7160.626162572884 1440.7006446771557
1107 7137.253706395142 1456.313285983284
1108 7121.639837200371 1479.6849218931748
1109 7116.164062499996 1507.253784179571
1110 7116.164062499996 1567.2762451171875
1111 7121.63990732584 1594.84503242129
1112 7137.253792774176 1618.216585454531
1113 7160.626218995862 1633.829163796734
1114 5874.999999999996 1926.5644531247672
1115 5850.409592005377 1933.5859710372752
1116 5832.507399109625 1951.8479908779263
1117 5825.976562499996 1976.5732421873836
1118 5470.843749999996 1976.5732421873836
1119 5115.7109375 1976.5732421873836
1120 5100.703125 1961.5683593748836
1121 5100.703125 1861.4599609373836
1122 5124.163640816754 1850.5486885521095
1123 5133.71875 1826.5039062501164
1124 5123.466799758538 1801.7408033091342
1125 5098.703125 1791.490234375
1126 5086.6953125 1791.490234375
1127 5061.936689108174 1801.7435672138818
1128 5051.6875 1826.5039062501164
1129 5061.239770113687 1850.5461269562365
1130 5084.6953125 1861.4599609373836
1131 5084.6953125 1961.5683593748836
1132 5069.703125 1976.5732421873836
1133 4720.56640625 1976.5732421873836
1134 4371.4296875 1976.5732421873836
1135 4364.898850890371 1951.8479908779263
1136 4346.996657994616 1933.5859710372752
1137 4322.40625 1926.5644531247672
1138 4322.40625 1613.90625
1139 4322.40625 1301.2480468752328
1140 4336.4140625 1287.2431640626164
1141 4446.53125 1287.2431640626164
1142 4454.499288331495 1303.6252610243391
1143 4471.46875 1310.2509765626164
1144 4489.154578724061 1302.9283021576703
1145 4496.4765625 1285.2421875001164
1146 4496.4765625 1250.228515625
1147 4489.154578724061 1232.5424009674462
1148 4471.46875 1225.2197265625
1149 4322.40625 1225.2197265625
1150 4322.40625 938.11328125
1151 4322.40625 651.0068359376164
1152 4336.4140625 636.9990234375
1153 4446.53125 636.9990234375
1154 4454.498977701998 653.3817383033456
1155 4471.46875 660.0078125002328
1156 4489.154924215349 652.6847929463256
1157 4496.4765625 634.998046875
1158 4496.4765625 599.9853515626164
1159 4489.154924215349 582.2986054912908
1160 4471.46875 574.9755859373836
1161 4322.40625 574.9755859373836
1162 4322.40625 317.3740234373836
1163 4322.40625 59.772460937383585
1164 4346.996657994536 52.75094302499201
1165 4364.898850890288 34.488923184457235
1166 4371.4296875 9.763671875116415
1167 4856.278645833332 9.763671875116415
1168 5341.127604166664 9.763671875116415
1169 5825.976562499996 9.763671875116415
1170 5832.507399109705 34.488923184457235
1171 5850.409592005464 52.75094302499201
1172 5874.999999999996 59.772460937383585
1173 5874.999999999996 322.3759765623836
1174 5874.999999999996 584.9794921873836
1175 5725.945312499996 584.9794921873836
1176 5708.254086732686 592.2997473446885
1177 5700.929687499996 609.9892578127328
1178 5700.929687499996 645.0019531251164
1179 5708.254086732832 662.6914635928115
1180 5725.945312499996 670.0117187498836
1181 5742.910141722514 663.3829928721534
1182 5750.874999999996 647.0029296876164
1183 5860.992187499996 647.0029296876164
1184 5874.999999999996 661.0
1185 5874.999999999996 943.10986328125
1186 5874.999999999996 1225.2197265625
1187 5725.945312499996 1225.2197265625
1188 5708.254432278056 1232.5396366248606
1189 5700.929687499996 1250.228515625
1190 5700.929687499996 1285.2421875001164
1191 5708.254432278056 1302.9310665002558
1192 5725.945312499996 1310.2509765626164
1193 5742.9098311414455 1303.6226093885489
1194 5750.874999999996 1287.2431640626164
1195 5860.992187499996 1287.2431640626164
1196 5874.999999999996 1301.2500000001164
1197 5874.999999999996 1613.9072265625
1198 5098.703125 559.9697265625
1199 5070.698106688302 561.5326705094194
1200 5043.044423520198 566.2228359285509
1201 5016.090168486633 573.9811849801335
1202 4990.174630469908 584.7100588130997
1203 4965.6240234172 598.2744068535976
1204 4942.747380095927 614.5034867649665
1205 4921.832662118581 633.1930136810988
1206 4903.143135202481 654.1077316584997
1207 4886.914055291076 676.9843749797437
1208 4873.349707250596 701.5349820324918
1209 4862.620833417641 727.4505200491985
1210 4854.862484366098 754.4047750828322
1211 4850.17231894705 782.0584582509473
1212 4848.609375 810.0634765626164
1213 4848.609375 1110.1767578126164
1214 4850.172318947076 1138.1817761242855
1215 4854.8624843661455 1165.8354592924006
1216 4862.620833417703 1192.7897143259179
1217 4873.3497072506725 1218.7052523426246
1218 4886.9140552911595 1243.2558593952563
1219 4903.143135202572 1266.1325027166167
1220 4921.832662118675 1287.0472206939012
1221 4942.747380096018 1305.736747609917
1222 4965.624023417284 1321.9658275214024
1223 4990.174630469981 1335.5301755617838
1224 5016.090168486691 1346.25904939475
1225 5043.044423520238 1354.0173984463327
1226 5070.698106688324 1358.7075638653478
1227 5098.703125 1360.2705078123836
1228 5126.708143311676 1358.7075638653478
1229 5154.361826479762 1354.0173984463327
1230 5181.316081513309 1346.25904939475
1231 5207.231619530019 1335.5301755617838
1232 5231.782226582716 1321.9658275214024
1233 5254.658869903982 1305.736747609917
1234 5275.573587881325 1287.0472206939012
1235 5294.263114797428 1266.1325027166167
1236 5310.4921947088405 1243.2558593952563
1237 5324.0565427493275 1218.7052523426246
1238 5334.785416582297 1192.7897143259179
1239 5342.5437656338545 1165.8354592924006
1240 5347.233931052924 1138.1817761242855
1241 5348.796875 1110.1767578126164
1242 5348.796875 810.0634765626164
1243 5347.23393105295 782.0584582509473
1244 5342.543765633902 754.4047750828322
1245 5334.785416582359 727.4505200491985
1246 5324.056542749404 701.5349820324918
1247 5310.492194708924 676.9843749797437
1248 5294.263114797519 654.1077316584997
1249 5275.573587881419 633.1930136810988
1250 5254.658869904073 614.5034867649665
1251 5231.7822265828 598.2744068535976
1252 5207.231619530092 584.7100588130997
1253 5181.316081513367 573.9811849801335
1254 5154.361826479802 566.2228359285509
1255 5126.708143311698 561.5326705094194
1256 5496.8515625 1766.421875
1257 5500.859129073186 1791.7746881238418
1258 5512.508488838892 1814.6464641847415
1259 5530.658223315313 1832.7961986612063
1260 5553.52999937618 1844.4455584269017
1261 5578.8828125 1848.4531250001164
1262 5638.90625 1848.4531250001164
1263 5664.259063123816 1844.4455584269017
1264 5687.130839184683 1832.7961986612063
1265 5705.280573661101 1814.6464641847415
1266 5716.929933426811 1791.7746881238418
1267 5720.937499999996 1766.421875
1268 5716.92969182981 1741.069295441499
1269 5705.280229009735 1718.1977884380613
1270 5687.130522955718 1700.0482984520495
1271 5664.258877269043 1688.3991079143016
1272 5638.90625 1684.3916015626164
1273 5578.8828125 1684.3916015626164
1274 5553.530185230953 1688.3991079143016
1275 5530.658539544278 1700.0482984520495
1276 5512.5088334902575 1718.1977884380613
1277 5500.859370670183 1741.069295441499
1278 4577.0078125 1646.3769531251164
1279 4583.234372765382 1669.6388949052198
1280 4600.261757179305 1686.6669942748267
1281 4623.5234375 1692.8945312501164
1282 4646.785117820695 1686.6669942748267
1283 4663.812502234618 1669.6388949052198
1284 4670.0390625 1646.3769531251164
1285 4663.812176489617 1623.1154241490876
1286 4646.784835743147 1606.0877259256085
1287 4623.5234375 1599.8603515623836
1288 4600.262039256853 1606.0877259256085
1289 4583.234698510383 1623.1154241490876
1290 4312.59423828125 1926.5638427732047
1291 4288.003830286627 1933.585360685829
1292 4270.101637390875 1951.8473805265967
1293 4263.57080078125 1976.572631836054
1294 3914.4340820312464 1976.57275390625
1295 3565.297363281239 1976.572875976446
1296 3550.30517578125 1961.567993163946
1297 3550.30517578125 1861.459594726679
1298 3573.760718167654 1850.545760745299
1299 3583.31298828125 1826.503540038946
1300 3573.0637991730327 1801.7432010028278
1301 3548.30517578125 1791.489868163946
1302 3536.29736328125 1791.489990234375
1303 3511.533688522806 1801.7405591682764
1304 3501.28173828125 1826.5036621091422
1305 3510.836847464445 1850.5484444112517
1306 3534.29736328125 1861.4597167967586
1307 3534.29736328125 1961.5681152344914
1308 3519.28955078125 1976.5729980469914
1309 3164.15673828125 1976.5731201171875
1310 2809.02392578125 1976.5732421873836
1311 2802.4930891716212 1951.8479908779263
1312 2784.590896275866 1933.5859710372752
1313 2760.00048828125 1926.5644531247672
1314 2760.000366210934 1613.9072265625
1315 2760.0002441406177 1301.2500000001164
1316 2774.0080566406177 1287.2431640626164
1317 2884.1252441406177 1287.2431640626164
1318 2892.0904129991723 1303.6226093885489
1319 2909.0549316406177 1310.2509765626164
1320 2926.745855054767 1302.9310233631404
1321 2934.0705566406177 1285.242065429804
1322 2934.0705566406177 1250.2283935549203
1323 2926.7457686707203 1232.5395934876287
1324 2909.0549316406177 1225.2197265625
1325 2760.0002441406177 1225.2197265625
1326 2760.000122070309 943.10986328125
1327 2760.0 661.0
1328 2774.0078125 647.0029296876164
1329 2884.125 647.0028686521109
1330 2892.089858277388 663.3829318368807
1331 2909.0546875 670.0116577148438
1332 2926.7459132671647 662.6914025577717
1333 2934.070312499989 645.0018920900766
1334 2934.070312499989 609.9891967772273
1335 2926.7459132671684 592.2996863095323
1336 2909.0546875 584.9794311523438
1337 2760.0 584.9794921873836
1338 2759.999877929684 322.3759765623836
1339 2759.9997558593677 59.772460937383585
1340 2784.5901693206833 52.750939776189625
1341 2802.4923630387966 34.48891213152092
1342 2809.0231933593677 9.763652801397257
1343 3293.8720703124927 9.763463973999023
1344 3778.720947265614 9.763275146484375
1345 4263.569824218739 9.763086319086142
1346 4270.100750074736 34.488467927789316
1347 4288.003141177058 52.750501797301695
1348 4312.59375 59.77185821544845
1349 4312.59375 317.37341690063477
1350 4312.59375 574.9749755859375
1351 4163.53125 574.9750366210938
1352 4145.845075784742 582.2980561748846
1353 4138.5234375 599.9848022459773
1354 4138.5234375 634.9974975587102
1355 4145.845075784742 652.684243629803
1356 4163.53125 660.0072631835938
1357 4180.501022297911 653.381188986823
1358 4188.46875 636.9984741212102
1359 4298.5859375 636.9984130855883
1360 4312.59375 651.0062255859375
1361 4312.59375 938.1126708984375
1362 4312.59375 1225.219116211054
1363 4163.53125 1225.21923828125
1364 4145.845421275939 1232.5419126861962
1365 4138.5234375 1250.22802734375
1366 4138.5234375 1285.24169921875
1367 4145.845593851278 1302.9279866140569
1368 4163.53173828125 1310.2504882810172
1369 4180.500929827333 1303.6245621504495
1370 4188.46875 1287.2425537109375
1371 4298.5859375 1287.2425537109375
1372 4312.59423828125 1301.2474365234375
1373 4312.59423828125 1613.905639648321
1374 3536.296875 559.9694213866023
1375 3508.2918480199623 561.53236630233
1376 3480.638156510231 566.2225346198538
1377 3453.683893782909 573.9808884265367
1378 3427.768349027836 584.7097687507048
1379 3403.217736479586 598.2741248529637
1380 3380.3410891666463 614.5032141890842
1381 3359.4263689305844 633.1927516475553
1382 3340.736841680624 654.1074810059508
1383 3324.507763510519 676.9841362402076
1384 3310.9434193914276 701.5347554092295
1385 3300.214551716621 727.4503054011147
1386 3292.4562110663355 754.4045719152782
1387 3287.7660562465426 782.0582657142077
1388 3286.203124999989 810.0632934571477
1389 3286.2033691406177 1110.1765136719914
1390 3287.766313087679 1138.1815319836605
1391 3292.4564785067414 1165.8352151517756
1392 3300.2148275582877 1192.7894701852929
1393 3310.94370139125 1218.7050082019996
1394 3324.5080494317335 1243.2556152547477
1395 3340.7371293431424 1266.1322585759917
1396 3359.4266562592456 1287.0469765533926
1397 3380.3413742365883 1305.736503469525
1398 3403.218017557858 1321.9655833808938
1399 3427.7686246105586 1335.5299314213917
1400 3453.68416262728 1346.2588052543579
1401 3480.6384176608335 1354.0171543059405
1402 3508.2921008289304 1358.7073197249556
1403 3536.2971191406177 1360.2702636719914
1404 3564.302146120641 1358.7073187562637
1405 3591.955837630365 1354.01715043874
1406 3618.9101003576725 1346.258796632057
1407 3644.825645112738 1335.5299163080053
1408 3669.3762576609843 1321.9655602057464
1409 3692.2529049739205 1305.736470869626
1410 3713.1676252099787 1287.046933411155
1411 3731.8571524599392 1266.1322040527593
1412 3748.086230630048 1243.2555488185026
1413 3761.650574749143 1218.7049296494806
1414 3772.379442423957 1192.7893796577118
1415 3780.1377830742495 1165.8351131435484
1416 3784.827937894057 1138.181419344619
1417 3786.3908691406177 1110.176391601679
1418 3786.390625 810.0630493162898
1419 3784.8276683524346 782.0580404357752
1420 3780.1374923341173 754.4043678985909
1421 3772.37913488131 727.4501243456034
1422 3761.650254890199 701.5345983040752
1423 3748.085902928324 676.984003367601
1424 3731.856821275618 654.1073719593696
1425 3713.1672946933722 633.1926653630799
1426 3692.2525789747488 614.5031489892863
1427 3669.3759396451387 598.274078502669
1428 3644.8253380879833 584.7097385239322
1429 3618.9098068096137 573.9808711820515
1430 3591.9555594698177 566.2225268855691
1431 3564.301884643348 561.5323643650627
1432 4238.5625 847.0775756835938
1433 4232.268952401922 823.5656339230482
1434 4215.0585552988705 806.3545218649087
1435 4191.546875 800.0599975585938
1436 4168.03189220935 806.3519156790571
1437 4150.81828584836 823.5633771314751
1438 4144.5234375 847.0775756835938
1439 4150.81828584836 870.5917742357124
1440 4168.03189220935 887.8032356881304
1441 4191.546875 894.0951538085938
1442 4215.0585552988705 887.8006295022788
1443 4232.268952401922 870.5895174441393
1444 4101.00830078125 1712.40185546875
1445 4095.3432164141013 1683.877827737946
1446 4079.189487071053 1659.6958020331804
1447 4055.00851978386 1643.5404883584706
1448 4026.48486328125 1637.87353515625
1449 3997.9588073769773 1643.538244454423
1450 3973.775188094707 1659.6930380245904
1451 3957.619443904314 1683.8760222602868
1452 3951.95361328125 1712.40185546875
1453 3957.6197244014656 1740.9273887490854
1454 3973.7755336056107 1765.1100414802786
1455 3997.9590330662795 1781.2645831943955
1456 4026.48486328125 1786.9291992186336
1457 4055.008294101928 1781.2623393081594
1458 4079.189141578303 1765.1072774898494
1459 4095.342935934739 1740.9255832788767
1460 2928.0625 847.0780639647273
1461 2921.768952401879 823.5661222042982
1462 2904.558555298834 806.3550101462752
1463 2881.046875 800.0604858398438
1464 2857.5351770711823 806.3550203094492
1465 2840.324777238904 823.5661574391415
1466 2834.03125 847.0781249998836
1467 2840.3248179573384 870.5900409601163
1468 2857.535212331153 887.8011279463535
1469 2881.046875 894.0956420896109
1470 2904.558555298834 887.8011177831795
1471 2921.768952401879 870.5900057251565
1472 3139.14892578125 1767.422729492071
1473 3135.1413592080316 1742.0699163683457
1474 3123.4919994423108 1719.198140307446
1475 3105.3422649658896 1701.0484058310976
1476 3082.470488905037 1689.3990460654022
1477 3057.11767578125 1685.3914794921875
1478 2997.094238281239 1685.3914794921875
1479 2971.741401925374 1689.3990535929333
1480 2948.8696095675623 1701.048434512224
1481 2930.719871538302 1719.1981995500391
1482 2919.070524654522 1742.070009243209
1483 2915.06298828125 1767.4228515627328
1484 2919.0708266507863 1792.7754019256681
1485 2930.720302352529 1815.6468752969522
1486 2948.8700048537867 1833.7963347218465
1487 2971.7416342438482 1845.4455041061155
1488 2997.094238281239 1849.4530029299203
1489 3057.11767578125 1849.4530029299203
1490 3082.4703030503333 1845.4454965781188
1491 3105.3419487370265 1833.7963060402544
1492 3123.4916547910434 1815.6468160541262
1493 3135.141117611096 1792.7753090506885
1494 2741.4833984375 628.9862670897273
1495 2283.0009765625 628.9863281248836
1496 2282.000465482881 628.9898273582803
1497 2281.0 629.0000000003492
1498 2281.0 471.041015625
1499 2274.1896166305633 445.4464291293407
1500 2255.4617739956047 426.71858649444766
1501 2229.8671875 419.9082031248836
1502 2153.953125 419.90823364269454
1503 2078.0380859375 419.90823364269454
1504 2052.443490594149 426.7186220639851
1505 2033.7156465833214 445.4464772520587
1506 2026.9052734375 471.04107666003983
1507 2026.9052734375 772.9258422851562
1508 2033.715329646031 798.520841978956
1509 2052.4432163093516 817.2490863177227
1510 2078.0380859375 824.0596313475398
1511 2132.9443359375 824.0595703123836
1512 2132.9443359375 1229.2119140625
1513 1767.8077392578089 1229.2120361330453
1514 1752.8028564453089 1214.207153320429
1515 1752.8028564453089 1034.0596923825797
1516 1769.1823017712268 1026.0945235240506
1517 1775.8106689453089 1009.1300048826961
1518 1768.4886855184232 991.442913324805
1519 1750.8018798828089 984.1202392578125
1520 1701.7833251953089 984.1202392578125
1521 1684.0958881326114 991.4425678200787
1522 1676.7735595703089 1009.1300048826961
1523 1676.7735595703089 1229.2120361330453
1524 1272.1221923828089 1229.2120971682016
1525 867.4708251953089 1229.2121582032414
1526 852.4659423828089 1214.2072753907414
1527 852.4658813476599 1034.059814453125
1528 868.8453266736578 1026.0946455944795
1529 875.473693847649 1009.1301269528922
1530 868.1513436907735 991.4427293547196
1531 850.463928222649 984.1204223632812
1532 801.445373535149 984.1204223632812
1533 783.7585678994437 991.4430964302737
1534 776.436584472649 1009.1301879883977
1535 776.4366455078089 1229.2121582032414
1536 591.3673095703089 1229.2122802734375
1537 588.4380326541141 1222.1379368703347
1538 581.3634033203089 1219.2093505859375
1539 561.3555908203089 1219.2093505859375
1540 554.2809614865037 1222.1379368703347
1541 551.3516845703089 1229.2122802734375
1542 353.95910644530886 1229.2122802734375
1543 331.169644149526 1228.9523003990762
1544 308.39206181039845 1228.1719645415433
1545 285.6382392617561 1226.8716796917142
1546 262.92004394530886 1225.0521240234375
1547 236.69766231564063 1222.4842615758535
1548 210.5098289978996 1219.5851924143499
1549 184.36072719179356 1216.3553796310443
1550 158.2545339101125 1212.79533915082
1551 132.1954193115198 1208.9056396484375
1552 107.70473048215354 1204.9969698683126
1553 83.24430440741708 1200.9031824985286
1554 58.8155403137207 1196.62451171875
1555 55.71938490455432 1167.932374931639
1556 37.28316460391943 1145.730332846404
1557 9.648536682128906 1137.41455078125
1558 9.648466746013582 778.2009938557167
1559 9.64839680989462 418.98743693029974
1560 9.648326873779297 59.7738800047664
1561 34.662220357113256 53.078404081985354
1562 52.97238124903015 34.76823550986592
1563 59.667846679680224 9.754339218139648
1564 421.0531005859302 9.754268646240234
1565 782.4383544921802 9.75419807434082
1566 782.4384155273401 229.83720397914294
1567 789.7610895942853 247.52400961495005
1568 807.4481811523401 254.84599304187577
1569 850.4638061523401 254.84597778343596
1570 868.1508977103949 247.52399435651023
1571 875.4735717773401 229.83718872070312
1572 868.8452046032107 212.87267007946502
1573 852.4657592773401 204.90750122105237
1574 852.4656982421875 24.760044097551145
1575 867.4705810546802 9.754181862110272
1576 1275.1234130859339 9.754102230188437
1577 1682.7762451171875 9.754022598266602
1578 1682.7762451171875 229.83703613257967
1579 1690.0985794401822 247.5234864045633
1580 1707.7850341796875 254.84580993675627
1581 1750.8016357421875 254.84580993675627
1582 1768.488101278177 247.52347561891656
1583 1775.8104248046875 229.83700561523438
1584 1769.1820524527502 212.87249662773684
1585 1752.8026123046802 204.90733337390702
1586 1752.8026123046802 24.759868621476926
1587 1767.8074951171802 9.754006385453977
1588 2233.92425537109 9.75391530978959
1589 2700.041015625 9.753824234125204
1590 2706.6215296476003 34.56712716980837
1591 2724.64747421454 52.844667755183764
1592 2749.3671875 59.76846313511487
1593 2745.6396484375 328.8739318847656
1594 2730.1494140625 343.87979125999846
1595 2530.0166015625 343.8798217771109
1596 2519.1040382795945 320.421812138753
1597 2495.060546875 310.8681335450383
1598 2470.2994574073637 321.119048756198
1599 2460.0478515625 345.8798522950383
1600 2460.0478515625 363.88668823218904
1601 2470.2987664151224 388.64875461289193
1602 2495.060546875 398.9003601075383
1603 2519.1043784978247 389.34630445193034
1604 2530.0166015625 365.88763427734375
1605 2730.1494140625 365.8876037597656
1606 2744.921875 380.6610412596492
1607 550.3515625 608.9788818359375
1608 552.3785206952853 637.4561483083526
1609 558.4394924500884 665.3546767041553
1610 568.4109758786763 692.1059903821442
1611 582.0897862349848 717.1649890154367
1612 599.1971961231611 740.0210558727849
1613 619.3846150091122 760.2084624419222
1614 642.240692303978 777.31585838506
1615 667.2996992829794 790.9946534523042
1616 694.051019044804 800.9661205593729
1617 721.9495511385685 807.027075292659
1618 750.4268188476599 809.0540161133977
1619 1150.576171875 809.0539550782414
1620 1179.0534444604637 807.0270047852537
1621 1206.951979864014 800.9660392076476
1622 1233.7033010811065 790.9945601529907
1623 1258.76230741978 777.3157523571281
1624 1281.6183817937272 760.2083432718646
1625 1301.8057953570424 740.0209235502407
1626 1318.9131974697775 717.1648439574055
1627 1332.5919976210716 692.1058334459085
1628 1342.5634685149125 665.354509186931
1629 1348.6244255818347 637.455971934367
1630 1350.6513671875 608.9786987305852
1631 1348.6242872917755 580.5015325053828
1632 1342.5632221255546 552.603117887862
1633 1332.5916746875955 525.8519255628344
1634 1318.9128297279312 500.7930498959031
1635 1301.8054135637358 477.937101844931
1636 1281.6180146261177 457.7498045208631
1637 1258.7619804649512 440.64250340277795
1638 1233.7030359455894 426.96378457767423
1639 1206.951793428856 416.9923717925558
1640 1179.0533483031759 410.9314470536774
1641 1150.576171875 408.9045104982797
1642 750.4266967773401 408.90460205078125
1643 721.9495182201754 410.931547685992
1644 694.0510723641164 416.99248210235965
1645 667.299830640728 426.9639049418038
1646 642.2408885279801 440.64263395336457
1647 619.3848584366897 457.7499451288022
1648 599.1974652395911 477.9372521083569
1649 582.0900564493604 500.7932091364637
1650 568.4112204144476 525.8520928289508
1651 558.4396833242317 552.603291965439
1652 552.3786297572988 580.5017119358527
1653 1447.6875 908.0910034180852
1654 1419.6355038167821 911.2426864057779
1655 1392.989145293359 920.560367070022
1656 1369.0858574556005 935.5763727327576
1657 1349.1253932285836 955.5370206020307
1658 1334.1096074828565 979.440446589957
1659 1324.7921719724072 1006.086890837294
1660 1321.6407470703089 1034.138916015625
1661 1324.792397186975 1062.1907676140545
1662 1334.1099822578763 1088.8370034646941
1663 1349.1258392855925 1112.7402106613154
1664 1369.0863008065899 1132.7006528516067
1665 1392.9895225453474 1147.7164867301472
1666 1419.6357674196115 1157.034045995446
1667 1447.6876220703089 1160.185668945196
1668 1475.7396542275055 1157.0342285260558
1669 1502.3861011790868 1147.7167744896142
1670 1526.2895246394692 1132.7009684260702
1671 1546.2501641396448 1112.7404835721245
1672 1561.2661553965117 1088.8371764486656
1673 1570.583815878239 1062.190801685676
1674 1573.7354736328089 1034.1387939453125
1675 1570.5839867600407 1006.0866187291685
1676 1561.2664242280298 979.4400536159519
1677 1546.2504579548913 955.5365567849949
1678 1526.2897770868221 935.5759049131302
1679 1502.3862584426206 920.5599733637646
1680 1475.739679794191 911.2424495402956
1681 2749.3674316406177 2420.231201171875
1682 2724.6477156152214 2427.154998164973
1683 2706.6217706324715 2445.432542657014
1684 2700.0412597656177 2470.245849609375
1685 2233.9245605468677 2470.24609375
1686 1767.8078613281177 2470.2463378907414
1687 1752.8029785156177 2455.2404785157414
1688 1752.8029785156177 2275.0930175782414
1689 1769.1824238415757 2267.1278487197123
1690 1775.8107910156177 2250.1633300782414
1691 1768.4884189475997 2232.4768267543986
1692 1750.8018798828089 2225.154541015858
1693 1707.7852783203089 2225.154541015858
1694 1690.0988971097504 2232.476913126651
1695 1682.7766113281286 2250.1633300782414
1696 1682.7766113281286 2470.2463378907414
1697 1275.1238098144531 2470.2465820311336
1698 867.4710083007776 2470.2468261715258
1699 852.4661254882776 2455.240966796875
1700 852.4660034179688 2275.093505859608
1701 868.8454487440213 2267.128337000846
1702 875.4738159179688 2250.163818359142
1703 868.1511418508817 2232.4770127236843
1704 850.4640502929688 2225.1550292969914
1705 807.4484252929688 2225.1550292969914
1706 789.7613337350558 2232.4770127236843
1707 782.4386596679688 2250.163818359142
1708 782.4387817382776 2470.2468261715258
1709 421.05351829528445 2470.2469482419547
1710 59.668254852287646 2470.247070312267
1711 52.972780682874145 2445.233168410021
1712 34.662606506124575 2426.9230022625998
1713 9.648701667789283 2420.2275390623836
1714 9.648534774783911 2061.014038085821
1715 9.648367881774902 1701.8005371092586
1716 9.648200988769531 1342.587036132696
1717 37.28285663816496 1334.2712255775696
1718 55.7190681826869 1312.069131038268
1719 58.81516647338867 1283.3769531247672
1720 83.24392771088606 1279.0982416431652
1721 107.70435124260621 1275.004413582501
1722 132.1950378418005 1271.0957031248836
1723 158.25414939946495 1267.2060037755873
1724 184.36033963336013 1263.6459633719642
1725 210.509438386267 1260.4161505888915
1726 236.6972686468289 1257.5170813507866
1727 262.9196472168005 1254.9492187501164
1728 285.63784148475315 1253.1296325244475
1729 308.391663684808 1251.8293171330588
1730 331.16924637397824 1251.0489507659804
1731 353.9587097168005 1250.7889404296875
1732 551.3512573242188 1250.7889404296875
1733 554.2805558121981 1257.8633054263191
1734 561.3552246093677 1260.791870117304
1735 581.3630371093677 1260.7917480472242
1736 588.4376269799614 1257.863140168949
1737 591.3668823242078 1250.7888183591422
1738 776.4362182617188 1250.7888183591422
1739 776.4363403320276 1470.870849609375
1740 783.7583237588733 1488.5579411673825
1741 801.4451293945276 1495.8806152342586
1742 850.4636840820276 1495.8804931640625
1743 868.1511211448124 1488.5581646017963
1744 875.4734497070276 1470.870727538946
1745 868.8450825329455 1453.9062088975916
1746 852.4656372070276 1445.9410400390625
1747 852.4655761718677 1265.7935791015625
1748 867.4703979492188 1250.7886962890625
1749 1272.1217956542932 1250.7885131835938
1750 1676.7731933593677 1250.788330078125
1751 1676.7733154296875 1470.8703613280086
1752 1684.0956439918991 1488.5577983908588
1753 1701.7830810546875 1495.8801269532414
1754 1750.8016357421875 1495.8801269532414
1755 1768.4884413778964 1488.5574528861325
1756 1775.8104248046875 1470.8703613280086
1757 1769.1820127922983 1453.9058038648218
1758 1752.8024902343786 1445.9406738282414
1759 1752.8024902343786 1265.793212890625
1760 1767.8073730468677 1250.788330078125
1761 2132.9440917968677 1250.7882080080453
1762 2132.9443359375 1655.940551757929
1763 2078.0380859375 1655.940551757929
1764 2052.4431646594894 1662.7510558927897
1765 2033.715227783181 1681.4793057349743
1766 2026.9051513671875 1707.0743408200797
1767 2026.9053955078089 2008.959106445429
1768 2033.7157995639027 2034.553605900146
1769 2052.4435864827065 2053.2813928187825
1770 2078.0380859375 2060.0917968746508
1771 2153.953125 2060.0917968746508
1772 2229.8671875 2060.0917968746508
1773 2255.4617739955174 2053.281413505203
1774 2274.189616630476 2034.5535708704265
1775 2281.0 2008.958984375
1776 2281.0 1850.9999999998836
1777 2282.000465482881 1851.0101726417197
1778 2283.0009765625 1851.0136718748836
1779 2741.4833984375 1851.0134277341422
1780 2744.921875 2099.3386230467586
1781 2730.1496582031177 2114.1120605469914
1782 2530.0168457031177 2114.1123046873836
1783 2519.104523912123 2090.6535700699314
1784 2495.060546875 2081.099609375
1785 2470.29892427141 2091.351301244227
1786 2460.0480957031177 2116.1132812501164
1787 2460.0480957031177 2134.1201171875
1788 2470.2997015479777 2158.8809207264567
1789 2495.0607910156177 2169.1318359376164
1790 2519.104292426593 2159.5781462534796
1791 2530.0168457031177 2136.1201171873836
1792 2730.1496582031177 2136.119873046642
1793 2745.6398925781177 2151.1257324217586
1794 550.3515625 1871.022338867304
1795 552.3786558191096 1899.4995069123106
1796 558.4397349182218 1927.3979213358834
1797 568.4112964907254 1954.149111346691
1798 582.0901554591692 1979.2079825205728
1799 599.1975851668722 2002.0639238923322
1800 619.3849968391551 2022.2512123967754
1801 642.2410425868839 2039.358502654708
1802 667.2999972182915 2053.0372087327996
1803 694.051248067477 2063.0086070898687
1804 721.9496994705187 2069.069515974028
1805 750.4268798828089 2071.096435547108
1806 1150.5762939453089 2071.0961914063664
1807 1179.053460894731 2069.069238653872
1808 1206.9518945843702 2063.008300393936
1809 1233.703124271542 2053.036876967526
1810 1258.7620551463697 2039.3581504793838
1811 1281.6180754231282 2022.2508446706925
1812 1301.8054607903323 2002.063545520883
1813 1318.9128642139476 1979.2075983074028
1814 1332.5916977252855 1954.148725852836
1815 1342.563235402602 1927.397538752528
1816 1348.6242928129577 1899.499130948563
1817 1350.6513671875 1871.02197265625
1818 1348.624416109531 1842.5446945760632
1819 1342.5634481982124 1814.6461540138116
1820 1332.591965356758 1787.8948282995261
1821 1318.9131524768964 1762.8358184283134
1822 1301.8057372221047 1739.979741756455
1823 1281.6183105062446 1719.7923273573397
1824 1258.762223396814 1702.684926047572
1825 1233.7032051798524 1689.0061284567928
1826 1206.9518733817713 1679.034661936923
1827 1179.053329121547 1672.9737110470887
1828 1150.5760498046875 1670.9467773436336
1829 750.4266967773401 1670.947021484375
1830 721.9494248102055 1672.9739804646233
1831 694.050891255607 1679.0349545530044
1832 667.2995730804141 1689.0064417684916
1833 642.2405709146005 1702.6852572087664
1834 619.384501759454 1719.7926732666092
1835 599.1970943545311 1739.98009914672
1836 582.0896992142953 1762.8361839582212
1837 568.4109067075369 1787.895198642742
1838 558.4394439744901 1814.6465259436518
1839 552.3784954183393 1842.545065045124
1840 1447.6873779296875 1571.9095458984375
1841 1475.7395261047204 1568.7580512426794
1842 1502.3860650577626 1559.4404926770367
1843 1526.2895403867806 1544.4245410590665
1844 1546.2501787043511 1524.4638834106736
1845 1561.2661071731673 1500.5603935396066
1846 1570.5836399330656 1473.9138455629582
1847 1573.7351074218677 1445.8616943359375
1848 1570.5834496672978 1417.809686595574
1849 1561.2657891855706 1391.1633118325844
1850 1546.2497979287036 1367.2600047091255
1851 1526.289158428528 1347.2995198551798
1852 1502.3857349681457 1332.2837137916358
1853 1475.7392880165644 1322.9662597551942
1854 1447.6872558593677 1319.814819336054
1855 1419.63536718889 1322.966450020438
1856 1392.989093450593 1332.2840317783412
1857 1369.0858527375603 1347.2999006297905
1858 1349.1253860314755 1367.2603866666323
1859 1334.109540329082 1391.1636419218266
1860 1324.7919843768104 1417.80992468365
1861 1321.6403808593677 1445.8618164063664
1862 1324.7918484455804 1473.9138455113862
1863 1334.1093282877264 1500.5602834393503
1864 1349.1251575004535 1524.4636923575308
1865 1369.085661685247 1544.4243125269422
1866 1392.9889833507732 1559.4402806345606
1867 1419.6353671373145 1568.757915310678
GTSP_SET_SECTION
1 1 -1
2 2 3 4 5 6 7 8 -1
3 9 10 11 12 13 14 15 -1
4 16 17 18 19 20 21 22 -1
5 23 24 25 26 27 28 29 30 31 32 -1
6 33 34 35 36 37 38 39 -1
7 40 41 42 43 44 45 46 -1
8 47 48 49 50 51 52 53 -1
9 54 55 56 57 58 59 60 61 62 63 -1
10 64 65 66 67 68 69 -1
11 70 71 72 73 74 75 76 -1
12 77 78 79 80 81 82 83 -1
13 84 85 86 87 88 89 -1
14 90 91 92 93 94 95 96 97 98 99 -1
15 100 101 102 103 104 105 -1
16 106 107 108 109 110 111 112 -1
17 113 114 115 116 117 118 119 120 121 122 -1
18 123 124 125 126 127 128 129 -1
19 130 131 132 133 134 135 136 137 138 139 -1
20 140 141 142 143 144 145 146 147 148 149 150 151 152 153 154 155 156 -1
21 157 158 159 160 161 162 163 164 165 166 167 168 169 170 171 172 173 -1
22 174 175 176 177 178 179 180 181 182 183 184 185 186 187 188 189 190 -1
23 191 192 193 194 195 196 197 198 199 200 -1
24 201 202 203 204 205 206 207 208 209 210 211 212 213 214 215 216 217 -1
25 218 219 220 221 222 223 224 225 226 227 228 229 230 231 232 233 234 -1
26 235 236 237 238 239 240 241 242 243 244 -1
27 245 246 247 248 249 250 251 -1
28 252 253 254 255 256 257 258 259 260 261 262 263 264 265 266 267 268 -1
29 269 270 271 272 273 274 275 276 277 278 -1
30 279 280 281 282 283 284 285 -1
31 286 287 288 289 290 291 292 293 294 295 296 297 -1
32 298 299 300 301 302 303 -1
33 304 305 306 307 308 309 310 -1
34 311 312 313 314 315 316 317 -1
35 318 319 320 321 322 323 324 325 326 -1
36 327 328 329 330 331 332 333 334 335 336 -1
37 337 338 339 340 341 342 343 -1
38 344 345 346 347 348 349 350 351 352 353 354 355 356 357 358 -1
39 359 360 361 362 363 364 365 366 367 368 369 370 371 372 373 -1
40 374 375 376 377 378 379 380 381 382 383 384 385 386 387 388 -1
41 389 390 391 392 393 394 395 -1
42 396 397 398 399 400 401 -1
43 402 403 404 405 406 407 408 409 410 411 412 413 -1
44 414 415 416 417 418 419 420 421 422 423 424 -1
45 425 426 427 428 429 430 431 432 433 434 435 436 437 438 439 440 441 442 443 444 445 446 447 448 449 450 451 452 453 454 455 456 457 458 459 460 461 462 463 464 465 466 467 468 469 470 471 472 473 474 475 476 477 478 479 480 481 482 483 484 -1
46 485 486 487 488 489 490 491 492 493 494 495 496 497 498 499 -1
47 500 501 502 503 504 505 506 507 508 509 510 511 512 513 514 -1
48 515 516 517 518 519 520 521 522 523 524 525 526 527 528 529 -1
49 530 531 532 533 534 535 536 537 538 539 540 541 -1
50 542 543 544 545 546 547 548 549 550 551 552 553 -1
51 554 555 556 557 558 559 560 561 562 563 -1
52 564 565 566 567 568 569 570 571 572 573 -1
53 574 575 576 577 578 579 580 581 582 583 -1
54 584 585 586 587 588 589 590 591 592 -1
55 593 594 595 596 597 598 599 600 601 602 603 604 605 606 607 -1
56 608 609 610 611 612 613 614 615 616 617 618 619 620 621 622 -1
57 623 624 625 626 627 628 629 630 631 632 633 634 635 636 637 -1
58 638 639 640 641 642 643 644 645 646 647 648 649 650 651 652 -1
59 653 654 655 656 657 658 659 660 661 662 663 664 665 666 667 668 669 670 671 672 673 674 675 676 677 678 679 680 681 682 683 684 685 686 687 688 689 690 691 692 693 694 695 696 697 698 699 700 701 702 703 704 705 706 707 708 709 710 711 712 -1
60 713 714 715 716 717 718 719 720 721 722 723 724 725 726 727 -1
61 728 729 730 731 732 733 734 735 736 737 738 739 740 741 742 -1
62 743 744 745 746 747 748 749 750 751 752 753 754 755 756 757 -1
63 758 759 760 761 762 763 764 765 766 767 768 769 770 771 772 773 774 775 776 777 778 779 780 781 782 783 784 785 786 787 788 789 790 791 792 793 794 795 796 797 798 799 800 801 802 803 804 805 806 807 808 809 810 811 812 813 814 815 816 817 818 819 820 821 822 823 824 825 826 827 828 829 830 831 832 833 834 835 836 837 838 839 -1
64 840 841 842 843 844 845 846 847 848 849 850 851 852 853 854 855 856 857 858 859 860 861 862 863 864 865 866 867 868 869 870 871 872 873 874 875 876 877 878 879 880 881 882 883 884 885 886 887 888 889 890 891 892 893 894 895 896 897 898 899 -1
65 900 901 902 903 904 905 906 907 908 909 910 911 -1
66 912 913 914 915 916 917 918 919 920 921 922 923 924 925 926 927 928 929 -1
67 930 931 932 933 934 935 936 937 938 939 940 941 942 943 944 945 946 947 948 949 950 951 952 953 954 955 956 957 958 959 960 961 962 963 964 965 966 967 968 969 970 971 972 973 974 975 976 977 978 979 980 981 982 983 984 985 986 987 988 989 990 991 992 993 994 995 996 997 998 999 1000 1001 1002 1003 1004 1005 1006 1007 1008 1009 1010 1011 -1
68 1012 1013 1014 1015 1016 1017 1018 1019 1020 1021 1022 1023 1024 1025 1026 1027 1028 1029 1030 1031 1032 1033 1034 1035 1036 1037 1038 1039 1040 1041 1042 1043 1044 1045 1046 1047 1048 1049 1050 1051 1052 1053 1054 1055 1056 1057 1058 1059 1060 1061 1062 1063 1064 1065 1066 1067 1068 1069 1070 1071 -1
69 1072 1073 1074 1075 1076 1077 1078 1079 1080 1081 1082 1083 -1
70 1084 1085 1086 1087 1088 1089 1090 1091 1092 1093 1094 1095 -1
71 1096 1097 1098 1099 1100 1101 1102 1103 1104 1105 1106 1107 1108 1109 1110 1111 1112 1113 -1
72 1114 1115 1116 1117 1118 1119 1120 1121 1122 1123 1124 1125 1126 1127 1128 1129 1130 1131 1132 1133 1134 1135 1136 1137 1138 1139 1140 1141 1142 1143 1144 1145 1146 1147 1148 1149 1150 1151 1152 1153 1154 1155 1156 1157 1158 1159 1160 1161 1162 1163 1164 1165 1166 1167 1168 1169 1170 1171 1172 1173 1174 1175 1176 1177 1178 1179 1180 1181 1182 1183 1184 1185 1186 1187 1188 1189 1190 1191 1192 1193 1194 1195 1196 1197 -1
73 1198 1199 1200 1201 1202 1203 1204 1205 1206 1207 1208 1209 1210 1211 1212 1213 1214 1215 1216 1217 1218 1219 1220 1221 1222 1223 1224 1225 1226 1227 1228 1229 1230 1231 1232 1233 1234 1235 1236 1237 1238 1239 1240 1241 1242 1243 1244 1245 1246 1247 1248 1249 1250 1251 1252 1253 1254 1255 -1
74 1256 1257 1258 1259 1260 1261 1262 1263 1264 1265 1266 1267 1268 1269 1270 1271 1272 1273 1274 1275 1276 1277 -1
75 1278 1279 1280 1281 1282 1283 1284 1285 1286 1287 1288 1289 -1
76 1290 1291 1292 1293 1294 1295 1296 1297 1298 1299 1300 1301 1302 1303 1304 1305 1306 1307 1308 1309 1310 1311 1312 1313 1314 1315 1316 1317 1318 1319 1320 1321 1322 1323 1324 1325 1326 1327 1328 1329 1330 1331 1332 1333 1334 1335 1336 1337 1338 1339 1340 1341 1342 1343 1344 1345 1346 1347 1348 1349 1350 1351 1352 1353 1354 1355 1356 1357 1358 1359 1360 1361 1362 1363 1364 1365 1366 1367 1368 1369 1370 1371 1372 1373 -1
77 1374 1375 1376 1377 1378 1379 1380 1381 1382 1383 1384 1385 1386 1387 1388 1389 1390 1391 1392 1393 1394 1395 1396 1397 1398 1399 1400 1401 1402 1403 1404 1405 1406 1407 1408 1409 1410 1411 1412 1413 1414 1415 1416 1417 1418 1419 1420 1421 1422 1423 1424 1425 1426 1427 1428 1429 1430 1431 -1
78 1432 1433 1434 1435 1436 1437 1438 1439 1440 1441 1442 1443 -1
79 1444 1445 1446 1447 1448 1449 1450 1451 1452 1453 1454 1455 1456 1457 1458 1459 -1
80 1460 1461 1462 1463 1464 1465 1466 1467 1468 1469 1470 1471 -1
81 1472 1473 1474 1475 1476 1477 1478 1479 1480 1481 1482 1483 1484 1485 1486 1487 1488 1489 1490 1491 1492 1493 -1
82 1494 1495 1496 1497 1498 1499 1500 1501 1502 1503 1504 1505 1506 1507 1508 1509 1510 1511 1512 1513 1514 1515 1516 1517 1518 1519 1520 1521 1522 1523 1524 1525 1526 1527 1528 1529 1530 1531 1532 1533 1534 1535 1536 1537 1538 1539 1540 1541 1542 1543 1544 1545 1546 1547 1548 1549 1550 1551 1552 1553 1554 1555 1556 1557 1558 1559 1560 1561 1562 1563 1564 1565 1566 1567 1568 1569 1570 1571 1572 1573 1574 1575 1576 1577 1578 1579 1580 1581 1582 1583 1584 1585 1586 1587 1588 1589 1590 1591 1592 1593 1594 1595 1596 1597 1598 1599 1600 1601 1602 1603 1604 1605 1606 -1
83 1607 1608 1609 1610 1611 1612 1613 1614 1615 1616 1617 1618 1619 1620 1621 1622 1623 1624 1625 1626 1627 1628 1629 1630 1631 1632 1633 1634 1635 1636 1637 1638 1639 1640 1641 1642 1643 1644 1645 1646 1647 1648 1649 1650 1651 1652 -1
84 1653 1654 1655 1656 1657 1658 1659 1660 1661 1662 1663 1664 1665 1666 1667 1668 1669 1670 1671 1672 1673 1674 1675 1676 1677 1678 1679 1680 -1
85 1681 1682 1683 1684 1685 1686 1687 1688 1689 1690 1691 1692 1693 1694 1695 1696 1697 1698 1699 1700 1701 1702 1703 1704 1705 1706 1707 1708 1709 1710 1711 1712 1713 1714 1715 1716 1717 1718 1719 1720 1721 1722 1723 1724 1725 1726 1727 1728 1729 1730 1731 1732 1733 1734 1735 1736 1737 1738 1739 1740 1741 1742 1743 1744 1745 1746 1747 1748 1749 1750 1751 1752 1753 1754 1755 1756 1757 1758 1759 1760 1761 1762 1763 1764 1765 1766 1767 1768 1769 1770 1771 1772 1773 1774 1775 1776 1777 1778 1779 1780 1781 1782 1783 1784 1785 1786 1787 1788 1789 1790 1791 1792 1793 -1
86 1794 1795 1796 1797 1798 1799 1800 1801 1802 1803 1804 1805 1806 1807 1808 1809 1810 1811 1812 1813 1814 1815 1816 1817 1818 1819 1820 1821 1822 1823 1824 1825 1826 1827 1828 1829 1830 1831 1832 1833 1834 1835 1836 1837 1838 1839 -1
87 1840 1841 1842 1843 1844 1845 1846 1847 1848 1849 1850 1851 1852 1853 1854 1855 1856 1857 1858 1859 1860 1861 1862 1863 1864 1865 1866 1867 -1
GTSP_SET_ORDERING
10 86 85 -1
11 86 85 -1
12 87 85 -1
16 83 82 -1
17 83 82 -1
18 84 82 -1
19 81 76 -1
20 77 76 -1
21 77 76 -1
27 73 72 -1
28 73 72 -1
29 74 72 -1
30 68 67 -1
31 68 67 -1
32 68 67 -1
33 68 67 -1
34 68 67 -1
35 68 67 -1
36 68 67 -1
37 68 67 -1
41 64 63 -1
42 64 63 -1
43 64 63 -1
44 64 63 -1
64 63 -1
65 63 -1
66 63 -1
68 67 -1
69 67 -1
70 67 -1
71 67 -1
73 72 -1
74 72 -1
75 72 -1
77 76 -1
78 76 -1
79 76 -1
80 76 -1
81 76 -1
83 82 -1
84 82 -1
86 85 -1
87 85 -1
EOF