NAME: Lc89v1192
TYPE: PCGTSP 
COMMENT: 
DIMENSION: 1193
GTSP_SETS: 90
EDGE_WEIGHT_TYPE: EUC_2D
NODE_COORD_SECTION
1 0.0 0.0
2 139.00001525878906 1789.9999999997672
3 39.00001525878906 1789.9999999997672
4 30.213213299542986 1768.7867911694339
5 9.0 1759.9999999998836
6 8.999796390533447 1322.2499999998836
7 8.999592781063257 884.4999999998836
8 8.999389171596704 446.75
9 8.999185562130151 9.0
10 23.99918556213015 8.999993324046955
11 158.9992980956995 242.82695007300936
12 158.9994735717737 620.9599342343863
13 158.99964904784792 999.0929183957633
14 158.99982452392578 1377.2259025571402
15 159.0 1755.3588867185172
16 319.0 1787.9998779294547
17 179.00001525878906 1787.9999999997672
18 179.0 1777.9999999995343
19 176.07106781181574 1770.9289321877295
20 169.0 1767.9999999997672
21 168.99981307983035 1365.9999999997672
22 168.99962615966433 963.9999999996508
23 168.99943923949832 561.9999999996508
24 168.99925231932866 159.99999999965075
25 183.99925231932866 159.99999999965075
26 318.9993591308594 393.8269653315656
27 318.99957275390625 858.5512695309008
28 318.9997863769531 1323.2755737301195
29 930.0151977539099 1630.3239746092586
30 629.9032745361365 1630.324096679571
31 329.7913513183594 1630.3242187497672
32 329.7831268310547 1199.662231445196
33 329.77490234375 769.0002441405086
34 629.887451171875 769.0001220700797
35 930.0 768.9999999996508
36 930.0 784.0059814450797
37 866.15185546875 801.1150512692984
38 837.926446106223 810.5014203869505
39 811.0156426199828 823.1736859547673
40 785.8004062533546 838.9524537732359
41 762.6376950511512 857.6143526224187
42 741.8554106036318 878.8951964036096
43 723.747756126475 902.4937240744475
44 708.5710715898604 928.075864433893
45 696.540204856421 955.279465381871
46 687.8254701997939 983.7194207046414
47 682.5502372604205 1012.993121808744
48 680.7891845703089 1042.686157226446
49 680.7893066406177 1356.6351318357047
50 682.5502809798018 1386.3282568227733
51 687.8254567051772 1415.6020543759223
52 696.5401556690231 1444.0421093000332
53 708.5710080329845 1471.2458092968445
54 723.747698756044 1496.82804455515
55 741.8553786633711 1520.4266595672816
56 762.6377059636397 1541.7075799915474
57 785.8004751575754 1560.3695419834694
58 811.0157819649212 1576.1483570444398
59 837.926665309009 1588.8206520125968
60 866.1521606445276 1598.2070312496508
61 930.0151977539099 1615.318969726446
62 1706.0 344.99999999976717
63 1472.1732177734375 480.00009155238513
64 986.0866394042932 480.0002746578539
65 500.000061035149 480.0004577632062
66 470.73651016410076 482.8826783543918
67 442.59754377776335 491.4185541634215
68 416.6645268530665 505.28005618520547
69 393.93405094435366 523.9344945333432
70 375.2796357189436 546.6649894182337
71 361.41816007754096 572.5980204435764
72 352.8823128929798 600.7369955130853
73 350.00012207030886 630.000549316057
74 330.00012207030886 630.000549316057
75 330.0 365.000549316057
76 354.74874813108545 354.74927586806007
77 365.0 330.0005187985953
78 812.0 330.0003458657302
79 1259.0 330.0001729328651
80 1706.0 330.0
81 1736.0 604.9989013669547
82 1711.2512410792588 615.2501856045565
83 1701.0 639.9989624021109
84 1254.0 639.999308268074
85 807.0 639.9996541339206
86 360.0 639.9999999998836
87 360.0 624.9999999997672
88 593.826721191399 489.99981689441483
89 1079.9132995605396 489.9994354246883
90 1565.9998779296802 489.9990539548453
91 1595.2634238865467 487.11682220059447
92 1623.4023834923864 478.5809371173382
93 1649.3353923100549 464.71942798164673
94 1672.0658593540902 446.0649848161265
95 1690.7202655233777 423.3344874101458
96 1704.5817324503478 397.40145603148267
97 1713.1175717345905 369.2624825326493
98 1715.9997558593677 339.9989318846492
99 1735.9997558593677 339.9989318846492
100 1916.0 24.99999999976717
101 1682.1729736328089 159.99999999965075
102 1214.3909301757776 159.99999999965075
103 746.60888671875 159.99999999965075
104 278.82684326171875 159.99999999965075
105 45.0 24.99999999976717
106 45.0 9.99999999976717
107 512.75 9.99999999976717
108 980.5 9.99999999976717
109 1448.25 9.99999999976717
110 1916.0 9.99999999976717
111 1919.1009521484375 319.99996948218904
112 1517.264419555664 320.0001296994742
113 1115.427886962887 320.0002899168758
114 713.5913543701135 320.00045013416093
115 311.7548217773401 320.0006103514461
116 277.113830566399 300.00061035132967
117 234.52882385253906 197.6969451905461
118 247.9586123856352 186.6459734981181
119 253.0 170.00062561011873
120 654.25 170.00046920753084
121 1055.5 170.00031280482654
122 1456.75 170.00015640223864
123 1858.0 169.99999999965075
124 1869.5992608908018 196.0269947447814
125 1896.7088623046875 204.80291748035233
126 2132.0 1295.998901367071
127 2122.0 1295.998901367071
128 2114.9289321881806 1298.9278335551498
129 2112.0 1305.9989013669547
130 1638.3333333333321 1305.9992675778922
131 1164.6666666666679 1305.9996337887133
132 691.0 1305.9999999996508
133 690.9998779296802 1156.0
134 1171.3332519531214 1155.9996337890625
135 1651.6666259765589 1155.9992675780086
136 2132.0 1155.998901367071
137 2159.0 1465.9999999998836
138 1685.3333333333321 1466.0002034504432
139 1211.6666666666679 1466.0004069010029
140 738.0 1466.0006103515625
141 735.071067811914 1458.9295425395248
142 728.0 1456.0006103513297
143 718.0 1456.0006103513297
144 717.9999389648401 1316.000610351446
145 1198.3332926432267 1316.0004069008864
146 1678.6666463216134 1316.0002034502104
147 2159.0 1315.9999999996508
148 2201.0 1790.99853515625
149 1733.25 1790.998901367071
150 1265.5 1790.9992675780086
151 797.75 1790.999633788946
152 330.0 1790.9999999997672
153 330.0 1775.9999999997672
154 563.8267211914099 1640.999877929571
155 1031.6087646484411 1640.9995117186336
156 1499.3908081054688 1640.999145507696
157 1967.1728515625 1640.9987792967586
158 2201.0 1775.9985351557843
159 2245.0 1490.9999999996508
160 2011.1732177734302 1626.0001220700797
161 1663.3911336262972 1626.0002441403922
162 1315.6090494791606 1626.0003662107047
163 967.8269653320276 1626.0004882810172
164 734.0 1491.0006103513297
165 734.0 1476.0006103513297
166 1111.75 1476.000457763439
167 1489.5 1476.000305175432
168 1867.25 1476.0001525875414
169 2245.0 1475.9999999996508
170 2472.0 1010.9999999997672
171 2238.1728515625 1145.9999999996508
172 1860.0398864746094 1145.9999999996508
173 1481.9069213867188 1145.9999999996508
174 1103.7739562988281 1145.9999999996508
175 725.6409912109375 1145.9999999996508
176 691.0 1126.0
177 691.0 1025.9999999996508
178 712.2132034355491 1017.2132034354145
179 721.0 995.9999999998836
180 1158.75 995.9999999998836
181 1596.5 995.9999999998836
182 2034.25 995.9999999998836
183 2472.0 995.9999999998836
184 2527.0 985.9999999997672
185 2070.75 986.0001831051195
186 1614.5 986.0003662105883
187 1158.25 986.0005493159406
188 702.0 986.0007324214093
189 702.0 971.0007324216422
190 935.8269653320276 836.0006103514461
191 1388.275675455723 836.0004272459773
192 1840.7243855794222 836.0002441403922
193 2293.1730957031177 836.0000610349234
194 2527.0 970.9999999997672
195 2676.0 684.9999999995343
196 2442.1728515625 819.9999999998836
197 1974.3908691406214 819.9999999998836
198 1506.6088867187464 819.9999999998836
199 1038.8269042968677 819.9999999998836
200 805.0 684.9999999995343
201 805.0 669.9999999996508
202 1272.75 669.9999999996508
203 1740.5 669.9999999996508
204 2208.25 669.9999999996508
205 2676.0 669.9999999996508
206 3527.0 504.9999999998836
207 3293.1728515625 639.9999999998836
208 2915.0398864746094 639.9999999998836
209 2536.9069213867188 639.9999999998836
210 2158.773956298828 639.9999999998836
211 1780.6409912109375 639.9999999998836
212 1746.0 619.9999999997672
213 1746.0 519.9999999996508
214 1767.2132034355454 511.21320343541447
215 1776.0 490.0
216 2213.75 490.0
217 2651.5 490.0
218 3089.25 490.0
219 3527.0 490.0
220 3527.0 344.99999999976717
221 3293.1728515625 479.99999999976717
222 2915.0398864746094 479.99999999976717
223 2536.9069213867188 479.99999999976717
224 2158.773956298828 479.99999999976717
225 1780.6409912109375 479.99999999976717
226 1746.0 459.9999999998836
227 1746.0 359.9999999998836
228 1767.2132034355527 351.2132034355309
229 1776.0 330.0
230 2213.75 330.0
231 2651.5 330.0
232 3089.25 330.0
233 3527.0 330.0
234 3508.999999999989 129.99998474109452
235 3487.786791169652 138.78678670013323
236 3479.0 159.99999999965075
237 3041.25 160.0001716610277
238 2603.5 160.00034332252108
239 2165.75 160.00051498401444
240 1728.0 160.0006866453914
241 1728.0 145.00068664562423
242 1961.8270263671875 10.000591277959757
243 2339.9599914550745 10.000443935277872
244 2718.092956542965 10.000296592595987
245 3096.225921630852 10.000149250030518
246 3474.358886718739 10.000001907348633
247 3508.999999999989 29.999988555558957
248 3757.0 185.0
249 3523.1730957031177 320.0000915527344
250 3055.3911132812464 320.0002746582031
251 2587.6091308593714 320.00045776355546
252 2119.8271484375 320.0006408690242
253 1886.0 185.00073242164217
254 1886.0 170.00073242175858
255 2353.75 170.00054931628983
256 2821.5 170.00036621070467
257 3289.25 170.00018310523592
258 3757.0 169.99999999965075
259 3790.88623046875 1285.9999999998836
260 3756.2453613281177 1305.9999999996508
261 3354.408813476555 1306.0001525875414
262 2952.5722656249927 1306.0003051755484
263 2550.73571777343 1306.000457763439
264 2148.8991699218677 1306.000610351446
265 2171.2912597656177 1190.803588867304
266 2198.4008026106894 1182.0275960292201
267 2210.0 1156.0006103512133
268 2611.25 1156.000457763439
269 3012.5 1156.0003051756648
270 3413.75 1156.0001525877742
271 3815.0 1156.0
272 3820.041402428 1172.6453332304955
273 3833.471191406239 1183.6962890623836
274 3874.0 1630.9985351561336
275 3417.75 1630.9989013669547
276 2961.5 1630.9992675777758
277 2505.25 1630.9996337887133
278 2049.0 1630.9999999995343
279 2049.0 1615.9999999998836
280 2282.82666015625 1480.999877929571
281 2735.275390625 1480.9995117186336
282 3187.72412109375 1480.9991455075797
283 3640.1728515625 1480.9987792966422
284 3874.0 1615.99853515625
285 3882.0 1655.9999999996508
286 3648.1730957031177 1791.0001220703125
287 3183.3911132812464 1791.0002848306904
288 2718.6091308593714 1791.0004475909518
289 2253.8271484375 1791.0006103513297
290 2020.0 1656.0007324216422
291 2020.0 1641.0007324217586
292 2485.5 1641.0005493162898
293 2951.0 1641.000366210821
294 3416.5 1641.000183105236
295 3882.0 1640.9999999997672
296 3950.0 1330.9999999998836
297 3716.1728515625 1465.9999999998836
298 3338.0399169921875 1465.9999999998836
299 2959.906982421875 1465.9999999998836
300 2581.7740478515625 1465.9999999998836
301 2203.64111328125 1465.9999999998836
302 2169.0 1445.9999999996508
303 2169.0 1345.9999999998836
304 2190.2132034356437 1337.2132034354145
305 2199.0 1315.9999999996508
306 2636.75 1315.9999999996508
307 3074.5 1315.9999999996508
308 3512.25 1315.9999999996508
309 3950.0 1315.9999999996508
310 4043.0 1110.9999999996508
311 4018.251262658472 1121.2512626581592
312 4008.0 1145.9999999996508
313 3577.0 1146.0001525875414
314 3146.0 1146.0003051755484
315 2715.0 1146.0004577635555
316 2284.0 1146.000610351446
317 2284.0 1131.000610351446
318 2517.8269042968677 996.0006103510968
319 3014.6708984374964 996.0004069006536
320 3511.5148925781214 996.0002034503268
321 4008.35888671875 995.9999999998836
322 4043.0 1015.9999999998836
323 4192.0 845.9999999998836
324 3958.1730957031177 981.0000610350398
325 3493.3911132812464 981.0002441403922
326 3028.6091308593714 981.0004272458609
327 2563.8271484375 981.0006103512133
328 2330.0 846.0007324214093
329 2330.0 831.0007324216422
330 2795.5 831.0005493161734
331 3261.0 831.0003662107047
332 3726.5 831.0001831052359
333 4192.0 830.9999999997672
334 4349.0 820.9999999998836
335 3883.5 821.0001831053523
336 3418.0 821.0003662108211
337 2952.5 821.0005493162898
338 2487.0 821.0007324217586
339 2487.0 806.0007324215258
340 2720.8269042968677 671.0006103514461
341 3185.6088867187464 671.0004272459773
342 3650.3908691406214 671.000244140625
343 4115.1728515625 671.0000610351562
344 4349.0 806.0
345 4390.0 650.9999999996508
346 4380.0 650.9999999996508
347 4372.928932188086 653.9289321878459
348 4370.0 660.9999999998836
349 4014.0 661.0001424151706
350 3658.0 661.000284830574
351 3302.0 661.0004272458609
352 3302.0 646.0004272459773
353 3535.82666015625 511.00033569301013
354 3962.913330078125 511.00016784633044
355 4390.0 510.99999999953434
356 5048.0 337.9988098144531
357 4670.25 337.99910736072343
358 4292.5 337.99940490711015
359 3914.75 337.99970245338045
360 3537.0 337.99999999976717
361 3537.0 322.9999999998836
362 3770.82666015625 187.99981689429842
363 4118.608723958332 187.9995473222807
364 4466.390787760418 187.999277750263
365 4814.1728515625 187.99900817824528
366 5048.0 322.9988098141039
367 5300.0 24.99999999976717
368 5066.172851562489 159.99999999965075
369 4688.03991699218 159.99999999965075
370 4309.906982421871 159.99999999965075
371 3931.774047851559 159.99999999965075
372 3553.64111328125 159.99999999965075
373 3519.0 140.00000000011642
374 3519.0 39.999999999883585
375 3540.21320343564 31.21320343541447
376 3549.0 9.99999999976717
377 3986.75 9.99999999976717
378 4424.5 9.99999999976717
379 4862.25 9.99999999976717
380 5300.0 9.99999999976717
381 5316.0 362.99999999965075
382 5082.1728515625 497.99999999976717
383 4704.0399169921875 497.99999999976717
384 4325.906982421875 497.99999999976717
385 3947.7740478515625 497.99999999976717
386 3569.64111328125 497.99999999976717
387 3535.0 477.99999999965075
388 3535.0 377.99999999965075
389 3556.2132034355454 369.21320343529806
390 3564.999999999989 347.99999999976717
391 4002.7499999999927 347.99999999976717
392 4440.499999999996 347.99999999976717
393 4878.249999999996 347.99999999976717
394 5316.0 347.99999999976717
395 5318.0263671875 1131.0625
396 5303.0205078125 1146.0781249997672
397 4887.530924479168 1146.0783284503268
398 4472.041341145832 1146.0785319008864
399 4056.5517578125 1146.078735351446
400 4056.5517578125 946.0005493162898
401 4455.367838541668 946.0003662108211
402 4854.183919270832 946.0001831053523
403 5253.0 945.9999999998836
404 5318.0263671875 1011.0234374998836
405 5474.0 1490.9999999996508
406 5240.1728515625 1625.9999999998836
407 4798.057535807289 1625.9999999998836
408 4355.9422200520785 1625.9999999998836
409 3913.8269042968677 1625.9999999998836
410 3680.0 1490.9999999996508
411 3680.0 1475.9999999996508
412 4128.5 1475.9999999996508
413 4577.0 1475.9999999996508
414 5025.5 1475.9999999996508
415 5474.0 1475.9999999996508
416 5556.0 1790.9999999997672
417 5090.5 1791.000183105236
418 4625.0 1791.0003662105883
419 4159.5 1791.000549316057
420 3694.0 1791.0007324215258
421 3694.0 1776.0007324215258
422 3927.8269042968677 1641.000610351446
423 4392.608886718746 1641.0004475909518
424 4857.390869140621 1641.0002848303411
425 5322.1728515625 1641.0001220698468
426 5556.0 1775.9999999997672
427 5542.999999999989 1435.9999999998836
428 5521.7867965644 1444.7867965642363
429 5513.0 1465.9999999998836
430 5075.25 1466.0001831053523
431 4637.5 1466.000366210821
432 4199.75 1466.0005493161734
433 3762.0 1466.0007324216422
434 3762.0 1451.000732421875
435 3995.8269042968677 1316.000610351446
436 4373.95989990234 1316.0004577635555
437 4752.092895507809 1316.0003051755484
438 5130.225891113278 1316.0001525875414
439 5508.35888671875 1315.9999999996508
440 5542.999999999989 1335.9999999998836
441 5559.0 1270.9999999996508
442 5534.251262658472 1281.2512626581592
443 5524.0 1305.9999999996508
444 5093.0 1306.0001525875414
445 4662.0 1306.0003051755484
446 4231.0 1306.0004577635555
447 3800.0 1306.000610351446
448 3800.0 1291.000610351446
449 4033.8269042968677 1156.0006103512133
450 4530.670898437496 1156.00040690077
451 5027.514892578121 1156.0002034504432
452 5524.35888671875 1156.0
453 5559.0 1175.9999999996508
454 5523.0 920.9999999996508
455 5508.0 935.9999999997672
456 5070.666666666668 936.000162760145
457 4633.333333333332 936.0003255204065
458 4196.0 936.0004882807843
459 4196.0 921.0004882810172
460 4429.82666015625 786.0004272458609
461 4785.557454427082 786.000284830574
462 5141.288248697918 786.0001424151706
463 5497.01904296875 785.9999999998836
464 5523.0 800.9999999997672
465 5807.999999999996 609.9999999998836
466 5370.499999999996 610.0001831053523
467 4933.0 610.0003662109375
468 4933.0 595.0003662110539
469 5166.82666015625 460.0002441405086
470 5574.1728515625 460.0000915522687
471 5807.999999999996 595.0000000001164
472 5829.999999999996 770.0
473 5449.749999999996 770.0001525877742
474 5069.499999999996 770.0003051756648
475 4689.25 770.0004577635555
476 4309.0 770.0006103513297
477 4309.0 755.0006103514461
478 4542.82666015625 620.0004882806679
479 4893.942057291668 620.000345865381
480 5245.057454427082 620.000203450094
481 5596.1728515625 620.000061034807
482 5829.999999999996 754.9999999995343
483 6348.999999999996 828.9999999998836
484 6167.134765624989 933.9999999998836
485 5775.865234374996 933.9999999998836
486 5594.0 828.9999999998836
487 5594.0 814.0
488 5971.499999999996 814.0
489 6348.999999999996 814.0
490 6394.018554687496 1415.9765624997672
491 6369.003943517488 1422.6730091425125
492 6350.694004803077 1440.9847352736397
493 6343.999999999996 1465.9999999998836
494 5981.363769531246 1466.0000610349234
495 5618.7275390625 1466.0001220699633
496 5612.0333716753885 1440.9845752470428
497 5593.723031801983 1422.6728054368868
498 5568.7080078125 1415.9766845700797
499 5568.7080078125 1115.8634033200797
500 5568.7080078125 815.7501220700797
501 5583.7138671875 815.7501220700797
502 5585.276811134558 843.7551403817488
503 5589.966976553616 871.4088235498639
504 5597.725325605166 898.3630785833811
505 5608.454199438129 924.2786166000878
506 5622.018547478612 948.8292236528359
507 5638.247627390021 971.70586697408
508 5656.937154306121 992.6205849514809
509 5677.851872283467 1011.3101118676132
510 5700.72851560474 1027.539191778982
511 5725.279122657437 1041.10353981948
512 5751.1946606741585 1051.8324136524461
513 5778.148915707712 1059.5907627040287
514 5805.802598875805 1064.2809281230439
515 5833.807617187496 1065.8438720700797
516 6128.918945312496 1065.8437499996508
517 6156.923963624173 1064.280806052615
518 6184.577646792259 1059.5906406334834
519 6211.531901825812 1051.8322915820172
520 6237.447439842519 1041.103417749051
521 6261.998046895216 1027.5390697085531
522 6284.874690216482 1011.3099897971842
523 6305.789408193825 992.6204628810519
524 6324.478935109928 971.7057449037675
525 6340.7080150213405 948.8291015825234
526 6354.272363061831 924.2784945297753
527 6365.001236894797 898.3629565130686
528 6372.759585946358 871.4087014795514
529 6377.449751365424 843.7550183114363
530 6379.012695312496 815.7499999997672
531 6394.018554687496 815.7499999997672
532 6394.018554687496 1115.8632812497672
533 6623.999999999996 483.99999999953434
534 6130.195556640621 484.0001831051195
535 5636.39111328125 484.0003662108211
536 5402.56396484375 349.00045776355546
537 5400.0 334.0004577636719
538 5796.333333333332 334.00030517566483
539 6192.666666666661 334.0001525876578
540 6588.999999999996 333.99999999965075
541 6599.2512626584685 358.74873734114226
542 6623.999999999996 368.99999999965075
543 6629.999999999996 189.0
544 6396.173339843746 324.00009155250154
545 5954.057942708332 324.00026448548306
546 5511.942545572914 324.00043741834816
547 5069.8271484375 324.00061035132967
548 4836.0 189.00070190394763
549 4836.0 174.00070190394763
550 5284.5 174.0005264278734
551 5732.999999999996 174.0003509517992
552 6181.499999999996 174.0001754758414
553 6629.999999999996 173.99999999976717
554 6884.999999999996 133.9999847408617
555 6863.786791169554 142.78678670013323
556 6854.999999999996 163.99999999988358
557 6417.249999999996 164.00017166126054
558 5979.499999999996 164.00034332252108
559 5541.75 164.0005149837816
560 5104.0 164.00068664515857
561 5104.0 149.00068664515857
562 5337.8271484375 14.000591277959757
563 5715.960083007809 14.000443935277872
564 6094.093017578121 14.000296592595987
565 6472.225952148434 14.000149249797687
566 6850.358886718746 14.000001907115802
567 6884.999999999996 33.99998855579179
568 6830.764648437496 508.99999999965075
569 6596.937499999996 643.9999999997672
570 6254.882080078121 643.9999999997672
571 5912.826660156246 643.9999999997672
572 5679.0 508.99999999965075
573 5679.0 493.99999999976717
574 6062.999999999996 493.99999999976717
575 6446.999999999996 493.99999999976717
576 6830.999999999996 493.99999999976717
577 6954.811523437496 668.9999999998836
578 6720.984863281246 804.0001220701961
579 6327.667724609371 804.0002746580867
580 5934.350585937496 804.0004272460938
581 5700.523925781246 669.0004882811336
582 5699.0 654.0004882810172
583 6118.333333333332 654.0003255206393
584 6537.666666666661 654.0001627602614
585 6956.999999999996 653.9999999998836
586 6983.999999999996 1650.9999999998836
587 6750.173339843746 1786.0001220698468
588 6364.724609374996 1786.0002441402758
589 5979.275878906246 1786.0003662107047
590 5593.8271484375 1786.0004882811336
591 5360.0 1651.000610351446
592 5360.0 1636.0006103513297
593 5765.999999999996 1636.000457763439
594 6171.999999999996 1636.0003051755484
595 6577.999999999996 1636.0001525876578
596 6983.999999999996 1635.9999999997672
597 7066.999999999996 1595.9999999996508
598 7045.786796564349 1604.7867965641199
599 7036.999999999996 1625.9999999998836
600 6599.249999999996 1626.0001831053523
601 6161.499999999996 1626.000366210821
602 5723.749999999996 1626.0005493162898
603 5286.0 1626.0007324217586
604 5286.0 1611.0007324215258
605 5519.8271484375 1476.0006103513297
606 5897.960083007809 1476.000457763439
607 6276.093017578121 1476.000305175432
608 6654.225952148434 1476.0001525875414
609 7032.358886718746 1475.9999999996508
610 7066.999999999996 1495.9999999998836
611 7229.291992187496 1415.9764404294547
612 7204.2769681980535 1422.6725612962618
613 7185.966628324644 1440.9843311063014
614 7179.272460937496 1465.9998779292218
615 6816.636230468746 1465.9999389644945
616 6453.999999999996 1465.9999999998836
617 6447.305995196915 1440.9847352736397
618 6428.996056482505 1422.6730091425125
619 6403.981445312496 1415.9765624997672
620 6403.981445312496 1115.8632812497672
621 6403.981445312496 815.7499999997672
622 6418.987304687496 815.7499999997672
623 6420.550248634569 843.7550183114363
624 6425.240414053635 871.4087014795514
625 6432.998763105195 898.3629565130686
626 6443.727636938162 924.2784945297753
627 6457.291984978652 948.8291015825234
628 6473.521064890065 971.7057449037675
629 6492.210591806168 992.6204628810519
630 6513.125309783511 1011.3099897971842
631 6536.0019531047765 1027.5390697085531
632 6560.552560157474 1041.103417749051
633 6586.46809817418 1051.8322915820172
634 6613.422353207734 1059.5906406334834
635 6641.07603637582 1064.280806052615
636 6669.081054687496 1065.8437499996508
637 6964.192382812496 1065.8436279294547
638 6992.197401124187 1064.2806839824189
639 7019.851084292288 1059.5905185632873
640 7046.8053393258415 1051.8321695117047
641 7072.720877342563 1041.1032956787385
642 7097.27148439526 1027.5389476382406
643 7120.148127716533 1011.3098677268717
644 7141.062845693876 992.6203408107394
645 7159.752372609979 971.7056228333386
646 7175.981452521384 948.8289795120945
647 7189.5458005618675 924.2783724594628
648 7200.274674394826 898.3628344426397
649 7208.03302344638 871.4085794091225
650 7212.723188865439 843.7548962410074
651 7214.286132812496 815.7498779293383
652 7229.291992187496 815.7498779293383
653 7229.291992187496 1115.8631591793383
654 7184.999999999996 829.9999999997672
655 7003.134765624996 935.0000610346906
656 6611.865234374996 935.0002441405086
657 6429.999999999996 830.0003051757812
658 6429.999999999996 815.0003051755484
659 6807.499999999996 815.0001525876578
660 7184.999999999996 814.9999999997672
661 7658.999999999996 804.9993286132812
662 7211.999999999996 804.999664306757
663 6764.999999999996 805.0000000001164
664 6764.999999999996 789.9999999996508
665 6998.826660156246 654.9998168945312
666 7425.173339843746 654.9995117185172
667 7658.999999999996 789.9993286132812
668 7661.999999999996 477.9994506831281
669 7317.499999999996 477.99972534144763
670 6972.999999999996 477.99999999965075
671 6972.999999999996 462.9999999998836
672 7154.865234374996 357.99984741176013
673 7480.134765624996 357.9996032710187
674 7661.999999999996 462.9994506832445
675 7756.008300781246 610.2343749997672
676 7741.002441406246 610.2343749997672
677 7720.439453124996 533.4999999996508
678 7711.053543417034 505.27428462111857
679 7698.381681980736 478.3631301046116
680 7682.603259048399 453.1475063874386
681 7663.941643141585 429.98438048828393
682 7642.6610189366365 409.2016630739672
683 7619.062647312883 391.0935663661221
684 7593.480600528612 375.91643910156563
685 7566.277032900118 363.88513751130085
686 7537.837053934785 355.1699836901389
687 7508.563276497192 349.894354418735
688 7478.870117187496 348.13293456996325
689 7171.824218749996 348.1330871579703
690 7142.13085494006 349.894304645597
691 7112.856854477275 355.16977981780656
692 7084.416642473498 363.8848290183814
693 7057.212840294265 375.9160753537435
694 7031.630565743169 391.09319531044457
695 7008.031981040087 409.20132998516783
696 6986.751165776161 429.9841267914744
697 6968.089387427859 453.1473685824312
698 6952.31083638452 478.36313881375827
699 6939.638885867342 505.2744637808064
700 6930.252929687496 533.5003662105883
701 6909.690917968746 610.2347412108211
702 6894.685058593746 610.2347412108211
703 6894.684814453121 317.6175670622615
704 6894.684570312496 25.00039291358553
705 6909.690429687496 10.000386238098145
706 7325.345214843746 10.000193118932657
707 7740.999999999996 9.99999999976717
708 7756.007812499996 25.007804870256223
709 7756.008056640621 317.6210899349535
710 7724.999999999996 643.9999999997672
711 7309.999999999996 644.0001525876578
712 6894.999999999996 644.0003051755484
713 6894.999999999996 629.0003051753156
714 7128.826660156246 494.0002441405086
715 7491.172851562496 494.0000915527344
716 7724.999999999996 628.9999999996508
717 7971.999999999996 1044.9999999997672
718 7946.986451883971 1051.6955520991469
719 7928.676509130561 1070.0054948525503
720 7921.980957031246 1095.0190429686336
721 7664.384521484371 1095.0191040036734
722 7406.788085937496 1095.0191650387133
723 7398.001550607656 1073.7942554614274
724 7376.776855468746 1065.007202148321
725 7376.776855468746 974.9742431638297
726 7578.825195312496 893.3411865234375
727 7604.346675027755 881.6183277955279
728 7628.660063129031 867.5602161638672
729 7651.552274018537 851.2900586907053
730 7672.822677474698 832.9504490868421
731 7692.284857000701 812.7021180022275
732 7709.7682436021605 790.7225243628491
733 7725.119610675301 767.2043000974227
734 7738.204416904195 742.3535618877504
735 7748.907985397851 716.3881047357572
736 7757.136508732914 689.535493180505
737 7762.817871093746 662.0310668942984
738 7831.947753906246 225.56105041503906
739 7941.988769531246 225.56100463855546
740 7950.775116097782 246.78577106201556
741 7971.999511718746 255.57301330531482
742 7971.999755859371 650.2865066524828
743 8101.007812499996 1455.9921874997672
744 8085.999999999996 1470.9999999998836
745 7670.345214843746 1471.0000610349234
746 7254.690429687496 1471.0001220699633
747 7239.684570312496 1456.0001220700797
748 7239.684570312496 1163.3829650875414
749 7239.684570312496 870.7658081051195
750 7254.690429687496 870.7658081051195
751 7275.252929687496 947.5001831053523
752 7284.638899745518 975.7260697203455
753 7297.310861018235 1002.637377875857
754 7313.089419670421 1027.8531308091478
755 7331.751202532749 1051.0163553155726
756 7353.032019340793 1071.799135329784
757 7376.630602811467 1089.9072541528149
758 7402.2128736098275 1105.084359605913
759 7429.416669827919 1117.1155931445537
760 7457.856874021705 1125.8306315580849
761 7487.130865223942 1131.1060981940245
762 7516.824218749996 1132.8673095700797
763 7823.870117187496 1132.8671874998836
764 7853.563284724292 1131.1057627617847
765 7882.837069570309 1125.8301266612252
766 7911.277054783601 1117.1149642104283
767 7938.4806271809975 1105.0836523827165
768 7964.062676967438 1089.9065135152778
769 7987.661049577098 1071.7984041260788
770 8008.941672546749 1051.0156732781325
771 8027.603284842338 1027.8525335512822
772 8043.381701687624 1002.6368959957035
773 8056.0535545195125 975.7257280298509
774 8065.439453124996 947.4999999995343
775 8086.001953124996 870.765625
776 8101.007812499996 870.765625
777 8101.007812499996 1163.3789062498836
778 8562.999999999996 1760.9999999996508
779 8541.786796564356 1769.7867965641199
780 8532.999999999996 1790.9999999997672
781 8096.499999999996 1791.000183105236
782 7659.999999999996 1791.0003662105883
783 7223.499999999996 1791.000549316057
784 6786.999999999996 1791.0007324215258
785 6786.999999999996 1776.0007324215258
786 7020.827148437496 1641.000610351446
787 7397.710205078121 1641.0004577635555
788 7774.593261718746 1641.0003051756648
789 8151.476318359371 1641.0001525876578
790 8528.359374999996 1640.9999999997672
791 8562.999999999996 1661.0
792 8852.999999999996 1495.9999999998836
793 8619.172851562496 1630.9999999995343
794 8242.289916992184 1630.9999999995343
795 7865.406982421871 1630.9999999995343
796 7488.524047851559 1630.9999999995343
797 7111.641113281246 1630.9999999995343
798 7076.999999999996 1610.9999999997672
799 7076.999999999996 1510.9999999998836
800 7098.213203435644 1502.2132034354145
801 7106.999999999996 1480.9999999996508
802 7543.499999999996 1480.9999999996508
803 7979.999999999996 1480.9999999996508
804 8416.499999999996 1480.9999999996508
805 8852.999999999996 1480.9999999996508
806 9043.999999999996 1470.9993896484375
807 8633.499999999996 1470.9996948241023
808 8222.999999999996 1470.9999999998836
809 8222.999999999996 1455.9999999995343
810 8456.827148437496 1320.999877929571
811 8810.172851562496 1320.9995117186336
812 9043.999999999996 1455.999389648321
813 8970.454101562496 990.0476074215258
814 8558.708007812496 1055.2618408203125
815 8531.20342154818 1060.9431130050216
816 8504.350646084229 1069.1715739237843
817 8478.385024849278 1079.8751075969776
818 8453.534126063863 1092.9599059815519
819 8430.015748284142 1108.3112911249045
820 8408.036011569133 1125.7947202264331
821 8387.787551000674 1145.256964799366
822 8369.44782838869 1166.5274535977514
823 8353.177576958162 1189.4197675392497
824 8339.119392649005 1213.7332735212985
825 8327.396484374996 1239.2548828123836
826 8251.053710937511 1428.2128906247672
827 8141.012207031246 1428.2130126949633
828 8132.225153625488 1406.9885617909022
829 8111.000488281246 1398.2020263669547
830 8111.000244140621 1129.1010131832445
831 8110.999999999996 859.9999999995343
832 8136.0135481159705 853.304447900271
833 8154.3234908693885 834.994505146984
834 8161.019042968746 809.9809570310172
835 8550.731201171871 809.9807739256648
836 8940.443359374996 809.9805908201961
837 8949.230067641653 831.2046962223249
838 8970.454101562496 839.9915771485539
839 9137.999999999996 1310.9993896482047
840 8726.499999999996 1310.9996948241023
841 8314.999999999996 1311.0
842 8314.999999999996 1295.9999999998836
843 8548.827148437496 1160.9998779294547
844 8902.992187499996 1160.9995117186336
845 9136.819335937496 1295.9993896484375
846 9513.999999999996 185.0
847 9280.172851562496 320.0000915527344
848 8894.72428385416 320.000244140625
849 8509.275716145832 320.0003967283992
850 8123.827148437496 320.00054931628983
851 7889.999999999996 185.0006256098859
852 7889.999999999996 170.00062561011873
853 8295.999999999996 170.00046920753084
854 8701.999999999996 170.00031280482654
855 9107.999999999996 170.00015640223864
856 9513.999999999996 169.99999999965075
857 9541.999999999996 24.99999999976717
858 9308.172851562496 159.99999999965075
859 8931.289916992184 159.99999999965075
860 8554.406982421871 159.99999999965075
861 8177.524047851559 159.99999999965075
862 7800.641113281246 159.99999999965075
863 7765.999999999996 140.00000000011642
864 7765.999999999996 39.999999999883585
865 7787.213203435636 31.21320343541447
866 7795.999999999996 9.99999999976717
867 8232.499999999996 9.99999999976717
868 8668.999999999996 9.99999999976717
869 9105.499999999996 9.99999999976717
870 9541.999999999996 9.99999999976717
871 9677.999999999996 344.99999999976717
872 9444.172851562496 479.99999999976717
873 8968.328938802082 479.99999999976717
874 8492.48502604166 479.99999999976717
875 8016.641113281246 479.99999999976717
876 7981.999999999996 459.9999999998836
877 7981.999999999996 359.9999999998836
878 8003.213203435549 351.2132034355309
879 8011.999999999996 330.0
880 8428.499999999996 330.0
881 8844.999999999996 330.0
882 9261.499999999996 330.0
883 9677.999999999996 330.0
884 9757.999999999996 504.9999999998836
885 9524.172851562496 639.9999999998836
886 9147.289916992184 639.9999999998836
887 8770.406982421871 639.9999999998836
888 8393.524047851559 639.9999999998836
889 8016.641113281246 639.9999999998836
890 7981.999999999996 619.9999999997672
891 7981.999999999996 519.9999999996508
892 8003.213203435542 511.21320343541447
893 8011.999999999996 490.0
894 8448.499999999996 490.0
895 8884.999999999996 490.0
896 9321.499999999996 490.0
897 9757.999999999996 490.0
898 9677.999999999996 665.0
899 9444.172851562496 799.9999999997672
900 8968.328938802082 799.9999999997672
901 8492.48502604166 799.9999999997672
902 8016.641113281246 799.9999999997672
903 7981.999999999996 780.0
904 7981.999999999996 679.9999999998836
905 8003.213203435644 671.213203435298
906 8011.999999999996 649.9999999995343
907 8428.499999999996 649.9999999995343
908 8844.999999999996 649.9999999995343
909 9261.499999999996 649.9999999995343
910 9677.999999999996 649.9999999995343
911 9899.999999999996 1655.9999999996508
912 9666.172851562496 1790.9999999997672
913 9310.44205729166 1790.9999999997672
914 8954.711263020832 1790.9999999997672
915 8598.980468749996 1790.9999999997672
916 8572.999999999996 1775.9999999997672
917 8572.999999999996 1655.9999999996508
918 8587.999999999996 1640.9999999997672
919 9025.333333333332 1640.9999999997672
920 9462.66666666666 1640.9999999997672
921 9899.999999999996 1640.9999999997672
922 9913.999999999996 1600.9990234373836
923 9892.7867965644 1609.7858200017363
924 9883.999999999996 1630.9990234373836
925 9477.66666666666 1630.9993489581393
926 9071.333333333332 1630.9996744787786
927 8664.999999999996 1630.9999999995343
928 8664.999999999996 1615.9999999998836
929 8898.827148437511 1480.999877929571
930 9389.092773437504 1480.9994506834773
931 9879.358398437496 1480.9990234375
932 9913.999999999996 1500.9990234371508
933 10116.476562499996 1335.9999999998836
934 9882.649414062496 1470.9999999998836
935 9489.332031249996 1470.9999999998836
936 9096.014648437496 1470.9999999998836
937 8862.188476562496 1335.9999999998836
938 8859.999999999996 1320.9999999997672
939 9279.333333333332 1320.9999999997672
940 9698.66666666666 1320.9999999997672
941 10117.999999999996 1320.9999999997672
942 10301.999999999996 1160.9999999996508
943 10068.172851562496 1295.9999999998836
944 9613.499999999996 1295.9999999998836
945 9158.827148437496 1295.9999999998836
946 8924.999999999996 1160.9999999996508
947 8924.999999999996 1145.9999999996508
948 9383.999999999996 1145.9999999996508
949 9842.999999999996 1145.9999999996508
950 10301.999999999996 1145.9999999996508
951 10457.999999999996 1105.9999999997672
952 10436.7867965644 1114.7867965641199
953 10427.999999999996 1135.9999999997672
954 10011.499999999996 1136.0001525875414
955 9594.999999999996 1136.000305175432
956 9178.499999999996 1136.0004577633226
957 8761.999999999996 1136.0006103510968
958 8761.999999999996 1121.0006103513297
959 8995.827148437496 986.0005493162898
960 9471.671223958332 986.0003662108211
961 9947.51529947916 986.0001831052359
962 10423.359374999996 985.9999999997672
963 10457.999999999996 1005.9999999997672
964 10675.999999999996 840.9999999997672
965 10442.172851562496 975.9999999997672
966 9966.32877604166 975.9999999997672
967 9490.484700520832 975.9999999997672
968 9014.640624999996 975.9999999997672
969 8979.999999999996 955.9999999996508
970 8979.999999999996 856.0
971 9001.213203435687 847.2132034354145
972 9009.999999999996 825.9999999995343
973 9426.499999999996 825.9999999995343
974 9842.999999999996 825.9999999995343
975 10259.499999999996 825.9999999995343
976 10675.999999999996 825.9999999995343
977 10681.999999999996 780.9999999996508
978 10657.251262658468 791.2512626581592
979 10646.999999999996 815.9999999996508
980 10250.666666666668 816.0001627600286
981 9854.33333333334 816.0003255205229
982 9458.000000000011 816.0004882809008
983 9460.563476562511 801.00048828125
984 9694.390624999996 666.0003662108211
985 10188.195312499996 666.0001831053523
986 10681.999999999996 665.9999999998836
987 11000.999999999996 479.9988098143367
988 10623.249999999996 479.99910736072343
989 10245.499999999996 479.99940490711015
990 9867.749999999996 479.99970245338045
991 9489.999999999996 479.99999999976717
992 9489.999999999996 464.99999999976717
993 9723.827148437496 329.999816894182
994 10071.60904947916 329.9995422360953
995 10419.390950520832 329.9992675780086
996 10767.172851562496 329.9989929199219
997 11000.999999999996 464.9988098144531
998 11112.999999999996 124.9999847409781
999 11088.251257263673 135.25125279417261
1000 11077.999999999996 159.99999999965075
1001 10646.999999999996 160.00016784633044
1002 10215.999999999996 160.00033569301013
1003 9784.999999999996 160.00050353980623
1004 9353.999999999996 160.00067138648592
1005 9353.999999999996 145.00067138648592
1006 9587.827148437496 10.000579833984375
1007 10084.671223958332 10.000386555911973
1008 10581.515299479175 10.000193277839571
1009 11078.359375000011 9.99999999976717
1010 11112.999999999996 29.999986648443155
1011 11084.999999999996 285.0
1012 11060.251262658563 295.25126265827566
1013 11049.999999999996 319.99999999965075
1014 10618.999999999996 320.00016784633044
1015 10187.999999999996 320.00033569301013
1016 9756.999999999996 320.00050353980623
1017 9325.999999999996 320.0006713864859
1018 9325.999999999996 305.00067138671875
1019 9559.827148437496 170.00057983363513
1020 10056.671223958332 170.00038655567914
1021 10553.515299479175 170.00019327760674
1022 11050.359375000011 169.99999999965075
1023 11084.999999999996 189.9999847409781
1024 11080.999999999996 639.9999999998836
1025 10703.249999999996 640.0001525876578
1026 10325.499999999996 640.000305175432
1027 9947.749999999996 640.0004577633226
1028 9569.999999999996 640.0006103510968
1029 9569.999999999996 625.0006103515625
1030 9803.827148437496 490.00048828101717
1031 10151.60904947916 490.00035603821743
1032 10499.390950520832 490.0002237954177
1033 10847.172851562496 490.00009155261796
1034 11080.999999999996 624.9999999997672
1035 11078.999999999996 1470.9991455078125
1036 10695.333333333332 1470.9994303385029
1037 10311.66666666666 1470.9997151691932
1038 9927.999999999996 1470.9999999998836
1039 9927.999999999996 1455.9999999995343
1040 10161.827148437496 1320.999877929571
1041 10503.499999999996 1320.9995727537898
1042 10845.172851562496 1320.999267578125
1043 11078.999999999996 1455.9991455078125
1044 11034.999999999996 1630.9991455074633
1045 10672.666666666668 1630.9994303381536
1046 10310.33333333334 1630.999715168844
1047 9948.000000000011 1630.9999999995343
1048 9945.07106781183 1623.9289321877295
1049 9937.999999999996 1620.9999999996508
1050 9927.999999999996 1620.9999999996508
1051 9927.999999999996 1480.9999999996508
1052 10364.586425781246 1480.9996948241023
1053 10801.172851562496 1480.9993896484375
1054 11034.999999999996 1615.9991455075797
1055 11223.999999999996 1790.9999999997672
1056 10846.249999999996 1791.0001525876578
1057 10468.499999999996 1791.0003051755484
1058 10090.749999999996 1791.000457763439
1059 9712.999999999996 1791.0006103513297
1060 9712.999999999996 1776.0006103513297
1061 9946.827148437496 1641.0004882810172
1062 10294.609049479168 1641.0003662105883
1063 10642.39095052084 1641.0002441402758
1064 10990.172851562511 1641.0001220698468
1065 11223.999999999996 1775.9999999997672
1066 11183.999999999996 1310.999145507696
1067 10818.999999999996 1310.9994303385029
1068 10453.999999999996 1310.9997151691932
1069 10088.999999999996 1311.0
1070 10088.999999999996 1295.9999999998836
1071 10322.827148437496 1160.9998779294547
1072 10636.106933593746 1160.999633788946
1073 10949.386718749996 1160.999389648321
1074 11183.213867187496 1295.9991455073468
1075 11367.018554687496 1100.9809570311336
1076 11342.005212976324 1107.6766720090527
1077 11323.695470798502 1125.9865929265507
1078 11316.999999999996 1150.9999999997672
1079 10922.286621093746 1151.000183105236
1080 10527.573242187496 1151.0003662107047
1081 10518.785843648231 1129.77556978981
1082 10497.560546874996 1120.9893798828125
1083 10497.560546874996 1010.9483642576961
1084 10934.031249999996 941.8181762695312
1085 10961.535644911939 936.1367465818767
1086 10988.388219404009 927.9081606818363
1087 11014.353634415547 917.2045348454267
1088 11039.20432605391 904.1196768842638
1089 11062.722499990708 888.7682640032144
1090 11084.702040236396 871.2848377556074
1091 11104.950315564627 851.8226249060826
1092 11123.289867754484 830.5521945332875
1093 11139.559966854864 807.6599631428253
1094 11153.618019840254 783.3465608917177
1095 11165.340820312496 757.8250732419547
1096 11246.973632812496 555.7770385742188
1097 11337.006835937496 555.7769775390625
1098 11345.79386774937 577.0014679071028
1099 11367.018554687496 585.7880249021109
1100 11367.018554687496 843.3844909666805
1101 11523.999999999996 344.99999999976717
1102 11290.172851562496 480.00009155238513
1103 11046.297851562496 480.00018310535233
1104 10812.470703124996 345.0002746582031
1105 10810.999999999996 330.0002746578539
1106 11167.499999999996 330.00013732898515
1107 11523.999999999996 330.0
1108 11976.005859374996 612.994140625
1109 11960.999999999996 627.9999999996508
1110 11835.953125000011 628.0000610351562
1111 11834.509574972431 598.5217924442841
1112 11830.176489064226 569.3280170408543
1113 11822.995804428978 540.7012826136779
1114 11813.037018298146 512.9186489265412
1115 11800.396515362041 486.24900623457506
1116 11785.19663492437 460.9504728683969
1117 11767.584486858712 437.26789707294665
1118 11747.73052782664 415.4304872781504
1119 11725.826911537213 395.64959373814054
1120 11702.085629014753 378.1166630081134
1121 11676.736456873954 363.00138505583163
1122 11650.024733459712 350.4500509420177
1123 11622.208984374996 340.5841369625414
1124 11372.379394531246 265.5100402830867
1125 11122.549804687496 190.43594360351562
1126 11122.549804687496 22.772850036155432
1127 11135.554687499996 9.76796150172595
1128 11530.770507812496 9.768266200786456
1129 11925.986328124996 9.768570899846964
1130 11932.682132356593 34.782043576589786
1131 11950.992252783977 53.09179779642727
1132 11976.005859374996 59.78710174525622
1133 11976.005859374996 336.3906211851863
1134 11982.999999999996 912.9999999998836
1135 11626.630371093746 707.2501678465633
1136 11270.260742187496 501.50033569324296
1137 11278.783203124996 489.10021972621325
1138 11548.783203124996 489.1000976561336
1139 11855.499999999996 666.1828002928523
1140 11990.499999999996 900.0096435542218
1141 11982.499999999989 941.9903564453125
1142 11712.500000000011 941.990539550432
1143 11512.148437499996 826.317443847307
1144 11377.148437499996 592.4906616207445
1145 11384.648437500011 579.5003051756648
1146 11687.324218750004 754.2501525876578
1147 11989.999999999996 928.9999999996508
1148 11982.499999999989 1126.9903564450797
1149 11772.499999999996 1126.9904785151593
1150 11490.808593749996 964.35595703125
1151 11385.808593749996 782.4906616208609
1152 11393.308593749996 769.5003051756648
1153 11691.654296874996 941.7501525877742
1154 11989.999999999996 1114.0
1155 11929.999999999989 1311.0
1156 11579.413574218739 1311.0
1157 11228.827148437496 1311.0
1158 10994.999999999996 1175.9999999996508
1159 10994.999999999996 1160.9999999996508
1160 11452.499999999996 1160.9999999996508
1161 11909.999999999996 1160.9999999996508
1162 11912.928932188082 1168.0710678116884
1163 11919.999999999996 1170.9999999998836
1164 11929.999999999989 1170.9999999998836
1165 11975.000000000011 1335.9999999998836
1166 11741.172851562511 1471.0001220699633
1167 11433.500000000004 1471.0002441402758
1168 11125.827148437496 1471.0003662107047
1169 10891.999999999996 1336.000366211054
1170 10891.999999999996 1321.0003662107047
1171 11253.000000000004 1321.0002441403922
1172 11614.000000000004 1321.0001220700797
1173 11975.000000000011 1320.9999999997672
1174 11819.999999999996 1630.9999999995343
1175 11450.413574218746 1630.9999999995343
1176 11080.827148437496 1630.9999999995343
1177 10846.999999999996 1495.9999999998836
1178 10846.999999999996 1480.9999999996508
1179 11323.500000000004 1480.9999999996508
1180 11800.000000000011 1480.9999999996508
1181 11802.92893218814 1488.0710678114556
1182 11809.999999999996 1490.9999999996508
1183 11819.999999999996 1490.9999999996508
1184 11972.999999999996 1790.9999999997672
1185 11622.413574218746 1790.9999999997672
1186 11271.827148437496 1790.9999999997672
1187 11037.999999999996 1655.9999999996508
1188 11037.999999999996 1640.9999999997672
1189 11495.499999999996 1640.9999999997672
1190 11952.999999999996 1640.9999999997672
1191 11955.92893218809 1648.0710678116884
1192 11962.999999999996 1650.9999999998836
1193 11972.999999999996 1650.9999999998836
GTSP_SET_SECTION
1 1 -1
2 2 3 4 5 6 7 8 9 10 11 12 13 14 15 -1
3 16 17 18 19 20 21 22 23 24 25 26 27 28 -1
4 29 30 31 32 33 34 35 36 37 38 39 40 41 42 43 44 45 46 47 48 49 50 51 52 53 54 55 56 57 58 59 60 61 -1
5 62 63 64 65 66 67 68 69 70 71 72 73 74 75 76 77 78 79 80 -1
6 81 82 83 84 85 86 87 88 89 90 91 92 93 94 95 96 97 98 99 -1
7 100 101 102 103 104 105 106 107 108 109 110 -1
8 111 112 113 114 115 116 117 118 119 120 121 122 123 124 125 -1
9 126 127 128 129 130 131 132 133 134 135 136 -1
10 137 138 139 140 141 142 143 144 145 146 147 -1
11 148 149 150 151 152 153 154 155 156 157 158 -1
12 159 160 161 162 163 164 165 166 167 168 169 -1
13 170 171 172 173 174 175 176 177 178 179 180 181 182 183 -1
14 184 185 186 187 188 189 190 191 192 193 194 -1
15 195 196 197 198 199 200 201 202 203 204 205 -1
16 206 207 208 209 210 211 212 213 214 215 216 217 218 219 -1
17 220 221 222 223 224 225 226 227 228 229 230 231 232 233 -1
18 234 235 236 237 238 239 240 241 242 243 244 245 246 247 -1
19 248 249 250 251 252 253 254 255 256 257 258 -1
20 259 260 261 262 263 264 265 266 267 268 269 270 271 272 273 -1
21 274 275 276 277 278 279 280 281 282 283 284 -1
22 285 286 287 288 289 290 291 292 293 294 295 -1
23 296 297 298 299 300 301 302 303 304 305 306 307 308 309 -1
24 310 311 312 313 314 315 316 317 318 319 320 321 322 -1
25 323 324 325 326 327 328 329 330 331 332 333 -1
26 334 335 336 337 338 339 340 341 342 343 344 -1
27 345 346 347 348 349 350 351 352 353 354 355 -1
28 356 357 358 359 360 361 362 363 364 365 366 -1
29 367 368 369 370 371 372 373 374 375 376 377 378 379 380 -1
30 381 382 383 384 385 386 387 388 389 390 391 392 393 394 -1
31 395 396 397 398 399 400 401 402 403 404 -1
32 405 406 407 408 409 410 411 412 413 414 415 -1
33 416 417 418 419 420 421 422 423 424 425 426 -1
34 427 428 429 430 431 432 433 434 435 436 437 438 439 440 -1
35 441 442 443 444 445 446 447 448 449 450 451 452 453 -1
36 454 455 456 457 458 459 460 461 462 463 464 -1
37 465 466 467 468 469 470 471 -1
38 472 473 474 475 476 477 478 479 480 481 482 -1
39 483 484 485 486 487 488 489 -1
40 490 491 492 493 494 495 496 497 498 499 500 501 502 503 504 505 506 507 508 509 510 511 512 513 514 515 516 517 518 519 520 521 522 523 524 525 526 527 528 529 530 531 532 -1
41 533 534 535 536 537 538 539 540 541 542 -1
42 543 544 545 546 547 548 549 550 551 552 553 -1
43 554 555 556 557 558 559 560 561 562 563 564 565 566 567 -1
44 568 569 570 571 572 573 574 575 576 -1
45 577 578 579 580 581 582 583 584 585 -1
46 586 587 588 589 590 591 592 593 594 595 596 -1
47 597 598 599 600 601 602 603 604 605 606 607 608 609 610 -1
48 611 612 613 614 615 616 617 618 619 620 621 622 623 624 625 626 627 628 629 630 631 632 633 634 635 636 637 638 639 640 641 642 643 644 645 646 647 648 649 650 651 652 653 -1
49 654 655 656 657 658 659 660 -1
50 661 662 663 664 665 666 667 -1
51 668 669 670 671 672 673 674 -1
52 675 676 677 678 679 680 681 682 683 684 685 686 687 688 689 690 691 692 693 694 695 696 697 698 699 700 701 702 703 704 705 706 707 708 709 -1
53 710 711 712 713 714 715 716 -1
54 717 718 719 720 721 722 723 724 725 726 727 728 729 730 731 732 733 734 735 736 737 738 739 740 741 742 -1
55 743 744 745 746 747 748 749 750 751 752 753 754 755 756 757 758 759 760 761 762 763 764 765 766 767 768 769 770 771 772 773 774 775 776 777 -1
56 778 779 780 781 782 783 784 785 786 787 788 789 790 791 -1
57 792 793 794 795 796 797 798 799 800 801 802 803 804 805 -1
58 806 807 808 809 810 811 812 -1
59 813 814 815 816 817 818 819 820 821 822 823 824 825 826 827 828 829 830 831 832 833 834 835 836 837 838 -1
60 839 840 841 842 843 844 845 -1
61 846 847 848 849 850 851 852 853 854 855 856 -1
62 857 858 859 860 861 862 863 864 865 866 867 868 869 870 -1
63 871 872 873 874 875 876 877 878 879 880 881 882 883 -1
64 884 885 886 887 888 889 890 891 892 893 894 895 896 897 -1
65 898 899 900 901 902 903 904 905 906 907 908 909 910 -1
66 911 912 913 914 915 916 917 918 919 920 921 -1
67 922 923 924 925 926 927 928 929 930 931 932 -1
68 933 934 935 936 937 938 939 940 941 -1
69 942 943 944 945 946 947 948 949 950 -1
70 951 952 953 954 955 956 957 958 959 960 961 962 963 -1
71 964 965 966 967 968 969 970 971 972 973 974 975 976 -1
72 977 978 979 980 981 982 983 984 985 986 -1
73 987 988 989 990 991 992 993 994 995 996 997 -1
74 998 999 1000 1001 1002 1003 1004 1005 1006 1007 1008 1009 1010 -1
75 1011 1012 1013 1014 1015 1016 1017 1018 1019 1020 1021 1022 1023 -1
76 1024 1025 1026 1027 1028 1029 1030 1031 1032 1033 1034 -1
77 1035 1036 1037 1038 1039 1040 1041 1042 1043 -1
78 1044 1045 1046 1047 1048 1049 1050 1051 1052 1053 1054 -1
79 1055 1056 1057 1058 1059 1060 1061 1062 1063 1064 1065 -1
80 1066 1067 1068 1069 1070 1071 1072 1073 1074 -1
81 1075 1076 1077 1078 1079 1080 1081 1082 1083 1084 1085 1086 1087 1088 1089 1090 1091 1092 1093 1094 1095 1096 1097 1098 1099 1100 -1
82 1101 1102 1103 1104 1105 1106 1107 -1
83 1108 1109 1110 1111 1112 1113 1114 1115 1116 1117 1118 1119 1120 1121 1122 1123 1124 1125 1126 1127 1128 1129 1130 1131 1132 1133 -1
84 1134 1135 1136 1137 1138 1139 1140 -1
85 1141 1142 1143 1144 1145 1146 1147 -1
86 1148 1149 1150 1151 1152 1153 1154 -1
87 1155 1156 1157 1158 1159 1160 1161 1162 1163 1164 -1
88 1165 1166 1167 1168 1169 1170 1171 1172 1173 -1
89 1174 1175 1176 1177 1178 1179 1180 1181 1182 1183 -1
90 1184 1185 1186 1187 1188 1189 1190 1191 1192 1193 -1
GTSP_SET_ORDERING
EOF