NAME: Lc89v1223
TYPE: PCGTSP 
COMMENT: 
DIMENSION: 1224
GTSP_SETS: 90
EDGE_WEIGHT_TYPE: EUC_2D
NODE_COORD_SECTION
1 0.0 0.0
2 184.42579650878906 137.9667358395527
3 23.795904159538622 126.06346893298905
4 10.0 109.99999999988358
5 12.067106563565176 84.83128859224962
6 14.260078761264595 59.67323150503216
7 16.578861726669857 34.52645817276789
8 19.02339744567871 9.391597747802734
9 168.06735229491824 20.43646240205271
10 185.15488924384772 29.045579697412904
11 191.15036010741824 47.21575164789101
12 186.0 263.99999999976717
13 25.0 263.99999999976717
14 10.0 248.99999999988358
15 10.0 182.99999999988358
16 37.67822265625 155.3217773436918
17 45.788448946703284 149.90293061931152
18 55.35498046875 147.99999999988358
19 161.0 147.99999999988358
20 178.67766952968668 155.3223304702551
21 186.0 173.0
22 170.0 371.99999999976717
23 155.0 386.99999999976717
24 9.9990234375 386.99999999976717
25 9.9990234375 298.99999999976717
26 17.321353907860612 281.3223304701387
27 34.9990234375 273.9999999998836
28 124.6455078125 273.9999999998836
29 134.21209559190902 275.9031561767915
30 142.322265625 281.32226562476717
31 170.0 308.9999999998836
32 339.00100708007085 361.99993896478554
33 331.67867660971024 379.677608494414
34 314.00100708007085 386.9999389646691
35 224.35453796387083 386.99996948218904
36 214.78794549045415 385.09683032205794
37 206.67776489257085 379.6777343748836
38 179.00003051757812 351.99999999976717
39 179.0 288.99999999976717
40 194.0 273.9999999998836
41 339.0009765625 273.99993896478554
42 372.0 248.99999999988358
43 357.0 263.99999999976717
44 196.0 264.0000610349816
45 195.99996948241824 173.00006103509804
46 203.32229455795823 155.3223969002138
47 220.99995422362917 148.00006103509804
48 326.64450073241824 148.00001525855623
49 336.21155770108453 149.90275902632857
50 344.32223510741824 155.32179260236444
51 371.99996948241824 182.99999999988358
52 368.2041015625 126.06347656238358
53 207.57421875 137.96679687476717
54 200.849609375 47.215820312383585
55 206.84507737656168 29.045643442252185
56 223.9326171875 20.436523437383585
57 372.9765625 9.3916015625
58 375.42110822489485 34.526460958702955
59 377.739901201483 59.67323331226362
60 379.9328834154112 84.83128947083605
61 382.0 109.99999999988358
62 491.677734375 110.32223510730546
63 464.0 137.99998474115273
64 407.0 137.99999999988358
65 392.0 123.00000762927812
66 391.9999389648401 10.00000572198769
67 473.9999389648401 9.999974250560626
68 491.6776251879346 17.322290896787308
69 498.99996948241824 34.999965667608194
70 498.99996948241824 92.64449310296914
71 497.0970157146148 102.2116069199983
72 558.0 263.99999999976717
73 397.0 263.99999999976717
74 382.0 248.99999999988358
75 382.0 147.99999999988358
76 533.0 147.99999999988358
77 550.6776695296867 155.3223304702551
78 558.0 173.0
79 510.0009765625 386.9999389646691
80 365.0 386.99999999976717
81 350.0 371.99999999976717
82 349.99996948241824 308.9999999998836
83 377.67770385741824 281.32226562476717
84 385.78787037435177 275.9031397564686
85 395.35446166991824 273.99996948236367
86 485.00094604491824 273.99993896478554
87 502.6786155745576 281.32226943504065
88 510.00094604491824 298.9999389646691
89 652.322326660149 379.6777648924617
90 644.2121566270544 385.09687434043735
91 634.645568847649 387.0000305174035
92 544.999084472649 387.00009155267617
93 527.321425732549 379.6777718719095
94 519.999084472649 362.0001220701961
95 519.9990234375 274.0001220701961
96 665.0 273.9999999998836
97 680.0 288.99999999976717
98 680.000061035149 351.99999999976717
99 744.0 263.99999999976717
100 583.0 263.99999999976717
101 568.0 248.99999999988358
102 568.0 182.99999999988358
103 595.677734375 155.3217773436918
104 603.7884117813337 149.90274376765592
105 613.35546875 147.99999999988358
106 719.0 147.99999999988358
107 736.6776695296867 155.3223304702551
108 744.0 173.0
109 719.3029174804688 131.20916748035233
110 534.8820190429688 132.0375976561918
111 517.1828613073922 124.78860399447149
112 509.7873229980505 107.15017700189492
113 509.35165405273074 9.952727317577228
114 706.212951660149 9.069674491765909
115 721.0 23.99999999976717
116 720.6054145266025 50.80275446723681
117 720.1910387964745 77.60521027812501
118 719.756873035527 104.40735281992238
119 941.0 116.99999999988358
120 926.1847534179688 132.00566101068398
121 730.4210205078089 132.0947570799617
122 730.3773193359375 34.9863357541617
123 737.691936320396 17.30622070899699
124 755.3656616210901 9.97617816919228
125 939.499572753899 9.891649246157613
126 939.90494688744 36.668305330502335
127 940.2901429502199 63.445259288011584
128 940.6551607234978 90.2224959130399
129 930.0 248.99999999988358
130 915.0 263.99999999976717
131 754.0 264.0000610349816
132 754.0 173.00006103509804
133 761.32230889114 155.32241308462108
134 778.9999389648401 148.00006103509804
135 884.6449584960901 148.00001525855623
136 894.2114900181368 149.90294587798417
137 902.3217163085901 155.32179260236444
138 930.0 182.99999999988358
139 850.0 386.99996948218904
140 705.0 386.99999999976717
141 690.0 371.99999999976717
142 690.0 308.9999999998836
143 717.6689453125 281.3310546873836
144 725.7826131647489 275.90534690988716
145 735.35546875 273.9999999998836
146 825.0 273.99996948236367
147 842.677669529643 281.322299952677
148 850.0 298.99996948230546
149 991.331115722649 379.6689453123836
150 983.217451389577 385.09466951159993
151 973.6445922851599 387.0000305174035
152 884.0000610351599 387.00006103509804
153 866.3223915054878 379.6777305647847
154 859.000061035149 362.00006103509804
155 859.0 274.00006103509804
156 1004.0 273.9999999998836
157 1019.0 288.99999999976717
158 1019.0 351.99999999976717
159 1116.0 248.99999999988358
160 1101.0 263.99999999976717
161 940.0 264.0000610349816
162 940.0 173.00006103509804
163 947.32230889114 155.32241308462108
164 964.9999389648401 148.00006103509804
165 1070.64501953125 148.00001525855623
166 1080.2115510532967 149.90294587798417
167 1088.32177734375 155.32179260236444
168 1116.0 182.99999999988358
169 1146.1892089843677 132.1026153563871
170 951.6301879882776 133.44572448707186
171 950.9601440429688 36.411750793398824
172 958.1527894767023 18.691277164965868
173 975.7659301757776 11.239659309270792
174 1159.4733886718677 9.97175598127069
175 1159.8757783034634 36.72851763176732
176 1160.2643434705496 63.4854836135637
177 1160.6390840694112 90.24264678382315
178 1161.0 116.99999999988358
179 1190.0 386.99999999976717
180 1045.0 386.99999999976717
181 1030.0 371.99999999976717
182 1030.0 308.9999999998836
183 1057.673828125 281.3261718748836
184 1065.7858035182217 275.90402620553505
185 1075.35546875 273.9999999998836
186 1165.0 273.9999999998836
187 1182.6776695296394 281.3223304701387
188 1190.0 298.99999999976717
189 1286.0 245.99999999988358
190 1271.0 260.9999999998836
191 1126.0 260.9999999998836
192 1126.0 173.0
193 1133.3223304703133 155.3223304702551
194 1151.0 147.99999999988358
195 1285.998046875 147.99999999988358
196 1286.0549449051578 172.49997001345037
197 1286.074236451579 196.9999985009199
198 1286.0559214688074 221.50002773787128
199 1360.0 371.99999999976717
200 1345.0 386.99999999976717
201 1200.0 387.00006103509804
202 1200.0 299.0000610349816
203 1207.3223304703606 281.32239150535315
204 1225.0 274.00006103509804
205 1314.64453125 274.0000305174617
206 1324.2141929642166 275.90404262644006
207 1332.326171875 281.3261718748836
208 1360.0 308.9999999998836
209 1380.3698730468786 133.4456329343957
210 1185.8107910156177 132.10260009759804
211 1171.0 116.99999999988358
212 1171.3609159302105 90.24264654540457
213 1171.7356565289483 63.48548313672654
214 1172.124221696151 36.72851691656979
215 1172.5266113281177 9.97175502765458
216 1356.2340087890589 11.23957729327958
217 1373.847146098502 18.691191775666084
218 1381.0397949218677 36.41165924066445
219 1456.0 260.9999389646691
220 1311.0 260.9999999998836
221 1296.0 245.99999999988358
222 1295.9440785311926 221.50002773787128
223 1295.925763548421 196.9999985009199
224 1295.9450550948422 172.49997001345037
225 1296.001953125 147.99999999988358
226 1431.0 147.9999542235746
227 1448.6776641348697 155.3222792990855
228 1456.0 172.99993896478554
229 1529.0 361.99993896478554
230 1521.6776695296394 379.677608494414
231 1504.0 386.9999389646691
232 1414.35546875 386.99996948218904
233 1404.782616683944 385.0946366681019
234 1396.6689453125 379.6689453123836
235 1369.0 351.99999999976717
236 1369.0 288.99999999976717
237 1384.0 273.9999999998836
238 1529.0 273.99993896478554
239 1700.0 386.99999999976717
240 1555.0 386.99999999976717
241 1540.0 371.99999999976717
242 1540.0 308.9999999998836
243 1567.673828125 281.3261718748836
244 1575.7858035182217 275.90402620553505
245 1585.35546875 273.9999999998836
246 1675.0 273.9999999998836
247 1692.6776695296394 281.3223304701387
248 1700.0 298.99999999976717
249 1626.0 235.99992370599648
250 1618.6776749244382 253.6776030996116
251 1601.0 260.9999389646691
252 1511.35546875 260.99996948236367
253 1501.7826149243156 259.0946296203183
254 1493.6689453125 253.66893005359452
255 1466.0 225.99999999988358
256 1466.0 162.99999999988358
257 1481.0 147.99999999988358
258 1626.0 147.99992370599648
259 1584.7880859375 129.6627197265043
260 1404.7229003906177 129.04901123035233
261 1390.0 113.99999999988358
262 1390.488657977392 87.96400355681544
263 1390.984795950386 61.92814857728081
264 1391.4884138780362 35.892437210306525
265 1391.99951171875 9.856871604803018
266 1560.1947021484375 10.42976856220048
267 1577.847726290889 17.812451181234792
268 1585.1096191406177 35.51550674426835
269 1790.0 113.99999999988358
270 1775.2770996093677 129.0490264891996
271 1595.2119140625 129.66281127929688
272 1594.8902587890589 35.5155906676664
273 1602.152147581066 17.812527706555557
274 1619.80517578125 10.429841041273903
275 1788.0003662109375 9.856871604803018
276 1788.511494569484 35.892437197151594
277 1789.0151430147998 61.9281485597603
278 1789.5113115052845 87.96400354366051
279 1796.0 260.9999999998836
280 1651.0 260.9999999998836
281 1636.0 245.99999999988358
282 1636.0 147.99999999988358
283 1771.0 147.99999999988358
284 1788.6776695296867 155.3223304702551
285 1796.0 173.0
286 1854.0 368.9999999998836
287 1839.0 383.9999999998836
288 1710.0 384.00006103509804
289 1710.0 299.0000610349816
290 1717.3223304703606 281.32239150535315
291 1735.0 274.00006103509804
292 1854.0 273.9999999998836
293 2007.0 358.9999389646691
294 1999.6776695296867 376.677608494414
295 1982.0 383.99993896478554
296 1908.35546875 383.99996948230546
297 1898.7832547853359 382.09490077389637
298 1890.669921875 376.6699218748836
299 1863.0 348.9999999998836
300 1863.0 288.99999999976717
301 1878.0 273.9999999998836
302 2007.0 273.99993896478554
303 1966.0 260.99996948236367
304 1821.0 260.9999999998836
305 1806.0 245.99999999988358
306 1806.0 182.99999999988358
307 1833.6689453125 155.33105468726717
308 1841.7826114051531 149.90533869888168
309 1851.35546875 147.9999847409781
310 1941.0 147.99996948236367
311 1958.6776695296649 155.32229995267699
312 1966.0 172.99996948236367
313 1993.8516845703089 103.31855010968866
314 1986.5070875792371 120.98675187525805
315 1968.8204345703089 128.28680419916054
316 1800.8820800781177 128.0764465330867
317 1800.6488023033053 102.05744441587012
318 1800.4240296828248 76.038367434463
319 1800.2077622406832 50.019218369037844
320 1800.0 23.99999999976717
321 1814.8843994140589 9.019768714904785
322 1993.9700927734375 9.244479179207701
323 2195.9436035156177 129.01489257789217
324 2028.5256347656177 128.3072509765043
325 2010.8789955461252 120.91012509848224
326 2003.6315917968677 103.2014694212703
327 2004.0294189453089 9.184004783572163
328 2182.11962890625 9.936683654668741
329 2197.0 25.0
330 2196.766031989373 51.00402140285587
331 2196.5119764687006 77.00785431149416
332 2196.2378335895883 103.01148320885841
333 2136.0 245.99999999988358
334 2121.0 260.9999999998836
335 1976.0 261.00006103509804
336 1976.0 173.00006103509804
337 1983.3223250755145 155.32238164136652
338 2001.0 148.00004577619256
339 2090.64453125 148.00001525855623
340 2100.2141964818 149.9040414643241
341 2108.326171875 155.32618713378906
342 2136.0 182.99999999988358
343 2162.0 368.9999999998836
344 2147.0 383.9999999998836
345 2018.0 384.0000305174617
346 2018.0 299.0000305174035
347 2025.3223304703388 281.322360987775
348 2043.0 274.0000305174617
349 2116.64453125 273.9999999998836
350 2126.2167487335355 275.9050828043255
351 2134.330078125 281.330078125
352 2162.0 308.9999999998836
353 2315.0 358.9999389646691
354 2307.6776695296867 376.677608494414
355 2290.0 383.99993896478554
356 2216.35546875 383.99996948230546
357 2206.783254785336 382.09490077389637
358 2198.669921875 376.6699218748836
359 2171.0 348.9999999998836
360 2171.0 288.99999999976717
361 2186.0 273.9999999998836
362 2315.0 273.99993896478554
363 2306.0 245.99999999988358
364 2291.0 260.9999999998836
365 2146.0 261.00006103509804
366 2146.0 173.00006103509804
367 2153.3223250755145 155.32238164136652
368 2171.0 148.00004577619256
369 2260.64501953125 148.00001525855623
370 2270.214422028217 149.9041349167237
371 2278.326171875 155.32618713378906
372 2306.0 182.99999999988358
373 2400.0 113.99999999988358
374 2385.11962890625 129.06332397437654
375 2207.029296875 129.81614685046952
376 2206.6315917968677 35.79867553705117
377 2213.8789928392034 18.090014927787706
378 2231.5256347656177 10.692886352306232
379 2398.9436035156177 9.985107421700377
380 2399.2378335895883 35.988516790792346
381 2399.5119764687006 61.992145688214805
382 2399.766031989373 87.99597859696951
383 2476.0 260.9999999998836
384 2331.0 260.9999999998836
385 2316.0 245.99999999988358
386 2316.0 182.99999999988358
387 2343.673828125 155.32617187488358
388 2351.7858035182217 149.90402620553505
389 2361.35546875 147.99999999988358
390 2451.0 147.99999999988358
391 2468.6776695296867 155.3223304702551
392 2476.0 173.0
393 2470.0 368.9999999998836
394 2455.0 383.9999999998836
395 2326.0 384.0000305174617
396 2326.0 299.0000305174035
397 2333.322330470339 281.322360987775
398 2351.0 274.0000305174617
399 2424.64453125 273.9999999998836
400 2434.2167487335355 275.9050828043255
401 2442.330078125 281.330078125
402 2470.0 308.9999999998836
403 2623.0 358.9999389646691
404 2615.6776695296867 376.677608494414
405 2598.0 383.99993896478554
406 2524.35546875 383.99996948230546
407 2514.783254785336 382.09490077389637
408 2506.669921875 376.6699218748836
409 2479.0 348.9999999998836
410 2479.0 288.99999999976717
411 2494.0 273.9999999998836
412 2623.0 273.99993896478554
413 2646.0 245.99999999988358
414 2631.0 260.9999999998836
415 2486.0 261.00006103509804
416 2486.0 173.00006103509804
417 2493.3223250755145 155.32238164136652
418 2511.0 148.00004577619256
419 2600.64453125 148.00001525855623
420 2610.2141964818 149.9040414643241
421 2618.326171875 155.32618713378906
422 2646.0 182.99999999988358
423 2575.798828125 120.77649688709062
424 2567.687634854221 126.21546314883744
425 2558.1115722656177 128.13192749017617
426 2435.1862792968677 128.2875976561918
427 2417.498995369646 120.98740255227312
428 2410.1545410156177 103.31845092750154
429 2410.0368652343677 9.244029044988565
430 2589.115234375 9.01887035369873
431 2604.0 23.99999999976717
432 2603.816474925781 47.02526475599734
433 2603.626289373595 70.05047546088463
434 2603.4294433593677 93.07563018775545
435 2791.0 111.99999999988358
436 2776.0080566406177 126.85685729968827
437 2613.1877441406286 125.30819702136796
438 2614.0534667968677 34.21771240228554
439 2621.539967161374 16.613954722648486
440 2639.2800292968677 9.456429481389932
441 2816.0 235.99992370599648
442 2808.677674924438 253.6776030996116
443 2791.0 260.9999389646691
444 2701.35546875 260.99996948236367
445 2691.7826149243156 259.0946296203183
446 2683.6689453125 253.66893005359452
447 2656.0 225.99999999988358
448 2656.0 162.99999999988358
449 2671.0 147.99999999988358
450 2816.0 147.99992370599648
451 2778.0 368.9999999998836
452 2763.0 383.9999999998836
453 2634.0 384.0000305174617
454 2634.0 299.0000305174035
455 2641.322330470339 281.322360987775
456 2659.0 274.0000305174617
457 2732.64453125 273.9999999998836
458 2742.2167487335355 275.9050828043255
459 2750.330078125 281.330078125
460 2778.0 308.9999999998836
461 2932.0 383.9999999998836
462 2803.0 383.9999999998836
463 2788.0 368.9999999998836
464 2788.0 273.9999999998836
465 2907.0 273.9999999998836
466 2924.6776695296394 281.3223304701387
467 2932.0 298.99999999976717
468 2986.0 245.99999999988358
469 2971.0 260.9999999998836
470 2826.0 261.0000305174035
471 2826.0 173.0000305174617
472 2833.322330470335 155.32236098777503
473 2851.0 148.0000305174617
474 2940.64453125 148.00001525855623
475 2950.217385075659 149.9053551206016
476 2958.331054687489 155.33105468726717
477 2986.0 182.99999999988358
478 3010.0 133.99999999988358
479 2992.8420410156177 146.38267517078202
480 2832.9091796875 120.11490631097695
481 2847.6643066406177 30.28117370599648
482 2857.7518217027136 14.025845914322417
483 2876.37841796875 9.66195392597001
484 3025.84912109375 34.21059417707147
485 3021.8910009579304 59.15860621142201
486 3017.9301073644056 84.1061780655873
487 3013.9664403621027 109.05330943118315
488 3086.0 383.9999999998836
489 2967.0 384.00006103509804
490 2949.3223304703315 376.6777305647847
491 2941.999999999989 359.00006103509804
492 2941.999999999989 274.00006103509804
493 3071.0 273.9999999998836
494 3086.0 288.99999999976717
495 3156.0 260.99996948236367
496 3011.0 260.9999999998836
497 2996.0 245.99999999988358
498 2996.0 182.99999999988358
499 3023.668945312489 155.33105468726717
500 3031.7826114051422 149.90533869888168
501 3041.355468749989 147.9999847409781
502 3131.0 147.99996948236367
503 3148.677669529665 155.32229995267699
504 3156.0 172.99996948236367
505 3213.5341796875 125.08041381830117
506 3062.01513671875 125.58969879138749
507 3044.315895184045 118.32497574336594
508 3036.93603515625 100.67343139625154
509 3036.6301269531177 9.595617294253316
510 3199.07177734375 9.050960540655069
511 3240.0 383.9999999998836
512 3111.0 383.9999999998836
513 3096.0 368.9999999998836
514 3096.0 273.9999999998836
515 3215.0 273.9999999998836
516 3232.6776695296394 281.3223304701387
517 3240.0 298.99999999976717
518 3326.0 260.9999999998836
519 3181.0 260.9999999998836
520 3166.0 245.99999999988358
521 3166.0 182.99999999988358
522 3193.673828125 155.32617187488358
523 3201.7855779718047 149.90411965793464
524 3211.35498046875 147.99999999988358
525 3301.0 147.99999999988358
526 3318.6776695296867 155.3223304702551
527 3326.0 173.0
528 3394.0 383.9999999998836
529 3274.999999999989 384.00006103509804
530 3257.3223304703242 376.6777305647847
531 3249.999999999989 359.00006103509804
532 3249.999999999989 274.00006103509804
533 3379.0 273.9999999998836
534 3394.0 288.99999999976717
535 3400.999999999989 110.99999999988358
536 3386.07177734375 125.9490509032621
537 3223.6301269531177 125.40451812726678
538 3223.93603515625 34.32670211780351
539 3231.3158894684493 16.67514729074901
540 3249.01513671875 9.410418510204181
541 3496.0 245.99999999988358
542 3481.0 260.9999999998836
543 3336.0 261.00006103509804
544 3336.0 173.00006103509804
545 3343.3223250755145 155.32238164136652
546 3361.0 148.00004577619256
547 3450.645019531239 148.00001525855623
548 3460.214422028206 149.9041349167237
549 3468.326171874989 155.32618713378906
550 3496.0 182.99999999988358
551 3547.999999999989 383.9999999998836
552 3419.0 383.9999999998836
553 3404.0 368.9999999998836
554 3404.0 273.9999999998836
555 3522.999999999989 273.9999999998836
556 3540.6776695296285 281.3223304701387
557 3547.999999999989 298.99999999976717
558 3587.56884765625 125.05995178205194
559 3436.20654296875 125.44332122779451
560 3418.5106373003837 118.16554522654042
561 3411.1437988281177 100.50653076166054
562 3410.9128417968677 9.448681831301656
563 3573.05712890625 9.038331031799316
564 3588.0 23.99999999976717
565 3587.8998985808757 49.265020219259895
566 3587.794672714288 74.53001961577684
567 3587.684322404577 99.79499714978738
568 3634.0 254.99996948236367
569 3521.0 254.99999999988358
570 3505.999999999989 239.99999999988358
571 3505.999999999989 182.99999999988358
572 3533.677734375 155.322265625
573 3541.7883537635716 149.90296111465432
574 3551.355468749989 147.9999847409781
575 3609.0 147.9999847409781
576 3626.6776641349134 155.3223098166054
577 3634.0 172.99996948236367
578 3702.0 383.9999999998836
579 3583.0 384.00006103509804
580 3565.322330470335 376.6777305647847
581 3558.0 359.00006103509804
582 3558.0 274.00006103509804
583 3687.0 273.9999999998836
584 3702.0 288.99999999976717
585 3772.0 229.99993896478554
586 3764.6776749244636 247.67761835845886
587 3747.0 254.9999542235746
588 3689.35546875 254.9999847409781
589 3679.7883555217377 253.097015416075
590 3671.677734375 247.6777191159781
591 3644.0 219.99999999988358
592 3644.0 162.99999999988358
593 3659.0 147.99999999988358
594 3772.0 147.99993896466913
595 3885.5224609375 362.13818359345896
596 3726.2080078125 387.1083984373836
597 3712.1181640625 297.2050781248836
598 3716.6112691618655 278.61157597223064
599 3732.93359375 268.6372070310754
600 3881.9306640625 245.28417968738358
601 3885.9969506454872 270.20522407017415
602 3890.0306067626516 295.1315707346075
603 3894.0316255001235 320.0631769557367
604 3898.0 344.9999999998836
605 3676.0 107.99999237037264
606 3661.0 92.99999999988358
607 3661.0 66.0
608 3667.0 59.99999618518632
609 3667.0 9.999998092476744
610 3881.0 9.999914169195108
611 3906.8818986761216 13.407329977024347
612 3930.9999895385226 23.397367750818375
613 3951.7106653060146 39.289223237894475
614 3967.602528298572 59.99989324621856
615 3977.5925748126538 84.11798048828496
616 3981.0 109.99987792957108
617 3981.0 133.99987792957108
618 3977.5925892110026 159.88178839260945
619 3967.6025505509497 183.99989082780667
620 3951.710688908228 204.71057577617466
621 3931.0000088096494 220.60244373924797
622 3906.881909423195 230.59248975955416
623 3881.0 233.999908447091
624 3855.440151155548 230.67833540198626
625 3831.578310704099 220.93404011114035
626 3810.9997131009513 205.4143738411367
627 3795.071474266133 185.1503681150498
628 3784.8517687802887 161.48823929647915
629 3781.01953125 135.9999542235746
630 3883.0 135.99990844720742
631 3883.0 107.99991607660195
632 6175.999999999996 358.9999999998836
633 5961.999999999996 359.00009155255975
634 5936.118100402706 355.5926754978718
635 5912.000008809682 345.60263701726217
636 5891.289332670956 329.7107804607949
637 5875.397469794098 309.0001091719023
638 5865.407423953209 284.8820206276141
639 5861.999999999996 259.0001220701961
640 5861.999999999996 241.0001220702543
641 5865.407410788979 215.11821160721593
642 5875.397449449021 191.0001091720187
643 5891.289311091747 170.2894242235925
644 5911.999991190325 154.3975562605192
645 5936.118090576787 144.407510240213
646 5961.999999999996 141.00009155267617
647 5987.559848844448 144.32166459783912
648 6011.4216892958975 154.06595988868503
649 6032.000286899045 169.58562615868868
650 6047.928525733867 189.8496318847756
651 6058.148231219708 213.51176070334623
652 6061.980468749996 239.00004577625077
653 5959.999999999996 239.00009155267617
654 5959.999999999996 261.00009155267617
655 6166.999999999996 260.9999999998836
656 6181.999999999996 276.0
657 6181.999999999996 302.9999999998836
658 6175.999999999996 308.9999999998836
659 5933.999999999996 107.99999999988358
660 5918.999999999996 92.99999999988358
661 5918.999999999996 66.0
662 5924.999999999996 60.0
663 5924.999999999996 9.999999999883585
664 6138.999999999996 9.999999999883585
665 6164.881904510246 13.407417370995972
666 6188.999999999996 23.397459621424787
667 6209.7106781186485 39.28932188125327
668 6225.602540378441 59.999999999883585
669 6235.592582628906 84.11809548962628
670 6238.999999999996 109.99999999988358
671 6238.999999999996 128.0
672 6235.592582628891 153.8819045102573
673 6225.602540378419 177.9999999999418
674 6209.710678118627 198.7106781185721
675 6188.9999999999745 214.60254037834238
676 6164.881904510232 224.5925826288294
677 6138.999999999996 227.99999999988358
678 6113.440143956042 224.67842480930267
679 6089.578297821328 214.93412381963572
680 6068.999697340925 199.4144490484614
681 6053.071459412695 179.15043317707023
682 6042.8517591659875 155.4882940176176
683 6039.019531249996 129.99999999988358
684 6140.999999999996 129.99999999988358
685 6140.999999999996 107.99999999988358
686 6553.999999999996 108.00000762927812
687 6346.999999999996 108.00008392328164
688 6346.999999999996 130.00009155267617
689 6448.980468749996 130.00004577619256
690 6445.148250448303 155.48834873875603
691 6434.928555440714 179.15049823903246
692 6419.0003184190755 199.41452425572788
693 6398.421715061417 214.93420752801467
694 6374.559863243438 224.67851421650266
695 6348.999999999996 228.00009155255975
696 6323.118100402684 224.59267549793003
697 6299.0000088096385 214.60263701726217
698 6278.289332670905 198.71078046079492
699 6262.397469794054 178.0001091718441
700 6252.40742395318 153.8820206275559
701 6248.999999999996 128.00012207007967
702 6248.999999999996 110.00012207019608
703 6252.407409554817 84.11821049096761
704 6262.397447541651 60.0001067534904
705 6278.289309068674 39.289420524495654
706 6298.9999895384935 23.39755149197299
707 6323.1180896556 13.407504764792975
708 6348.999999999996 10.000085830455646
709 6562.999999999996 10.00000190717401
710 6562.999999999996 60.000003814464435
711 6568.999999999996 66.0
712 6568.999999999996 92.99999999988358
713 6296.999999999996 291.9999999998836
714 6503.999999999996 291.99981689447304
715 6503.999999999996 269.99981689447304
716 6402.019531249996 269.9999084472074
717 6405.851743142153 244.5115995214437
718 6416.071434656991 220.84944312722655
719 6431.999671074238 200.58541034697555
720 6452.578276350072 185.06572140735807
721 6476.44013195689 175.32141091959784
722 6501.999999999996 171.9998321532039
723 6527.88189222787 175.40724623325514
724 6551.99997797584 185.39727905910695
725 6572.71065114468 201.28912706056144
726 6588.602514947135 221.99978810484754
727 6598.592566173636 246.11786623107037
728 6601.999999999996 271.9997558592586
729 6601.999999999996 289.9997558592586
730 6598.592595793143 315.8816722751362
731 6588.602560723524 339.99978165578796
732 6572.710699697873 360.71047343395185
733 6552.0000176193535 376.6023471003864
734 6527.8819143361725 386.59239689056994
735 6501.999999999996 389.99981689447304
736 6287.999999999996 389.9999999998836
737 6287.999999999996 339.9999999998836
738 6281.999999999996 333.99999999976717
739 6281.999999999996 306.9999999998836
740 6881.999999999996 109.0
741 6674.999999999996 109.0
742 6674.999999999996 137.0
743 6776.980468749996 137.0
744 6773.148240834005 162.488294017734
745 6762.928540587298 186.15043317718664
746 6747.0003026590675 206.4144490485778
747 6726.421702178664 221.93412381975213
748 6702.55985604395 231.67842480941908
749 6676.999999999996 235.0
750 6651.118095489746 231.5925826288876
751 6626.999999999996 221.6025403784588
752 6606.289321881344 205.7106781186303
753 6590.397459621552 185.0
754 6580.407417371087 160.8819045102573
755 6576.999999999996 135.0
756 6576.999999999996 110.99999999988358
757 6580.407417371087 85.11809548962628
758 6590.397459621552 60.999999999883585
759 6606.289321881344 40.28932188125327
760 6626.999999999996 24.397459621424787
761 6651.118095489746 14.407417370995972
762 6676.999999999996 10.999999999883585
763 6890.999999999996 10.999999999883585
764 6890.999999999996 60.999999999883585
765 6896.999999999996 66.99999999988358
766 6896.999999999996 93.99999999976717
767 6636.999999999996 291.9999999998836
768 6843.999999999996 291.9999084472074
769 6843.999999999996 263.9999084472074
770 6742.019531249996 263.99993896478554
771 6745.851752756451 238.5116389838513
772 6756.071449510415 214.84949293045793
773 6771.999686834253 194.5854702955694
774 6792.578289232832 179.06578985700617
775 6816.440139156384 169.32148506812518
776 6841.999999999996 165.99990844720742
777 6867.881899597287 169.40732450189535
778 6891.9999911903105 179.397362982505
779 6912.710667329036 195.28921953897225
780 6928.602530205895 215.99989082786487
781 6938.5925760467835 240.11797937215306
782 6941.999999999996 265.9998779295711
783 6941.999999999996 289.9998779295711
784 6938.592589211028 315.88178839266766
785 6928.602550550993 339.9998908278649
786 6912.710688908268 360.7105757762329
787 6892.000008809682 376.6024437394226
788 6867.881909423213 386.5924897597288
789 6841.999999999996 389.9999084472074
790 6627.999999999996 389.9999999998836
791 6627.999999999996 339.9999999998836
792 6621.999999999996 333.99999999976717
793 6621.999999999996 306.9999999998836
794 7265.999999999996 389.9999999998836
795 7051.999999999996 390.00018310535233
796 7026.118105315651 386.5927683671471
797 7002.000017619324 376.6027336563566
798 6981.289343460518 360.71088280325057
799 6965.397479966592 340.00021834409563
800 6955.407430535302 315.88213674520375
801 6951.999999999996 290.0002441405668
802 6951.999999999996 266.0002441405668
803 6955.407400915796 240.1183247482404
804 6965.397434190203 216.00021189491963
805 6981.2892949073175 195.2895167018869
806 7001.999977975796 179.39764018374262
807 7026.1180832073405 169.4075885086786
808 7051.999999999996 166.00016784650506
809 7077.559844044805 169.32173946133116
810 7101.421680707423 179.06603095296305
811 7122.000276392402 194.5856915555778
812 7137.928515831616 214.84969051816734
813 7148.148224810193 238.51181244285544
814 7151.980468749996 264.00009155255975
815 7049.999999999996 264.00018310535233
816 7049.999999999996 292.00018310535233
817 7256.999999999996 291.9999999998836
818 7271.999999999996 306.9999999998836
819 7271.999999999996 333.99999999976717
820 7265.999999999996 339.9999999998836
821 6975.208007812496 107.99902343726717
822 6959.999999999996 92.99999999988358
823 6959.625976562496 65.99902343738358
824 6965.541992187496 59.916992187383585
825 6964.850585937496 9.999022483767476
826 7210.485351562496 9.998974799993448
827 7236.367252848624 13.40639130724594
828 7260.485345781159 23.39643108373275
829 7281.196022600485 39.288289600692224
830 7297.08788526522 59.998963237332646
831 7307.077929871895 84.11705416918267
832 7310.485351562496 109.99895477289101
833 7310.485351562496 127.99895477289101
834 7307.077939127954 153.8808637477341
835 7297.0878995702915 177.9989644464804
836 7281.196037773301 198.70964768744307
837 7260.485358169706 214.6015142246615
838 7236.367259757437 224.59155930246925
839 7210.485351562496 227.99897766089998
840 7184.925497918401 224.6774031854584
841 7161.06365367812 214.93310409539845
842 7140.485054156805 199.4134321580059
843 7124.556815926375 179.14941966842161
844 7114.33711393327 155.48728395596845
845 7110.504882812496 129.99899291986367
846 7212.485351562496 129.9989776610746
847 7212.485351562496 107.9989776610746
848 7654.791992187496 107.99902343726717
849 7417.514648437496 107.99906921375077
850 7417.514648437496 129.99906921369256
851 7519.495117187496 129.9990539549617
852 7515.662892476259 155.48735095426673
853 7505.443193975912 179.14949356066063
854 7489.514956349882 199.41351281380048
855 7468.936354910391 214.93319041864015
856 7445.074506881265 224.67749330791412
857 7419.514648437496 227.99906921369256
858 7393.632747611973 224.59165282995673
859 7369.514655044764 214.60161340684863
860 7348.803978411062 198.70975542458473
861 7332.9121156884685 177.99908242828678
862 7322.922070745186 153.88099214760587
863 7319.514648437496 127.99909210199257
864 7319.514648437496 109.99909210199257
865 7322.922061489084 84.11718368518632
866 7332.912101383332 59.99908363749273
867 7348.803963238166 39.28840103681432
868 7369.514642656151 23.39653503423324
869 7393.632740703117 13.406490309804212
870 7419.514648437496 9.999072074773721
871 7665.149414062496 9.999024391057901
872 7664.458007812496 59.916992187383585
873 7670.374023437496 65.99902343738358
874 7669.999999999996 92.99999999988358
875 7984.999999999996 169.99999999988358
876 7864.999999999996 169.99999999988358
877 7864.999999999996 139.99999999988358
878 7862.071067811859 132.92893218802055
879 7854.999999999996 129.99999999988358
880 7814.999999999996 129.99999999988358
881 7807.928932188133 132.92893218802055
882 7804.999999999996 139.99999999988358
883 7804.999999999996 169.99999999988358
884 7684.999999999996 169.99999999988358
885 7684.999999999996 9.999999999883585
886 7804.999999999996 9.999999999883585
887 7804.999999999996 39.999999999883585
888 7807.928932188133 47.071067811746616
889 7814.999999999996 49.999999999883585
890 7854.999999999996 49.999999999883585
891 7862.071067811859 47.071067811746616
892 7864.999999999996 39.999999999883585
893 7864.999999999996 9.999999999883585
894 7984.999999999996 9.999999999883585
895 8294.999999999996 169.99999999988358
896 8174.999999999996 170.00004577619256
897 8174.999999999996 140.00004577625077
898 8172.071067811881 132.92897796432953
899 8164.999999999996 130.00004577619256
900 8124.999999999996 130.00006103498163
901 8117.928926793302 132.92899861797923
902 8114.999999999996 140.0000762938871
903 8114.999999999996 170.00007629365427
904 7994.999999999996 170.00012207019608
905 7994.999999999996 10.000116348091979
906 8114.999999999996 10.000069618050475
907 8114.999999999996 40.00006866437616
908 8117.928933536805 47.07113401032984
909 8124.999999999996 50.00006484979531
910 8164.999999999996 50.000049591006245
911 8172.071069160582 47.071116054139566
912 8174.999999999996 40.000045776192565
913 8174.999999999996 10.000046729866881
914 8294.999999999996 9.999999999883585
915 8370.999999999996 338.0
916 8000.999999999996 338.0
917 7992.213210139442 316.7867898605182
918 7970.999999999996 307.99999999976717
919 7949.786789860551 316.7867898605182
920 7940.999999999996 338.0
921 7570.999999999996 338.0
922 7570.999999999996 188.0
923 7940.999999999996 188.0
924 7949.786789860624 209.2132101393072
925 7970.999999999996 217.99999999988358
926 7992.213210139369 209.2132101393072
927 8000.999999999996 188.0
928 8370.999999999996 188.0
929 9180.999999999996 348.9999999998836
930 8810.999999999996 348.9999999998836
931 8802.213210139369 327.7867898605764
932 8780.999999999996 319.0
933 8759.786789860638 327.7867898605764
934 8751.000000000011 348.9999999998836
935 8380.999999999996 348.9999999998836
936 8380.999999999996 198.99999999976717
937 8751.000000000011 198.99999999976717
938 8759.78678986061 220.21321013913257
939 8780.999999999996 228.99999999976717
940 8802.21321013939 220.21321013913257
941 8810.999999999996 198.99999999976717
942 9180.999999999996 198.99999999976717
943 9180.999999999996 160.0
944 8810.999999999996 160.0
945 8802.213210139413 138.7867898605764
946 8780.999999999996 129.99999999988358
947 8759.786789860587 138.7867898605764
948 8751.000000000011 160.0
949 8380.999999999996 160.0
950 8380.999999999996 9.999999999883585
951 8751.000000000011 9.999999999883585
952 8759.78678986061 31.213210139248986
953 8780.999999999996 39.999999999883585
954 8802.21321013939 31.213210139248986
955 8810.999999999996 9.999999999883585
956 9180.999999999996 9.999999999883585
957 9990.999999999996 160.0
958 9620.999999999996 160.0
959 9612.213210139413 138.7867898605764
960 9590.999999999996 129.99999999988358
961 9569.78678986058 138.7867898605764
962 9560.999999999996 160.0
963 9190.999999999996 160.0
964 9190.999999999996 9.999999999883585
965 9560.999999999996 9.999999999883585
966 9569.786789860602 31.213210139248986
967 9590.999999999996 39.999999999883585
968 9612.21321013939 31.213210139248986
969 9620.999999999996 9.999999999883585
970 9990.999999999996 9.999999999883585
971 9990.999999999996 348.9999999998836
972 9620.999999999996 348.9999999998836
973 9612.213210139369 327.7867898605764
974 9590.999999999996 319.0
975 9569.786789860624 327.7867898605764
976 9560.999999999996 348.9999999998836
977 9190.999999999996 348.9999999998836
978 9190.999999999996 198.99999999976717
979 9560.999999999996 198.99999999976717
980 9569.786789860602 220.21321013913257
981 9590.999999999996 228.99999999976717
982 9612.21321013939 220.21321013913257
983 9620.999999999996 198.99999999976717
984 9990.999999999996 198.99999999976717
985 7413.999999999996 1698.999877929571
986 7253.999999999996 1698.9999999997672
987 7253.999999999996 1578.9999999998836
988 7283.999999999996 1578.9999999998836
989 7291.071067811859 1576.0710678117466
990 7293.999999999996 1568.9999999998836
991 7293.999999999996 1528.9999999998836
992 7291.071067811859 1521.9289321880206
993 7283.999999999996 1518.9999999998836
994 7253.999999999996 1518.9999999998836
995 7253.999999999996 1398.9999999997672
996 7413.999999999996 1398.999877929571
997 7413.999999999996 1518.999877929571
998 7383.999999999996 1518.9999999998836
999 7376.928932188133 1521.9289321880206
1000 7373.999999999996 1528.9999999998836
1001 7373.999999999996 1568.9999999998836
1002 7376.928932188133 1576.0710678117466
1003 7383.999999999996 1578.9999999998836
1004 7413.999999999996 1578.999877929571
1005 7244.999999999996 1698.9999999997672
1006 7084.999999999996 1698.9999999997672
1007 7084.999999999996 1578.9999999998836
1008 7114.999999999996 1578.9999999998836
1009 7122.071067811859 1576.0710678117466
1010 7124.999999999996 1568.9999999998836
1011 7124.999999999996 1528.9999999998836
1012 7122.071067811859 1521.9289321880206
1013 7114.999999999996 1518.9999999998836
1014 7084.999999999996 1518.9999999998836
1015 7084.999999999996 1398.9999999997672
1016 7244.999999999996 1398.9999999997672
1017 7244.999999999996 1518.9999999998836
1018 7214.999999999996 1518.9999999998836
1019 7207.928932188133 1521.9289321880206
1020 7204.999999999996 1528.9999999998836
1021 7204.999999999996 1568.9999999998836
1022 7207.928932188133 1576.0710678117466
1023 7214.999999999996 1578.9999999998836
1024 7244.999999999996 1578.9999999998836
1025 9963.781249999996 1825.5341796873836
1026 9466.092187499995 1825.5341796873836
1027 8968.403124999993 1825.5341796873836
1028 8470.7140625 1825.5341796873836
1029 7973.024999999998 1825.5341796873836
1030 7475.335937499996 1825.5341796873836
1031 6977.646874999995 1825.5341796873836
1032 6479.957812500001 1825.5341796873836
1033 5982.268749999999 1825.5341796873836
1034 5484.579687499998 1825.5341796873836
1035 4986.890624999996 1825.5341796873836
1036 4489.2015624999985 1825.5341796873836
1037 3991.5125000000007 1825.5341796873836
1038 3493.8234374999993 1825.5341796873836
1039 2996.134374999998 1825.5341796873836
1040 2498.4453125 1825.5341796873836
1041 2000.7562500000022 1825.5341796873836
1042 1503.0671875000007 1825.5341796873836
1043 1005.3781249999993 1825.5341796873836
1044 507.6890624999978 1825.5341796873836
1045 10.0 1825.5341796873836
1046 10.0 1350.3561197915114
1047 10.0 875.1780598956393
1048 10.0 399.99999999976717
1049 479.4912109375 399.99999999976717
1050 948.982421875 399.99999999976717
1051 1418.4736328125 399.99999999976717
1052 1887.96484375 399.99999999976717
1053 2357.4560546875 399.99999999976717
1054 2826.947265625 399.99999999976717
1055 3296.4384765625 399.99999999976717
1056 3765.9296875 399.99999999976717
1057 3794.8467431253375 398.81440099613974
1058 3823.566984775607 395.2437609153567
1059 3851.8940359226726 389.3124942422728
1060 3879.6342085041506 381.0611564000719
1061 3906.5978272781795 370.5461664501927
1062 3932.600526740265 357.83942132326774
1063 3957.464511734488 343.02780421904754
1064 3981.0197731394655 326.21259053680114
1065 4003.1052503168394 307.50875539839035
1066 4023.5699323739063 287.0441874982789
1067 4042.2738907104613 264.9588146560127
1068 4059.089235789732 241.40364705096
1069 4073.900991591454 216.5397446801653
1070 4086.607881767908 190.5371160999639
1071 4097.123022127569 163.57355598168215
1072 4105.374514711435 135.83342942869058
1073 4111.305939400023 107.50641136820195
1074 4114.876739689611 78.78618963633198
1075 4116.0625 49.869140625
1076 4116.0625 24.859375
1077 4518.71484375 24.859375
1078 4921.367187499996 24.859375
1079 5324.019531249996 24.859375
1080 5726.671874999996 24.859375
1081 5726.671874999996 49.869140625
1082 5727.857635310382 78.78618963633198
1083 5731.428435599973 107.50641136820195
1084 5737.359860288558 135.83342942869058
1085 5745.611352872427 163.57355598168215
1086 5756.126493232088 190.5371160999639
1087 5768.833383408539 216.5397446801653
1088 5783.6451392102645 241.40364705096
1089 5800.460484289531 264.9588146560127
1090 5819.164442626086 287.0441874982789
1091 5839.629124683157 307.50875539839035
1092 5861.714601860531 326.21259053680114
1093 5885.269863265505 343.02780421904754
1094 5910.133848259731 357.83942132326774
1095 5936.136547721817 370.5461664501927
1096 5963.100166495842 381.0611564000719
1097 5990.84033907732 389.3124942422728
1098 6019.167390224389 395.2437609153567
1099 6047.887631874659 398.81440099613974
1100 6076.804687499996 399.99999999976717
1101 6562.676757812496 399.99999999976717
1102 7048.548828124996 399.99999999976717
1103 7534.420898437496 399.99999999976717
1104 8020.292968749996 399.99999999976717
1105 8506.165039062496 399.99999999976717
1106 8992.037109374996 399.99999999976717
1107 9477.909179687496 399.99999999976717
1108 9963.781249999996 399.99999999976717
1109 9963.781249999996 875.1780598956393
1110 9963.781249999996 1350.3561197915114
1111 6987.148437499996 1555.4335937497672
1112 6989.17542468508 1583.9111245889799
1113 6995.236499941926 1611.8099024560652
1114 7005.208156976445 1638.5614350426476
1115 7018.887203722206 1663.6206074127113
1116 7035.994902777242 1686.476789788343
1117 7056.182651225212 1706.6642426328035
1118 7079.039084103442 1723.7716070069582
1119 7104.098456770716 1737.4502868141863
1120 7130.85013536768 1747.4215521296137
1121 7158.749001983033 1753.482218868914
1122 7187.226562499996 1755.5087890622672
1123 7387.304687499996 1755.5087890622672
1124 7415.78224801696 1753.482218868914
1125 7443.6811146323125 1747.4215521296137
1126 7470.432793229276 1737.4502868141863
1127 7495.49216589655 1723.7716070069582
1128 7518.348598774781 1706.6642426328035
1129 7538.536347222751 1686.476789788343
1130 7555.644046277786 1663.6206074127113
1131 7569.323093023548 1638.5614350426476
1132 7579.294750058067 1611.8099024560652
1133 7585.355825314913 1583.9111245889799
1134 7587.382812499996 1555.4335937497672
1135 7585.355825314906 1526.9560629105545
1136 7579.294750058052 1499.0572850435274
1137 7569.323093023526 1472.3057524568867
1138 7555.644046277757 1447.246580086823
1139 7538.536347222729 1424.3903977112495
1140 7518.348598774759 1404.202944866789
1141 7495.492165896529 1387.0955804926343
1142 7470.4327932292545 1373.4169006854645
1143 7443.681114632305 1363.445635370037
1144 7415.7822480169525 1357.3849686307367
1145 7387.304687499996 1355.3583984373836
1146 7187.226562499996 1355.3583984373836
1147 7158.74900198304 1357.3849686307367
1148 7130.8501353676875 1363.445635370037
1149 7104.098456770738 1373.4169006854645
1150 7079.039084103464 1387.0955804926343
1151 7056.182651225234 1404.202944866789
1152 7035.994902777264 1424.3903977112495
1153 7018.887203722235 1447.246580086823
1154 7005.208156976467 1472.3057524568867
1155 6995.236499941941 1499.0572850435274
1156 6989.175424685087 1526.9560629105545
1157 4538.71875 655.095703125
1158 4544.411363774976 676.3590763725224
1159 4559.977768655728 691.9226213588845
1160 4581.2421875 697.6113281248836
1161 4602.503303835132 691.920015028154
1162 4618.066499403234 676.3568194601103
1163 4623.7578125 655.095703125
1164 4618.066499403278 633.8345867898315
1165 4602.503303835176 618.2713912216714
1166 4581.2421875 612.5800781248836
1167 4559.9777686556845 618.2687848909409
1168 4544.411363774936 633.8323298774194
1169 6899.117187499996 795.1484374998836
1170 6902.55235491601 821.3026900644181
1171 6912.642754729404 845.6754029620206
1172 6928.700086057001 866.6040296016145
1173 6949.629023090234 882.6609563637176
1174 6974.001931036593 892.7508850365411
1175 7000.156249999996 896.185546875
1176 7026.310568963399 892.7508850365411
1177 7050.683476909759 882.6609563637176
1178 7071.612413942992 866.6040296016145
1179 7087.6697452705885 845.6754029620206
1180 7097.760145083983 821.3026900644181
1181 7101.195312499996 795.1484374998836
1182 7097.760355866183 768.9939944386133
1183 7087.670071027202 744.621059227793
1184 7071.612759447544 723.6922139716335
1185 7050.68375899451 707.635104675137
1186 7026.310726259759 697.5450554070412
1187 7000.156249999996 694.1103515625
1188 6974.001773740234 697.5450554070412
1189 6949.628741005483 707.635104675137
1190 6928.699740552449 723.6922139716335
1191 6912.642428972791 744.621059227793
1192 6902.55214413381 768.9939944386133
1193 7301.273437499996 795.1484374998836
1194 7304.70860491601 821.3026900644181
1195 7314.799004729404 845.6754029620206
1196 7330.856336057001 866.6040296016145
1197 7351.785273090234 882.6609563637176
1198 7376.158181036593 892.7508850365411
1199 7402.312499999996 896.185546875
1200 7428.466818963399 892.7508850365411
1201 7452.839726909759 882.6609563637176
1202 7473.768663942992 866.6040296016145
1203 7489.8259952705885 845.6754029620206
1204 7499.916395083983 821.3026900644181
1205 7503.351562499996 795.1484374998836
1206 7499.916605866183 768.9939944386133
1207 7489.826321027202 744.621059227793
1208 7473.769009447544 723.6922139716335
1209 7452.84000899451 707.635104675137
1210 7428.466976259759 697.5450554070412
1211 7402.312499999996 694.1103515625
1212 7376.158023740234 697.5450554070412
1213 7351.784991005483 707.635104675137
1214 7330.855990552449 723.6922139716335
1215 7314.798678972791 744.621059227793
1216 7304.70839413381 768.9939944386133
1217 8678.796874999996 725.1220703123836
1218 8688.753516316658 749.1746712069726
1219 8712.804687499996 759.1347656248836
1220 8736.860910039813 749.1774351240601
1221 8746.820312499996 725.1220703123836
1222 8736.860910039835 701.0667055006488
1223 8712.804687499996 691.1093749997672
1224 8688.753516316636 701.0694694177364
GTSP_SET_SECTION
1 1 -1
2 2 3 4 5 6 7 8 9 10 11 -1
3 12 13 14 15 16 17 18 19 20 21 -1
4 22 23 24 25 26 27 28 29 30 31 -1
5 32 33 34 35 36 37 38 39 40 41 -1
6 42 43 44 45 46 47 48 49 50 51 -1
7 52 53 54 55 56 57 58 59 60 61 -1
8 62 63 64 65 66 67 68 69 70 71 -1
9 72 73 74 75 76 77 78 -1
10 79 80 81 82 83 84 85 86 87 88 -1
11 89 90 91 92 93 94 95 96 97 98 -1
12 99 100 101 102 103 104 105 106 107 108 -1
13 109 110 111 112 113 114 115 116 117 118 -1
14 119 120 121 122 123 124 125 126 127 128 -1
15 129 130 131 132 133 134 135 136 137 138 -1
16 139 140 141 142 143 144 145 146 147 148 -1
17 149 150 151 152 153 154 155 156 157 158 -1
18 159 160 161 162 163 164 165 166 167 168 -1
19 169 170 171 172 173 174 175 176 177 178 -1
20 179 180 181 182 183 184 185 186 187 188 -1
21 189 190 191 192 193 194 195 196 197 198 -1
22 199 200 201 202 203 204 205 206 207 208 -1
23 209 210 211 212 213 214 215 216 217 218 -1
24 219 220 221 222 223 224 225 226 227 228 -1
25 229 230 231 232 233 234 235 236 237 238 -1
26 239 240 241 242 243 244 245 246 247 248 -1
27 249 250 251 252 253 254 255 256 257 258 -1
28 259 260 261 262 263 264 265 266 267 268 -1
29 269 270 271 272 273 274 275 276 277 278 -1
30 279 280 281 282 283 284 285 -1
31 286 287 288 289 290 291 292 -1
32 293 294 295 296 297 298 299 300 301 302 -1
33 303 304 305 306 307 308 309 310 311 312 -1
34 313 314 315 316 317 318 319 320 321 322 -1
35 323 324 325 326 327 328 329 330 331 332 -1
36 333 334 335 336 337 338 339 340 341 342 -1
37 343 344 345 346 347 348 349 350 351 352 -1
38 353 354 355 356 357 358 359 360 361 362 -1
39 363 364 365 366 367 368 369 370 371 372 -1
40 373 374 375 376 377 378 379 380 381 382 -1
41 383 384 385 386 387 388 389 390 391 392 -1
42 393 394 395 396 397 398 399 400 401 402 -1
43 403 404 405 406 407 408 409 410 411 412 -1
44 413 414 415 416 417 418 419 420 421 422 -1
45 423 424 425 426 427 428 429 430 431 432 433 434 -1
46 435 436 437 438 439 440 -1
47 441 442 443 444 445 446 447 448 449 450 -1
48 451 452 453 454 455 456 457 458 459 460 -1
49 461 462 463 464 465 466 467 -1
50 468 469 470 471 472 473 474 475 476 477 -1
51 478 479 480 481 482 483 484 485 486 487 -1
52 488 489 490 491 492 493 494 -1
53 495 496 497 498 499 500 501 502 503 504 -1
54 505 506 507 508 509 510 -1
55 511 512 513 514 515 516 517 -1
56 518 519 520 521 522 523 524 525 526 527 -1
57 528 529 530 531 532 533 534 -1
58 535 536 537 538 539 540 -1
59 541 542 543 544 545 546 547 548 549 550 -1
60 551 552 553 554 555 556 557 -1
61 558 559 560 561 562 563 564 565 566 567 -1
62 568 569 570 571 572 573 574 575 576 577 -1
63 578 579 580 581 582 583 584 -1
64 585 586 587 588 589 590 591 592 593 594 -1
65 595 596 597 598 599 600 601 602 603 604 -1
66 605 606 607 608 609 610 611 612 613 614 615 616 617 618 619 620 621 622 623 624 625 626 627 628 629 630 631 -1
67 632 633 634 635 636 637 638 639 640 641 642 643 644 645 646 647 648 649 650 651 652 653 654 655 656 657 658 -1
68 659 660 661 662 663 664 665 666 667 668 669 670 671 672 673 674 675 676 677 678 679 680 681 682 683 684 685 -1
69 686 687 688 689 690 691 692 693 694 695 696 697 698 699 700 701 702 703 704 705 706 707 708 709 710 711 712 -1
70 713 714 715 716 717 718 719 720 721 722 723 724 725 726 727 728 729 730 731 732 733 734 735 736 737 738 739 -1
71 740 741 742 743 744 745 746 747 748 749 750 751 752 753 754 755 756 757 758 759 760 761 762 763 764 765 766 -1
72 767 768 769 770 771 772 773 774 775 776 777 778 779 780 781 782 783 784 785 786 787 788 789 790 791 792 793 -1
73 794 795 796 797 798 799 800 801 802 803 804 805 806 807 808 809 810 811 812 813 814 815 816 817 818 819 820 -1
74 821 822 823 824 825 826 827 828 829 830 831 832 833 834 835 836 837 838 839 840 841 842 843 844 845 846 847 -1
75 848 849 850 851 852 853 854 855 856 857 858 859 860 861 862 863 864 865 866 867 868 869 870 871 872 873 874 -1
76 875 876 877 878 879 880 881 882 883 884 885 886 887 888 889 890 891 892 893 894 -1
77 895 896 897 898 899 900 901 902 903 904 905 906 907 908 909 910 911 912 913 914 -1
78 915 916 917 918 919 920 921 922 923 924 925 926 927 928 -1
79 929 930 931 932 933 934 935 936 937 938 939 940 941 942 -1
80 943 944 945 946 947 948 949 950 951 952 953 954 955 956 -1
81 957 958 959 960 961 962 963 964 965 966 967 968 969 970 -1
82 971 972 973 974 975 976 977 978 979 980 981 982 983 984 -1
83 985 986 987 988 989 990 991 992 993 994 995 996 997 998 999 1000 1001 1002 1003 1004 -1
84 1005 1006 1007 1008 1009 1010 1011 1012 1013 1014 1015 1016 1017 1018 1019 1020 1021 1022 1023 1024 -1
85 1025 1026 1027 1028 1029 1030 1031 1032 1033 1034 1035 1036 1037 1038 1039 1040 1041 1042 1043 1044 1045 1046 1047 1048 1049 1050 1051 1052 1053 1054 1055 1056 1057 1058 1059 1060 1061 1062 1063 1064 1065 1066 1067 1068 1069 1070 1071 1072 1073 1074 1075 1076 1077 1078 1079 1080 1081 1082 1083 1084 1085 1086 1087 1088 1089 1090 1091 1092 1093 1094 1095 1096 1097 1098 1099 1100 1101 1102 1103 1104 1105 1106 1107 1108 1109 1110 -1
86 1111 1112 1113 1114 1115 1116 1117 1118 1119 1120 1121 1122 1123 1124 1125 1126 1127 1128 1129 1130 1131 1132 1133 1134 1135 1136 1137 1138 1139 1140 1141 1142 1143 1144 1145 1146 1147 1148 1149 1150 1151 1152 1153 1154 1155 1156 -1
87 1157 1158 1159 1160 1161 1162 1163 1164 1165 1166 1167 1168 -1
88 1169 1170 1171 1172 1173 1174 1175 1176 1177 1178 1179 1180 1181 1182 1183 1184 1185 1186 1187 1188 1189 1190 1191 1192 -1
89 1193 1194 1195 1196 1197 1198 1199 1200 1201 1202 1203 1204 1205 1206 1207 1208 1209 1210 1211 1212 1213 1214 1215 1216 -1
90 1217 1218 1219 1220 1221 1222 1223 1224 -1
GTSP_SET_ORDERING
83 86 85 -1
84 86 85 -1
86 85 -1
87 85 -1
88 85 -1
89 85 -1
90 85 -1
EOF