NAME: Lc90v745
TYPE: PCGTSP 
COMMENT: 
DIMENSION: 746
GTSP_SETS: 91
EDGE_WEIGHT_TYPE: EUC_2D
NODE_COORD_SECTION
1 0.0 0.0
2 1108.0 110.00000000011642
3 742.0000130335466 110.00014241540339
4 376.00002606709313 110.00028483057395
5 10.000039100639697 110.00042724586092
6 10.0 10.00042724609375
7 376.0 10.000284830806777
8 742.0 10.000142415403388
9 1108.0 10.000000000116415
10 795.0000610351599 330.0000000001164
11 402.500050067898 330.00015258812346
12 10.000039100639697 330.0003051760141
13 10.0 230.00030517566483
14 402.5 230.0001525876578
15 795.0 229.99999999976717
16 1108.0 219.99914550792892
17 742.0 219.9994303387357
18 376.0 219.99971516942605
19 10.0 220.00000000023283
20 9.999917984008789 120.00000000011642
21 375.9999046325647 119.99971516930964
22 741.9998912811243 119.99943033838645
23 1107.9998779296802 119.99914550757967
24 795.0 439.99999999965075
25 402.49999809264773 439.99999999965075
26 9.999996185299096 439.99999999965075
27 10.0 340.0
28 402.5 340.0
29 795.0 340.0
30 794.000061035149 550.0
31 401.500050067898 550.000152588007
32 9.00003910065061 550.0003051760141
33 9.0 450.00030517589767
34 401.5 450.0001525878906
35 794.0 450.0
36 795.0000610351599 659.0000000001164
37 402.500050067898 659.0001525878906
38 10.000039100639697 659.0003051756648
39 10.0 559.0003051755484
40 402.5 559.0001525878906
41 795.0 559.0000000003492
42 795.0 769.9999999998836
43 402.49999809264773 769.9999999998836
44 9.999996185299096 769.9999999998836
45 10.0 670.0
46 402.5 670.0
47 795.0 670.0
48 794.000061035149 880.0
49 401.500050067898 880.0001525878906
50 9.00003910065061 880.0003051757812
51 9.0 780.0003051757812
52 401.5 780.0001525878906
53 794.0 780.0000000001164
54 794.000061035149 990.0000000001164
55 401.500050067898 990.0001525878906
56 9.00003910065061 990.0003051757812
57 9.0 890.0003051758977
58 401.5 890.000152588007
59 794.0 890.0000000001164
60 795.0 1099.0000000002328
61 402.49999809264773 1099.0000000002328
62 9.999996185299096 1099.0000000002328
63 10.0 998.9999999998836
64 402.5 998.9999999998836
65 795.0 998.9999999998836
66 758.0 1209.9999999996508
67 384.0 1210.000122070196
68 10.0 1210.0002441407414
69 9.99996089934939 1110.0002441407414
70 383.99994993209475 1110.0001220703125
71 757.9999389648401 1109.9999999998836
72 758.000061035149 1320.0
73 384.00005006789434 1320.000122070429
74 10.000039100639697 1320.0002441408578
75 10.0 1220.0002441407414
76 384.0 1220.0001220703125
77 758.0 1220.0
78 757.0 1430.0000000001164
79 383.0 1430.0000000001164
80 9.0 1430.0000000001164
81 9.0 1329.9999999998836
82 383.0 1329.9999999998836
83 757.0 1329.9999999998836
84 758.000061035149 1540.0000000002328
85 384.00005006789434 1540.0001220703125
86 10.000039100639697 1540.0002441403922
87 10.0 1440.0002441408578
88 384.0 1440.000122070429
89 758.0 1440.0
90 758.000061035149 1650.0
91 384.00005006789434 1650.000122070429
92 10.000039100639697 1650.0002441408578
93 10.0 1550.0002441407414
94 384.0 1550.000122070429
95 758.0 1550.0000000001164
96 730.0 1769.9999999996508
97 369.9999976158142 1769.9999999996508
98 9.999995231628418 1769.9999999996508
99 10.0 1660.0000000002328
100 370.0 1660.0000000002328
101 730.0 1660.0000000002328
102 1648.0 109.0
103 1383.0 109.00010299682617
104 1118.0 109.00020599365234
105 1118.0 9.000205993652344
106 1383.0 9.000102996826172
107 1648.0 9.000000000116415
108 1648.0 220.00000000023283
109 1383.0 220.00000000023283
110 1118.0 220.00000000023283
111 1118.0 120.00000000011642
112 1383.0 120.00000000011642
113 1648.0 120.00000000011642
114 1444.0 340.0
115 1124.5000305175745 340.0001220704289
116 805.000061035149 340.00024414085783
117 805.0 230.00024414074142
118 1124.5 230.0001220703125
119 1444.0 229.99999999976717
120 1444.0 460.0
121 1124.5000305175745 460.0001220703125
122 805.000061035149 460.0002441407414
123 805.0 350.00024414039217
124 1124.5 350.0001220703125
125 1444.0 350.00000000023283
126 1444.0 579.9999999997672
127 1124.5 579.9999999997672
128 805.0 579.9999999997672
129 805.0 470.00000000023283
130 1124.5 470.00000000023283
131 1444.0 470.00000000023283
132 1444.0 699.9999999997672
133 1124.5000305175745 700.0001220700797
134 805.000061035149 700.0002441403922
135 805.0 590.0002441407414
136 1124.5 590.0001220704289
137 1444.0 590.0000000001164
138 1444.0 819.0000000001164
139 1124.5000305175745 819.0001220703125
140 805.000061035149 819.0002441405086
141 805.0 709.0002441403922
142 1124.5 709.0001220703125
143 1444.0 709.0000000002328
144 1444.0 940.0
145 1124.5000305175745 940.0001220700797
146 805.000061035149 940.0002441402758
147 805.0 830.0002441407414
148 1124.5 830.0001220704289
149 1444.0 830.0000000001164
150 1444.0 1059.0000000001164
151 1124.5 1059.0000000001164
152 805.0 1059.0000000001164
153 805.0 949.0
154 1124.5 949.0
155 1444.0 949.0
156 1444.0 1180.0
157 1124.5000305175745 1180.000122070429
158 805.000061035149 1180.0002441408578
159 805.0 1070.0002441407414
160 1124.5 1070.0001220703125
161 1444.0 1069.9999999997672
162 1407.0 1300.0000000003492
163 1087.5 1300.0000000003492
164 768.0 1300.0000000003492
165 768.0 1190.0000000002328
166 1087.5 1190.0000000002328
167 1407.0 1190.0000000002328
168 1407.0 1419.9999999997672
169 1087.5 1419.9999999997672
170 768.0 1419.9999999997672
171 768.0 1310.0000000001164
172 1087.5 1310.0000000001164
173 1407.0 1310.0000000001164
174 1407.0 1540.0000000002328
175 1087.5 1540.0000000002328
176 768.0 1540.0000000002328
177 768.0 1430.0000000001164
178 1087.5 1430.0000000001164
179 1407.0 1430.0000000001164
180 1407.0 1660.0000000002328
181 1087.5 1660.0000000002328
182 768.0 1660.0000000002328
183 768.0 1550.0000000001164
184 1087.5 1550.0000000001164
185 1407.0 1550.0000000001164
186 1379.0 1780.0000000001164
187 1059.5 1780.0000000001164
188 740.0 1780.0000000001164
189 740.0 1670.0
190 1059.5 1670.0
191 1379.0 1670.0
192 2028.0 1791.0000000001164
193 1708.5 1791.0000000001164
194 1389.0 1791.0000000001164
195 1389.0 1681.0000000002328
196 1708.5 1681.0000000002328
197 2028.0 1681.0000000002328
198 2056.0 1671.0
199 1736.5 1671.0001220703125
200 1417.0 1671.0002441407414
201 1417.0 1561.0002441405086
202 1736.5 1561.0001220700797
203 2056.0 1560.9999999996508
204 2056.0 1550.9999999998836
205 1736.5 1550.9999999998836
206 1417.0 1550.9999999998836
207 1417.0 1441.0000000002328
208 1736.5 1441.0000000002328
209 2056.0 1441.0000000002328
210 2056.0 1431.0
211 1736.5 1431.000122070429
212 1417.0 1431.0002441408578
213 1417.0 1321.0002441408578
214 1736.5 1321.000122070429
215 2056.0 1321.0
216 2056.0 1311.0000000001164
217 1736.5 1311.0001220705453
218 1417.0 1311.0002441408578
219 1417.0 1201.0002441407414
220 1736.5 1201.0001220703125
221 2056.0 1200.9999999998836
222 2093.0 1191.0000000001164
223 1773.5 1191.0001220703125
224 1454.0 1191.0002441403922
225 1454.0 1081.0002441408578
226 1773.5 1081.000122070429
227 2093.0 1081.0
228 2093.0 1070.9999999997672
229 1773.5 1070.9999999997672
230 1454.0 1070.9999999997672
231 1454.0 961.0000000002328
232 1773.5 961.0000000002328
233 2093.0 961.0000000002328
234 2046.0 951.0000000001164
235 1750.0 951.0000000001164
236 1454.0 951.0000000001164
237 1454.0 841.0000000002328
238 1750.0 841.0000000002328
239 2046.0 841.0000000002328
240 2046.0 830.9999999998836
241 1750.0 831.0001220703125
242 1454.0 831.0002441407414
243 1454.0 721.0002441405086
244 1750.0 721.0001220700797
245 2046.0 720.9999999996508
246 2046.0 710.9999999998836
247 1750.0 710.9999999998836
248 1454.0 710.9999999998836
249 1454.0 600.9999999997672
250 1750.0 600.9999999997672
251 2046.0 600.9999999997672
252 2046.0 591.0
253 1750.0 591.0001220704289
254 1454.0 591.0002441408578
255 1454.0 481.0002441407414
256 1750.0 481.0001220703125
257 2046.0 481.0
258 2046.0 471.0000000001164
259 1750.0 471.0000000001164
260 1454.0 471.0000000001164
261 1454.0 360.9999999998836
262 1750.0 360.9999999998836
263 2046.0 360.9999999998836
264 2046.0 350.99999999976717
265 1750.0 350.99999999976717
266 1454.0 350.99999999976717
267 1454.0 241.0
268 1750.0 241.0
269 2046.0 241.0
270 3143.0 25.000000000116415
271 2909.1730957031177 160.0000915528508
272 2570.0576985677035 160.00022379565053
273 2230.942301432293 160.00035603856668
274 1891.8269042968786 160.00048828136642
275 1658.0 25.000577926752158
276 1658.0 10.000577926635742
277 2153.0 10.000385284423828
278 2648.0 10.00019264232833
279 3143.0 10.000000000116415
280 3120.0 185.00000000011642
281 2886.17333984375 320.0
282 2544.500122070309 320.0
283 2202.8269042968677 320.0
284 1969.0 185.00000000011642
285 1969.0 170.0
286 2352.666666666668 170.0
287 2736.333333333332 170.0
288 3120.0 170.0
289 3032.0 345.0
290 2798.1730957031177 480.0000915527344
291 2428.586547851559 480.00022888183594
292 2059.0 480.0003662110539
293 2059.0 340.0003662110539
294 2069.0 340.0003662110539
295 2076.0710678118667 337.07143402297515
296 2079.0 330.0003662110539
297 2555.5 330.00018310558517
298 3032.0 330.0000000001164
299 2994.0 505.0000000001164
300 2760.1730957031177 640.0000610351562
301 2409.586547851559 640.0002136230469
302 2059.0 640.0003662109375
303 2059.0 500.0003662109375
304 2069.0 500.0003662109375
305 2076.0710678119103 497.0714340227423
306 2079.0 490.0003662108211
307 2536.5 490.00018310558517
308 2994.0 490.00000000034925
309 3036.0 664.9999999997672
310 2802.17333984375 800.0
311 2546.000122070309 800.0
312 2289.8269042968677 800.0
313 2056.0 664.9999999997672
314 2056.0 649.9999999997672
315 2546.0 649.9999999997672
316 3036.0 649.9999999997672
317 3087.13525390625 824.9999999996508
318 2853.308105468739 960.0000000001164
319 2571.5675048828016 960.0000000001164
320 2289.8269042968677 960.0000000001164
321 2056.0 824.9999999996508
322 2056.0 809.9999999998836
323 2400.0 809.9999999998836
324 2744.0 809.9999999998836
325 3088.0 809.9999999998836
326 3258.0 1151.0000000001164
327 2873.0 1151.0001627604943
328 2488.0 1151.0003255208721
329 2103.0 1151.00048828125
330 2103.0 1136.00048828125
331 2336.82666015625 1001.0003662110539
332 2680.499877929684 1001.0002136230469
333 3024.1730957031177 1001.0000610351562
334 3258.0 1136.0000000001164
335 3376.0 1310.9990234376164
336 2939.333333333332 1310.9993489584886
337 2502.666666666668 1310.9996744792443
338 2066.0 1311.0000000001164
339 2066.0 1296.0000000002328
340 2299.82666015625 1160.9998779296875
341 2720.999877929684 1160.99951171875
342 3142.1730957031177 1160.9991455078125
343 3376.0 1295.9990234375
344 3529.0 1791.0000000001164
345 3032.0 1791.0002034505596
346 2535.0 1791.0004069011193
347 2038.0 1791.0006103515625
348 2038.0 1776.0006103515625
349 2271.8269042968677 1641.00048828125
350 2612.9423014322856 1641.0003662109375
351 2954.0576985677 1641.000244140625
352 3295.1730957031177 1641.0001220703125
353 3529.0 1776.0
354 3557.0 1630.9987792967586
355 3060.0 1630.9991861977614
356 2563.0 1630.9995930987643
357 2066.0 1630.9999999997672
358 2066.0 1616.0000000001164
359 2299.82666015625 1480.9998779296875
360 2640.9421386718714 1480.9995930991136
361 2982.0576171874964 1480.9993082684232
362 3323.1730957031177 1480.9990234378492
363 3557.0 1615.9987792967586
364 3551.0 1470.9989013674203
365 3056.0 1470.9992675783578
366 2561.0 1470.999633789179
367 2066.0 1471.0000000001164
368 2066.0 1455.9999999997672
369 2299.82666015625 1320.999877929804
370 2638.9421386718714 1320.9995930991136
371 2978.0576171874964 1320.9993082684232
372 3317.1730957031177 1320.9990234377328
373 3551.0 1455.998901367304
374 3776.0 159.99999999976717
375 3365.5 160.00016021728516
376 2955.0 160.00032043468673
377 2955.0 145.00032043480314
378 3188.8269042968677 10.000228881835938
379 3542.1730957031177 10.000090599060059
380 3776.0 145.00000000011642
381 3819.0 319.99932861316483
382 3381.5 319.9996643066406
383 2944.0 320.0
384 2944.0 305.0
385 3177.82666015625 169.99981689453125
386 3585.1730957031177 169.99949645996094
387 3819.0 304.9993286135141
388 4154.0 480.0
389 3717.3333333333285 480.0001729329815
390 3280.6666666666606 480.000345865963
391 2843.999999999989 480.00051879894454
392 2843.999999999989 465.0005187987117
393 3077.8269042968677 330.00042724609375
394 3498.9999999999927 330.00025939941406
395 3920.1730957031177 330.0000915528508
396 4154.0 465.00000000023283
397 4158.0 640.0000000001164
398 3707.333333333332 640.0001831054688
399 3256.666666666668 640.0003662109375
400 2806.0 640.0005493162898
401 2806.0 625.0005493161734
402 3039.8269042968677 490.00042724609375
403 3481.9999999999927 490.00025939941406
404 3924.1730957031177 490.0000915527344
405 4158.0 625.0000000001164
406 4200.0 799.9989624023438
407 3749.333333333332 799.9993082681904
408 3298.666666666668 799.9996541341534
409 2848.0 800.0
410 2848.0 785.0000000002328
411 3081.82666015625 649.9998168946477
412 3523.999877929684 649.9994812011719
413 3966.1730957031177 649.9991455076961
414 4200.0 784.9989624024602
415 4040.0 964.9990844727727
416 3656.333333333332 964.9993896484375
417 3272.666666666668 964.9996948239859
418 2889.0 964.9999999996508
419 2889.0 950.0
420 3122.82666015625 814.9998168942984
421 3464.499877929684 814.9995422362117
422 3806.1730957031177 814.999267578125
423 4040.0 949.9990844727727
424 4038.0 990.0000000001164
425 3804.17333984375 1125.0000000002328
426 3532.500122070309 1125.0000000002328
427 3260.8269042968677 1125.0000000002328
428 3026.999999999989 990.0000000001164
429 3026.999999999989 975.0000000001164
430 3363.9999999999927 975.0000000001164
431 3700.9999999999964 975.0000000001164
432 4038.0 975.0000000001164
433 4343.0 1175.9999999997672
434 4109.17333984375 1311.0001220703125
435 3765.500122070316 1311.000244140625
436 3421.8269042968786 1311.000366211054
437 3188.0 1176.00048828125
438 3188.0 1161.0004882813664
439 3573.0 1161.0003255208721
440 3958.0 1161.0001627604943
441 4343.0 1161.0
442 4496.0 1655.9999999998836
443 4262.17333984375 1791.0000000001164
444 3918.500122070309 1791.0000000001164
445 3574.8269042968677 1791.0000000001164
446 3341.0 1655.9999999998836
447 3341.0 1641.0
448 3726.0 1641.0
449 4111.0 1641.0
450 4496.0 1641.0
451 4524.0 1496.0
452 4290.17333984375 1630.9999999997672
453 3946.500122070309 1630.9999999997672
454 3602.8269042968677 1630.9999999997672
455 3369.0 1496.0
456 3369.0 1480.9999999998836
457 3754.0 1480.9999999998836
458 4139.0 1480.9999999998836
459 4524.0 1480.9999999998836
460 4518.0 1336.0000000001164
461 4284.17333984375 1471.0000000001164
462 3940.500122070309 1471.0000000001164
463 3596.8269042968677 1471.0000000001164
464 3363.0 1336.0000000001164
465 3363.0 1321.0
466 3748.0 1321.0
467 4133.0 1321.0
468 4518.0 1321.0
469 4628.0 1151.0000000001164
470 4217.5 1151.0001831055852
471 3807.0 1151.000366211054
472 3807.0 1136.000366211054
473 4040.8269042968677 1001.0002441405086
474 4394.1728515625 1001.0000610351562
475 4628.0 1136.0000000001164
476 4661.0 320.0
477 4263.5 320.0001525878906
478 3866.0 320.00030517566483
479 3866.0 305.00030517589767
480 4099.82666015625 170.00021362293046
481 4427.1728515625 170.00009155273438
482 4661.0 305.0
483 4686.0 309.0000000001164
484 4671.0 309.0000000001164
485 4668.117792060504 279.7364516976522
486 4659.581929876727 251.59748514532112
487 4645.720441845424 225.66446504706983
488 4627.0660171780255 202.93398282199632
489 4604.335534952981 184.27955815463793
490 4578.402514854795 170.4180701232981
491 4550.263548302435 161.88220793951768
492 4521.0 159.0
493 4257.5 159.0
494 3994.0 159.0
495 3964.736451697565 161.88220793951768
496 3936.5974851452047 170.4180701232981
497 3910.664465047019 184.27955815463793
498 3887.9339828219745 202.93398282199632
499 3869.279558154576 225.66446504706983
500 3855.4180701232726 251.59748514532112
501 3846.882207939496 279.7364516976522
502 3844.0 309.0000000001164
503 3829.0 309.0000000001164
504 3829.0 44.00000000023283
505 3853.748737341575 33.748737341724336
506 3864.0 9.000000000116415
507 4257.499999999996 9.000000000116415
508 4650.999999999989 9.000000000116415
509 4661.251262658421 33.748737341724336
510 4686.0 44.00000000023283
511 4860.0 345.0
512 4626.17333984375 480.0
513 4199.82666015625 480.0
514 3966.0 345.0
515 3966.0 330.0000000001164
516 4413.0 330.0000000001164
517 4860.0 330.0000000001164
518 5001.0 505.0000000001164
519 4767.17333984375 640.0000610351562
520 4485.4326171875 640.0001831054688
521 4203.69189453125 640.0003051758977
522 3969.8649902343677 505.00039672863204
523 3969.0 490.00039672874846
524 4313.0 490.0002644859487
525 4657.0 490.000132243149
526 5001.0 490.00000000034925
527 5025.0 664.9999999997672
528 4791.17333984375 800.0000610351562
529 4518.59033203125 800.0001831054688
530 4246.00732421875 800.0003051758977
531 4012.1806640625 665.0003662107047
532 4011.0 650.0003662107047
533 4349.0 650.0002441403922
534 4687.0 650.0001220700797
535 5025.0 649.9999999997672
536 4996.0 824.9999999996508
537 4762.17333984375 960.0000610352727
538 4418.500122070309 960.0002136231633
539 4074.8269042968677 960.0003662110539
540 3841.0 825.0004272459773
541 3841.0 810.0004272460938
542 4226.0 810.0002848306904
543 4611.0 810.000142415287
544 4996.0 809.9999999998836
545 5248.999999999989 1311.0000000001164
546 4883.999999999993 1311.000122070429
547 4518.999999999996 1311.0002441407414
548 4154.0 1311.000366211054
549 4154.7861328125 1296.0003662109375
550 4388.61279296875 1161.000366210821
551 4701.892822265625 1161.000244140625
552 5015.1728515625 1161.0001220705453
553 5248.999999999989 1296.0000000002328
554 5458.999999999989 1790.9991455078125
555 5075.333333333325 1790.9994303386193
556 4691.666666666664 1790.9997151693096
557 4308.0 1791.0000000001164
558 4308.0 1776.0
559 4541.82666015625 1640.9998779299203
560 4883.5 1640.9995727540227
561 5225.17333984375 1640.999267578125
562 5458.999999999989 1775.999145507696
563 5483.0 1630.9999999997672
564 5100.666666666668 1631.0001627602614
565 4718.333333333332 1631.0003255207557
566 4336.0 1631.00048828125
567 4336.0 1616.0004882813664
568 4569.82666015625 1481.000366211054
569 4909.499755859375 1481.000244140625
570 5249.1728515625 1481.000122070196
571 5483.0 1616.0000000001164
572 5429.0 1471.0000000001164
573 5062.333333333332 1471.0001627604943
574 4695.666666666668 1471.0003255208721
575 4329.0 1471.00048828125
576 4329.8125 1456.00048828125
577 4563.63916015625 1321.0003662109375
578 4879.406005859375 1321.000244140625
579 5195.1728515625 1321.000122070429
580 5429.0 1455.9999999997672
581 5397.0 985.0
582 5163.17333984375 1120.0001220705453
583 4891.5 1120.0001831054688
584 4619.82666015625 1120.0002441403922
585 4386.0 985.0003662109375
586 4386.0 970.0003662110539
587 4723.0 970.0002441407414
588 5060.0 970.0001220703125
589 5397.0 970.0
590 5471.0 308.9999694826547
591 5453.0 308.9999694826547
592 5450.117779036806 279.7364319997141
593 5441.58190797938 251.597478057025
594 5427.720415353739 225.6644711761037
595 5409.06599020401 202.9340016245842
596 5386.335511164416 184.27958803623915
597 5360.402497233168 170.41810860077385
598 5332.263538948926 161.88225185556803
599 5303.0 159.0000457764836
600 4863.999999999989 159.0002136231633
601 4834.73644421477 161.88242305116728
602 4806.597471047939 170.41828958585393
603 4780.664446016217 184.27978449384682
604 4757.933961242819 202.93421802448574
605 4739.279536961287 225.66471038840245
606 4725.418052605444 251.59774106030818
607 4716.882197520568 279.7367177004926
608 4714.0 309.00027465843596
609 4696.0 309.00027465843596
610 4696.0 44.00027847324964
611 4724.0 44.00026702857576
612 4748.748742399093 33.74899931263644
613 4758.999999999989 9.000252723810263
614 5083.499999999996 9.00012636196334
615 5408.0 9.000000000116415
616 5418.251268053315 33.74872747750487
617 5443.0 43.99998474109452
618 5471.0 43.99997711169999
619 5839.999999999996 472.9991149903508
620 5454.999999999996 472.9994099935284
621 5070.0 472.9997049968224
622 4685.0 473.0
623 4685.0 458.0000000001164
624 4918.82666015625 322.99981689453125
625 5262.5 322.9995422363281
626 5606.17333984375 322.9992675782414
627 5839.999999999996 457.9991149903508
628 5964.999999999996 639.0000000001164
629 5581.333333333332 639.0001424154034
630 5197.666666666664 639.0002848308068
631 4814.0 639.0004272460938
632 4814.0 624.0004272463266
633 5047.82666015625 489.00036621070467
634 5389.499755859371 489.00022888183594
635 5731.172851562489 489.0000915528508
636 5964.999999999996 624.0000000002328
637 5987.999999999996 799.9990844727727
638 5604.333333333332 799.9993896485539
639 5220.666666666664 799.9996948242188
640 4837.0 800.0
641 4837.0 785.0000000002328
642 5070.82666015625 649.9998168946477
643 5412.499999999996 649.999542236561
644 5754.173339843746 649.9992675783578
645 5987.999999999996 784.9990844725398
646 5963.999999999996 960.0000000001164
647 5581.666666666664 960.0001424155198
648 5199.333333333332 960.0002848308068
649 4817.0 960.0004272462102
650 4817.0 945.0004272460938
651 5050.82666015625 810.0003662110539
652 5390.499755859371 810.0002136230469
653 5730.172851562496 810.0000610350398
654 5963.999999999996 945.0000000001164
655 6123.999999999989 1155.0000000002328
656 5890.173339843746 1290.000122070429
657 5574.406249999996 1290.0002441407414
658 5258.63916015625 1290.000366211054
659 5024.8125 1155.00048828125
660 5024.0 1140.0004882813664
661 5390.666666666664 1140.0003255208721
662 5757.333333333325 1140.0001627603779
663 6123.999999999989 1139.9999999998836
664 6204.999999999996 1130.0000000001164
665 5866.999999999996 1130.000122070429
666 5529.0 1130.0002441407414
667 5191.0 1130.000366211054
668 5192.1806640625 1115.000366211054
669 5426.00732421875 980.0003051756648
670 5698.590087890621 980.0001831054688
671 5971.172851562496 980.0000610351562
672 6204.999999999996 1115.0
673 6396.999999999996 1336.0000000001164
674 6163.173339843746 1471.0001220703125
675 5823.499999999996 1471.0002441405086
676 5483.82666015625 1471.0003662107047
677 5250.0 1336.00048828125
678 5250.0 1321.0004882814828
679 5632.333333333332 1321.0003255209886
680 6014.666666666661 1321.0001627604943
681 6396.999999999996 1321.0
682 6419.999999999996 1655.9999999998836
683 6186.173339843746 1791.0000000001164
684 5845.499999999996 1791.0000000001164
685 5504.82666015625 1791.0000000001164
686 5271.0 1655.9999999998836
687 5271.0 1641.0
688 5654.0 1641.0
689 6036.999999999996 1641.0
690 6419.999999999996 1641.0
691 6445.999999999996 1496.0
692 6212.173339843746 1630.9999999997672
693 5870.499999999996 1630.9999999997672
694 5528.82666015625 1630.9999999997672
695 5295.0 1496.0
696 5295.0 1480.9999999998836
697 5678.666666666664 1480.9999999998836
698 6062.333333333332 1480.9999999998836
699 6445.999999999996 1480.9999999998836
700 6480.999999999996 1391.0000000001164
701 6465.999999999996 1391.0000000001164
702 6330.999999999996 1157.173217773554
703 6330.999999999996 815.5000457763672
704 6330.999999999996 473.82687377906404
705 6465.999999999996 239.99999999988358
706 6480.999999999996 239.99999999988358
707 6480.999999999996 623.6666666666279
708 6480.999999999996 1007.3333333333721
709 6248.070312499996 624.3562011721078
710 6221.200378429563 623.6527289618971
711 6201.755371093746 642.2102050782414
712 6050.706542968746 575.6572875975398
713 6049.4994696105605 546.6185789739247
714 6037.343284598635 520.2191321885912
715 6016.063476562496 500.4233398436336
716 5748.574218749996 334.7425537109375
717 5481.0849609375 169.061767578125
718 5481.0849609375 44.0147590637207
719 5505.847182291898 33.76320127781946
720 5516.09814453125 9.000733375665732
721 5987.049072265621 9.000366687891074
722 6457.999999999996 9.000000000116415
723 6461.966892232031 28.53119121713098
724 6473.2475918230375 44.96133062848821
725 6490.049804687496 55.67997360206209
726 6479.388149016322 82.95071727468167
727 6468.62078668713 110.1798977724975
728 6457.7478797244 137.36710535781458
729 6446.769591740773 164.51193092472386
730 6435.686087934682 191.613966004923
731 6424.497535087776 218.67280277400278
732 6413.204101562496 245.68803405785002
733 6401.925496323183 272.4862835642416
734 6390.58993720356 299.2604915300617
735 6379.197475450372 326.0105369122466
736 6367.7481625675755 352.73629877716303
737 6356.242050316145 379.4376563008409
738 6344.679190713829 406.1144887696719
739 6333.059636034926 432.7666755807586
740 6321.383438810062 459.394096242846
741 6309.650651825923 485.9966303765541
742 6297.861328124996 512.5741577149602
743 6287.913754979698 534.9352997983806
744 6277.960866281905 557.2940764493542
745 6268.0026625941355 579.650486404309
746 6258.039144479142 602.0045283995569
GTSP_SET_SECTION
1 1 -1
2 2 3 4 5 6 7 8 9 -1
3 10 11 12 13 14 15 -1
4 16 17 18 19 20 21 22 23 -1
5 24 25 26 27 28 29 -1
6 30 31 32 33 34 35 -1
7 36 37 38 39 40 41 -1
8 42 43 44 45 46 47 -1
9 48 49 50 51 52 53 -1
10 54 55 56 57 58 59 -1
11 60 61 62 63 64 65 -1
12 66 67 68 69 70 71 -1
13 72 73 74 75 76 77 -1
14 78 79 80 81 82 83 -1
15 84 85 86 87 88 89 -1
16 90 91 92 93 94 95 -1
17 96 97 98 99 100 101 -1
18 102 103 104 105 106 107 -1
19 108 109 110 111 112 113 -1
20 114 115 116 117 118 119 -1
21 120 121 122 123 124 125 -1
22 126 127 128 129 130 131 -1
23 132 133 134 135 136 137 -1
24 138 139 140 141 142 143 -1
25 144 145 146 147 148 149 -1
26 150 151 152 153 154 155 -1
27 156 157 158 159 160 161 -1
28 162 163 164 165 166 167 -1
29 168 169 170 171 172 173 -1
30 174 175 176 177 178 179 -1
31 180 181 182 183 184 185 -1
32 186 187 188 189 190 191 -1
33 192 193 194 195 196 197 -1
34 198 199 200 201 202 203 -1
35 204 205 206 207 208 209 -1
36 210 211 212 213 214 215 -1
37 216 217 218 219 220 221 -1
38 222 223 224 225 226 227 -1
39 228 229 230 231 232 233 -1
40 234 235 236 237 238 239 -1
41 240 241 242 243 244 245 -1
42 246 247 248 249 250 251 -1
43 252 253 254 255 256 257 -1
44 258 259 260 261 262 263 -1
45 264 265 266 267 268 269 -1
46 270 271 272 273 274 275 276 277 278 279 -1
47 280 281 282 283 284 285 286 287 288 -1
48 289 290 291 292 293 294 295 296 297 298 -1
49 299 300 301 302 303 304 305 306 307 308 -1
50 309 310 311 312 313 314 315 316 -1
51 317 318 319 320 321 322 323 324 325 -1
52 326 327 328 329 330 331 332 333 334 -1
53 335 336 337 338 339 340 341 342 343 -1
54 344 345 346 347 348 349 350 351 352 353 -1
55 354 355 356 357 358 359 360 361 362 363 -1
56 364 365 366 367 368 369 370 371 372 373 -1
57 374 375 376 377 378 379 380 -1
58 381 382 383 384 385 386 387 -1
59 388 389 390 391 392 393 394 395 396 -1
60 397 398 399 400 401 402 403 404 405 -1
61 406 407 408 409 410 411 412 413 414 -1
62 415 416 417 418 419 420 421 422 423 -1
63 424 425 426 427 428 429 430 431 432 -1
64 433 434 435 436 437 438 439 440 441 -1
65 442 443 444 445 446 447 448 449 450 -1
66 451 452 453 454 455 456 457 458 459 -1
67 460 461 462 463 464 465 466 467 468 -1
68 469 470 471 472 473 474 475 -1
69 476 477 478 479 480 481 482 -1
70 483 484 485 486 487 488 489 490 491 492 493 494 495 496 497 498 499 500 501 502 503 504 505 506 507 508 509 510 -1
71 511 512 513 514 515 516 517 -1
72 518 519 520 521 522 523 524 525 526 -1
73 527 528 529 530 531 532 533 534 535 -1
74 536 537 538 539 540 541 542 543 544 -1
75 545 546 547 548 549 550 551 552 553 -1
76 554 555 556 557 558 559 560 561 562 -1
77 563 564 565 566 567 568 569 570 571 -1
78 572 573 574 575 576 577 578 579 580 -1
79 581 582 583 584 585 586 587 588 589 -1
80 590 591 592 593 594 595 596 597 598 599 600 601 602 603 604 605 606 607 608 609 610 611 612 613 614 615 616 617 618 -1
81 619 620 621 622 623 624 625 626 627 -1
82 628 629 630 631 632 633 634 635 636 -1
83 637 638 639 640 641 642 643 644 645 -1
84 646 647 648 649 650 651 652 653 654 -1
85 655 656 657 658 659 660 661 662 663 -1
86 664 665 666 667 668 669 670 671 672 -1
87 673 674 675 676 677 678 679 680 681 -1
88 682 683 684 685 686 687 688 689 690 -1
89 691 692 693 694 695 696 697 698 699 -1
90 700 701 702 703 704 705 706 707 708 -1
91 709 710 711 712 713 714 715 716 717 718 719 720 721 722 723 724 725 726 727 728 729 730 731 732 733 734 735 736 737 738 739 740 741 742 743 744 745 746 -1
GTSP_SET_ORDERING
EOF