NAME: Mc11v466
TYPE: PCGTSP 
COMMENT: 
DIMENSION: 467
GTSP_SETS: 12
EDGE_WEIGHT_TYPE: EUC_2D
NODE_COORD_SECTION
1 0.0 0.0
2 310.0 2031.0
3 190.0 2031.0
4 190.0 2000.9999999998836
5 187.07106781181938 1993.928932188137
6 180.0 1991.0000000000582
7 140.0 1991.0000000000582
8 132.92893218818062 1993.928932188137
9 130.0 2000.9999999998836
10 130.0 2031.0
11 10.0 2031.0
12 10.0 1871.0000000000582
13 130.0 1871.0000000000582
14 130.0 1901.0
15 132.92893218813333 1908.071067811863
16 140.0 1911.0
17 180.0 1911.0
18 187.07106781186667 1908.071067811863
19 190.0 1901.0
20 190.0 1871.0000000000582
21 310.0 1871.0000000000582
22 810.0 2191.0
23 440.0 2191.0
24 431.2132101393945 2169.7867898606346
25 410.0 2161.0
26 388.7867898606055 2169.7867898606346
27 380.0 2191.0
28 10.0 2191.0
29 10.0 2041.0
30 380.0 2041.0
31 388.7867898606055 2062.2132101393654
32 410.0 2071.0
33 431.2132101393945 2062.2132101393654
34 440.0 2041.0
35 810.0 2041.0
36 1620.0 2191.0
37 1250.0 2191.0
38 1241.2132101393945 2169.7867898606346
39 1220.0 2161.0
40 1198.7867898606055 2169.7867898606346
41 1190.0 2191.0
42 820.0 2191.0
43 820.0 2041.0
44 1190.0 2041.0
45 1198.7867898606055 2062.2132101393654
46 1220.0 2071.0
47 1241.2132101393945 2062.2132101393654
48 1250.0 2041.0
49 1620.0 2041.0
50 1930.0 2162.9999999998836
51 1810.0 2162.9999999998836
52 1810.0 2133.0
53 1807.0710678118667 2125.928932188137
54 1800.0 2123.0
55 1760.0 2123.0
56 1752.9289321881333 2125.928932188137
57 1750.0 2133.0
58 1750.0 2162.9999999998836
59 1630.0 2162.9999999998836
60 1630.0 2003.0
61 1750.0 2003.0
62 1750.0 2033.0
63 1752.9289321881588 2040.0710678118048
64 1760.0 2042.9999999998836
65 1800.0 2042.9999999998836
66 1807.0710678118412 2040.0710678118048
67 1810.0 2033.0
68 1810.0 2003.0
69 1930.0 2003.0
70 2240.0 2188.9999999998836
71 2120.0 2188.9999999998836
72 2120.0 2159.0
73 2117.0710678118667 2151.928932188137
74 2110.0 2149.0
75 2070.0 2149.0
76 2062.9289321881333 2151.928932188137
77 2060.0 2159.0
78 2060.0 2188.9999999998836
79 1940.0 2188.9999999998836
80 1940.0 2029.0
81 2060.0 2029.0
82 2060.0 2059.000000000058
83 2062.928932188155 2066.071067811863
84 2070.0 2069.0
85 2110.0 2069.0
86 2117.071067811845 2066.071067811863
87 2120.0 2059.000000000058
88 2120.0 2029.0
89 2240.0 2029.0
90 7563.999999999996 1700.9998779296875
91 7403.999999999996 1701.0
92 7403.999999999996 1581.0
93 7433.999999999996 1581.0
94 7441.071067811838 1578.071067811863
95 7443.999999999996 1571.0000000000582
96 7443.999999999996 1531.0000000000582
97 7441.071067811881 1523.928932188137
98 7433.999999999996 1521.0
99 7403.999999999996 1521.0
100 7403.999999999996 1401.0
101 7563.999999999996 1400.999877929571
102 7563.999999999996 1520.999877929571
103 7533.999999999996 1521.0
104 7526.9289321881115 1523.928932188137
105 7523.999999999996 1531.0000000000582
106 7523.999999999996 1571.0000000000582
107 7526.928932188155 1578.071067811863
108 7533.999999999996 1581.0
109 7563.999999999996 1580.9998779296875
110 7394.999999999996 1701.0
111 7234.999999999996 1701.0
112 7234.999999999996 1581.0
113 7264.999999999996 1581.0
114 7272.071067811838 1578.071067811863
115 7274.999999999996 1571.0000000000582
116 7274.999999999996 1531.0000000000582
117 7272.071067811881 1523.928932188137
118 7264.999999999996 1521.0
119 7234.999999999996 1521.0
120 7234.999999999996 1401.0
121 7394.999999999996 1401.0
122 7394.999999999996 1521.0
123 7364.999999999996 1521.0
124 7357.9289321881115 1523.928932188137
125 7354.999999999996 1531.0000000000582
126 7354.999999999996 1571.0000000000582
127 7357.928932188155 1578.071067811863
128 7364.999999999996 1581.0
129 7394.999999999996 1581.0
130 9990.999999999996 2180.0
131 9980.992187499996 2180.0
132 9973.920083685593 2182.9299679131946
133 9970.992187499996 2190.0029296875
134 9512.524305555551 2190.003011067689
135 9054.056423611106 2190.003092447936
136 8595.58854166666 2190.003173828125
137 8137.120659722215 2190.003255208314
138 7678.652777777777 2190.003336588561
139 7220.184895833332 2190.00341796875
140 6761.717013888887 2190.003499348939
141 6303.249131944442 2190.003580729186
142 5844.781249999996 2190.003662109375
143 5815.086093639849 2189.9745091039804
144 5785.390989600975 2189.9116022571106
145 5755.695976250619 2189.8149416499655
146 5726.00109195591 2189.6845274074585
147 5696.306375083808 2189.5203596979845
148 5666.611864001068 2189.322438733827
149 5636.917597074178 2189.0907647705753
150 5607.2236126692915 2188.825338107592
151 5577.529949152224 2188.5261590878945
152 5547.83664488835 2188.1932280979236
153 5518.143738242601 2187.826545567892
154 5488.4512675793885 2187.426111971552
155 5458.759271262552 2186.9919278263114
156 5429.067787655327 2186.5239936931175
157 5399.376855120296 2186.0223101765732
158 5369.686512019296 2185.486877924879
159 5339.996796713447 2184.917697629775
160 5310.30774756302 2184.3147700267727
161 5280.619402927441 2183.6780958948657
162 5250.931801165239 2183.007676056586
163 5221.244980633954 2182.3035113781225
164 5191.558979690144 2181.565602769435
165 5161.873836689287 2180.7939511837903
166 5132.189589985763 2179.988557618228
167 5102.506277932804 2179.1494231133256
168 5072.823938882404 2178.276548753376
169 5043.1426111853325 2177.3699356660945
170 5013.462333191041 2176.429585022852
171 4983.783143247609 2175.4554980386165
172 4954.1050797017415 2174.447675972013
173 4924.428180898649 2173.406120125088
174 4894.752485182074 2172.330831843661
175 4865.078030894187 2171.2218125169748
176 4835.40485637555 2170.079063577985
177 4805.73299996509 2168.902586503129
178 4776.0625 2167.692382812558
179 4746.412035384601 2166.4743040180765
180 4716.762005469369 2165.2456893979106
181 4687.1124139980675 2164.006539107184
182 4657.46326471437 2162.7568533023586
183 4627.814561361876 2161.4966321412358
184 4598.166307684205 2160.2258757828968
185 4568.5185074248475 2158.94458438782
186 4538.871164327244 2157.652758117765
187 4509.22428213483 2156.3503971358878
188 4479.577864590934 2155.0375016065664
189 4449.931915438818 2153.7140716956346
190 4420.286438421743 2152.3801075701485
191 4390.64143728284 2151.035609398561
192 4360.996915765249 2149.6805773506057
193 4331.352877611993 2148.315011597413
194 4301.709326566037 2146.9389123114524
195 4272.066266370344 2145.552279666357
196 4242.423700767751 2144.1551138372743
197 4212.781633501039 2142.747415000573
198 4183.14006831298 2141.3291833340772
199 4153.499008946223 2139.9004190168343
200 4123.858459143357 2138.4611222291715
201 4094.2184226469653 2137.0112931529293
202 4064.578903199501 2135.5509319710545
203 4034.939904543364 2134.0800388680073
204 4005.3014304209355 2132.598614029528
205 3975.663484574481 2131.1066576426383
206 3946.0260707461894 2129.604169895756
207 3916.389192678249 2128.0911509784637
208 3886.7528541127176 2126.5676010819734
209 3857.1170587915876 2125.033520398545
210 3827.481810456844 2123.488909121894
211 3797.847112850319 2121.9337674470735
212 3768.212969713848 2120.3680955704767
213 3738.5793847891546 2118.7918936897186
214 3708.9463618178816 2117.205162003811
215 3679.3139045416574 2115.607900713163
216 3649.6820167019796 2114.000110019464
217 3620.0507020402874 2112.381790125626
218 3590.4199642979875 2110.7529412360745
219 3560.78980721637 2109.113563556457
220 3531.160234536641 2107.4636572937015
221 3501.53125 2105.80322265625
222 3474.013544732905 2104.206371957902
223 3446.496660048826 2102.595442846534
224 3418.9806031504413 2100.970435743686
225 3391.4653812402394 2099.331351074856
226 3363.951001520494 2097.678189268976
227 3336.437471193225 2096.0109507588204
228 3308.924797460273 2094.329635980772
229 3281.412987523214 2092.6342453748803
230 3253.9020485834226 2090.9247793850373
231 3226.391987842053 2089.201238458627
232 3198.8828125 2087.463623046875
233 3196.407294217246 2080.2170493322774
234 3189.53125 2076.8464355467586
235 3169.562499999989 2075.572998046875
236 3162.3191989103034 2078.045052850968
237 3158.945312499989 2084.914794921875
238 3129.1850475356587 2082.996914183139
239 3099.4258487382685 2081.062560489343
240 3069.667725225954 2079.1117344332743
241 3039.9106861165237 2077.144436612609
242 3010.1547405274578 2075.1606676302035
243 2980.399897575906 2073.1604280938045
244 2950.646166378654 2071.143718616222
245 2920.8935560521713 2069.110539815505
246 2891.142075712578 2067.060892314592
247 2861.3917344756555 2064.9947767413687
248 2831.642541456822 2062.9121937290183
249 2801.89450577115 2060.813143915555
250 2772.147636533362 2058.6976279441733
251 2742.4019428578176 2056.565646463074
252 2712.657433858516 2054.417200125463
253 2682.914118649096 2052.2522895895527
254 2653.17200634284 2050.070915518794
255 2623.4311060526343 2047.8730785814696
256 2593.691426891015 2045.6587794510415
257 2563.9529779701406 2043.428018805862
258 2534.2157684017984 2041.18079732958
259 2504.4798072973826 2038.9171157106175
260 2474.7451037679166 2036.6369746425771
261 2445.011666924034 2034.3403748241835
262 2415.2795058759766 2032.0273169589927
263 2385.548629733603 2029.6978017557994
264 2355.819047606372 2027.3518299282878
265 2326.0907686033424 2024.9894021953223
266 2296.363801833202 2022.6105192807154
267 2266.638156404184 2020.2151819134015
268 2236.913841424157 2017.8033908272046
269 2207.190866000572 2015.3751467611291
270 2177.4692392404722 2012.9304504592437
271 2147.7489702504827 2010.4693026705645
272 2118.0300681368135 2007.9917041491135
273 2088.3125420052565 2005.4976556540933
274 2058.5964009611816 2002.9871579497121
275 2028.8816541095366 2000.460211805068
276 1999.16831055484 1997.916817994439
277 1969.456379401192 1995.356977297226
278 1939.7458697522234 1992.7806904976023
279 1910.0367907111686 1990.1879583850387
280 1880.3291513808108 1987.5787817538949
281 1850.6229608634858 1984.953161403595
282 1820.9182282610964 1982.3110981386853
283 1791.2149626750906 1979.6525927686598
284 1761.5131732064729 1976.9776461081346
285 1731.8128689557852 1974.2862589765573
286 1702.1140590231262 1971.578432198672
287 1672.4167525081284 1968.854166604171
288 1642.72095850997 1966.1134630276938
289 1613.026686127374 1963.3563223090023
290 1583.3339444585617 1960.5827452928643
291 1553.6427426013179 1957.7927328291116
292 1523.953089652954 1954.9862857726403
293 1494.2649947102946 1952.1634049832937
294 1464.5784668696942 1949.3240913259797
295 1434.8935152270242 1946.468345670728
296 1405.2101488776789 1943.596168892458
297 1375.528376916558 1940.7075618711533
298 1345.8482084380776 1937.8025254920358
299 1316.1696525361622 1934.8810606450425
300 1286.4927183042528 1931.9431682254071
301 1256.8174148352591 1928.988849133253
302 1227.1437512216253 1926.0181042737677
303 1197.471736555286 1923.030934557144
304 1167.8013799276632 1920.027340898756
305 1138.1326904296802 1917.00732421875
306 1108.8863501865308 1914.031385489914
307 1079.6415251130638 1911.040593728947
308 1050.3982227525266 1908.0349497072166
309 1021.1564506477771 1905.0144541999907
310 991.9162163412839 1901.979107986379
311 962.6775273751118 1898.9289118492743
312 933.4403912909365 1895.8638665754697
313 904.2048156300225 1892.7839729555417
314 874.9708079332413 1889.6892317838501
315 845.7383757410535 1886.579643858655
316 816.5075265935156 1883.4552099820576
317 787.2782680302807 1880.3159309600014
318 758.0506075905796 1877.1618076020968
319 728.8245528132429 1873.9928407219704
320 699.600111236683 1870.8090311369742
321 670.3772903988902 1867.61037966836
322 641.1560978374473 1864.3968871411635
323 611.9365410895116 1861.1685543842614
324 582.7186276918292 1857.9253822303726
325 553.5023651806878 1854.6673715159413
326 524.2877610919859 1851.3945230813697
327 495.07482296117814 1848.1068377709016
328 465.8635583233008 1844.80431643239
329 436.6539747129427 1841.48695991782
330 407.44607966427066 1838.1547690827865
331 378.23988071101485 1834.8077447868418
332 349.0353853864617 1831.4458878931473
333 319.83260122346474 1828.0691992689972
334 290.6315357544263 1824.6776797852945
335 261.4321965113231 1821.271330316842
336 232.23459102566994 1817.8501517422264
337 203.03872682854126 1814.414144943934
338 173.84461145056048 1810.9633108081762
339 144.65225242190718 1807.4976502250647
340 115.46165727229163 1804.0171640885528
341 86.27283353098392 1800.5218532963772
342 57.085788726799365 1797.01171875
343 55.003337835729326 1789.6085953081492
344 48.281097412109375 1785.873046875
345 37.218597412109375 1784.6083984373836
346 37.21842384338015 1340.753410339239
347 37.218250274654565 896.8984222410945
348 37.21807670592898 453.0434341430082
349 37.217903137199755 9.188446044863667
350 534.906959152213 9.188252258230932
351 1032.5960151672298 9.188058471656404
352 1530.285071182243 9.18786468502367
353 2027.9741271972598 9.187670898390934
354 2525.663183212273 9.187477111758199
355 3023.35223922729 9.187283325125463
356 3521.041295242303 9.187089538550936
357 4018.73035125732 9.1868957519182
358 4516.419407272333 9.186701965285465
359 5014.10846328735 9.186508178710938
360 5511.797519302363 9.186314392078202
361 6009.486575317376 9.186120605445467
362 6507.1756313323895 9.185926818812732
363 7004.86468734741 9.185733032179996
364 7502.553743362423 9.185539245605469
365 8000.242799377436 9.185345458972733
366 8497.93185539245 9.185151672339998
367 8995.620911407463 9.18495788576547
368 9493.309967422483 9.184764099132735
369 9990.999023437496 9.1845703125
370 9990.99921875 443.34765625
371 9990.999414062495 877.5107421875
372 9990.999609374998 1311.673828125
373 9990.999804687493 1745.8369140625
374 7745.640624999996 1554.7655029296875
375 7743.613716213036 1526.2886436797562
376 7737.552908640366 1498.3904988751165
377 7727.581697277685 1471.6395210251212
378 7713.903255495799 1446.5807879687054
379 7696.796295180695 1423.7248963704915
380 7676.609387700981 1403.5375578045496
381 7653.753861418856 1386.430109416775
382 7628.695420464694 1372.7511325209052
383 7601.944655551171 1362.7793499063118
384 7574.046640178542 1356.7179465835798
385 7545.569824218746 1354.6904296875582
386 7345.491699218746 1354.6904296875582
387 7317.014176616616 1356.7170646704035
388 7289.1153557455145 1362.777785494749
389 7262.3637284671095 1372.7490933761
390 7237.304410378372 1386.427803835657
391 7214.448033038203 1403.5351869725273
392 7194.260338872238 1423.7226471191389
393 7177.152690779734 1446.578826144745
394 7163.473689827308 1471.6379856648273
395 7153.502071835119 1498.3894973515416
396 7147.441027601173 1526.2882479634136
397 7145.414062499996 1554.7657470703707
398 7147.441191927519 1583.2431678742287
399 7153.502378373119 1611.141819601995
400 7163.474114139299 1637.8932164845173
401 7177.153206973864 1662.9522501566098
402 7194.260920481702 1685.8082972315024
403 7214.448653885705 1705.9956241809996
404 7237.305045401645 1723.1028775030863
405 7262.3643544826955 1736.7814657978015
406 7289.11595213012 1746.752662950952
407 7317.014725887802 1752.8132876855088
408 7345.492187499996 1754.83984375
409 7545.570312499996 1754.83984375
410 7574.047013618812 1752.812273058982
411 7601.944911025628 1746.750848325726
412 7628.695561661738 1736.7790761631331
413 7653.7538985836545 1723.1001397927175
414 7676.609337159211 1705.9927590161096
415 7696.796178657711 1685.8055110651767
416 7713.9030992521475 1662.9497280487558
417 7727.581531087195 1637.8911157158436
418 7737.55276464159 1611.140264310292
419 7743.613627668408 1583.242244866502
420 8534.445312499996 1309.6734619140625
421 8531.010355866198 1283.519018852734
422 8520.920071027223 1259.1460836419137
423 8504.862759447573 1238.2172383857542
424 8483.933758994532 1222.1601290892577
425 8459.560726259773 1212.0700798211037
426 8433.406249999996 1208.6353759765625
427 8407.25177374022 1212.0700798211037
428 8382.878741005461 1222.1601290892577
429 8361.94974055242 1238.2172383857542
430 8345.89242897277 1259.1460836419137
431 8335.802144133795 1283.519018852734
432 8332.367187499996 1309.6734619140625
433 8335.802354916032 1335.8277144785388
434 8345.892754729448 1360.2004273761413
435 8361.950086057044 1381.129054015677
436 8382.879023090278 1397.1859807777219
437 8407.251931036615 1407.2759094505454
438 8433.406249999996 1410.710571288946
439 8459.560568963378 1407.2759094505454
440 8483.933476909715 1397.1859807777219
441 8504.862413942948 1381.129054015677
442 8520.919745270545 1360.2004273761413
443 8531.010145083961 1335.8277144785388
444 8183.312011718746 1309.6735839842586
445 8179.877055084933 1283.5191409229883
446 8169.786770245952 1259.146205712168
447 8153.729458666294 1238.2173604560085
448 8132.80045821326 1222.160251159512
449 8108.427425478509 1212.0702018914162
450 8082.272949218746 1208.635498046875
451 8056.118472958984 1212.0702018914162
452 8031.745440224233 1222.160251159512
453 8010.816439771199 1238.2173604560085
454 7994.759128191541 1259.146205712168
455 7984.66884335256 1283.5191409229883
456 7981.233886718746 1309.6735839842586
457 7984.669054134774 1335.827836548735
458 7994.759453948176 1360.2005494463374
459 8010.816785275772 1381.1291760859312
460 8031.745722309006 1397.1861028479761
461 8056.118630255358 1407.2760315207997
462 8082.272949218746 1410.7106933592004
463 8108.427268182135 1407.2760315207997
464 8132.800176128487 1397.1861028479761
465 8153.72911316172 1381.1291760859312
466 8169.786444489317 1360.2005494463374
467 8179.876844302718 1335.827836548735
GTSP_SET_SECTION
1 1 -1
2 2 3 4 5 6 7 8 9 10 11 12 13 14 15 16 17 18 19 20 21 -1
3 22 23 24 25 26 27 28 29 30 31 32 33 34 35 -1
4 36 37 38 39 40 41 42 43 44 45 46 47 48 49 -1
5 50 51 52 53 54 55 56 57 58 59 60 61 62 63 64 65 66 67 68 69 -1
6 70 71 72 73 74 75 76 77 78 79 80 81 82 83 84 85 86 87 88 89 -1
7 90 91 92 93 94 95 96 97 98 99 100 101 102 103 104 105 106 107 108 109 -1
8 110 111 112 113 114 115 116 117 118 119 120 121 122 123 124 125 126 127 128 129 -1
9 130 131 132 133 134 135 136 137 138 139 140 141 142 143 144 145 146 147 148 149 150 151 152 153 154 155 156 157 158 159 160 161 162 163 164 165 166 167 168 169 170 171 172 173 174 175 176 177 178 179 180 181 182 183 184 185 186 187 188 189 190 191 192 193 194 195 196 197 198 199 200 201 202 203 204 205 206 207 208 209 210 211 212 213 214 215 216 217 218 219 220 221 222 223 224 225 226 227 228 229 230 231 232 233 234 235 236 237 238 239 240 241 242 243 244 245 246 247 248 249 250 251 252 253 254 255 256 257 258 259 260 261 262 263 264 265 266 267 268 269 270 271 272 273 274 275 276 277 278 279 280 281 282 283 284 285 286 287 288 289 290 291 292 293 294 295 296 297 298 299 300 301 302 303 304 305 306 307 308 309 310 311 312 313 314 315 316 317 318 319 320 321 322 323 324 325 326 327 328 329 330 331 332 333 334 335 336 337 338 339 340 341 342 343 344 345 346 347 348 349 350 351 352 353 354 355 356 357 358 359 360 361 362 363 364 365 366 367 368 369 370 371 372 373 -1
10 374 375 376 377 378 379 380 381 382 383 384 385 386 387 388 389 390 391 392 393 394 395 396 397 398 399 400 401 402 403 404 405 406 407 408 409 410 411 412 413 414 415 416 417 418 419 -1
11 420 421 422 423 424 425 426 427 428 429 430 431 432 433 434 435 436 437 438 439 440 441 442 443 -1
12 444 445 446 447 448 449 450 451 452 453 454 455 456 457 458 459 460 461 462 463 464 465 466 467 -1
GTSP_SET_ORDERING
7 10 9 -1
8 10 9 -1
10 9 -1
11 9 -1
12 9 -1
EOF