NAME: Mc11v208
TYPE: PCGTSP 
COMMENT: 
DIMENSION: 209
GTSP_SETS: 12
EDGE_WEIGHT_TYPE: EUC_2D
NODE_COORD_SECTION
1 0.0 0.0
2 11880.999999999996 2429.0
3 11730.999999999996 2429.0
4 11730.999999999996 2059.0
5 11752.21321013939 2050.2132101393654
6 11760.999999999996 2029.0
7 11752.21321013939 2007.7867898606346
8 11730.999999999996 1999.0
9 11730.999999999996 1629.0
10 11880.999999999996 1629.0
11 11880.999999999996 1999.0
12 11859.786789860602 2007.7867898606346
13 11850.999999999996 2029.0
14 11859.786789860602 2050.2132101393654
15 11880.999999999996 2059.0
16 11880.999999999996 1619.0
17 11730.999999999996 1619.0
18 11730.999999999996 1248.9999999999418
19 11752.213210139369 1240.2132101393654
20 11760.999999999996 1219.0
21 11752.213210139369 1197.7867898606928
22 11730.999999999996 1189.0000000001164
23 11730.999999999996 819.0
24 11880.999999999996 819.0
25 11880.999999999996 1189.0000000001164
26 11859.786789860624 1197.7867898606928
27 11850.999999999996 1219.0
28 11859.786789860624 1240.2132101393654
29 11880.999999999996 1248.9999999999418
30 11880.999999999996 809.0
31 11730.999999999996 809.0
32 11730.999999999996 439.00003051763633
33 11752.21321013939 430.21324065700173
34 11760.999999999996 409.00003051763633
35 11752.213210139413 387.7868203782127
36 11730.999999999996 379.0000305175199
37 11730.999999999996 9.000029563903809
38 11880.999999999996 9.0
39 11880.999999999996 379.0
40 11859.786789860602 387.7867898605764
41 11850.999999999996 408.9999999999418
42 11859.786789860602 430.2132101393654
43 11880.999999999996 439.0
44 5857.719726562496 2783.118896484433
45 5425.055664062496 2783.1190592448693
46 4992.391601562496 2783.119222005247
47 4559.727539062496 2783.119384765683
48 4127.0634765625 2783.1195475261193
49 3694.3994140625 2783.119710286497
50 3261.7353515625 2783.119873046933
51 2800.06014251709 2783.120047433069
52 2338.3849334716797 2783.1202218192047
53 1876.7097244262695 2783.1203962053405
54 1415.0345153808594 2783.1205705915345
55 953.3593063354492 2783.1207449776703
56 491.68409729003906 2783.120919363806
57 30.008888244628906 2783.121093749942
58 27.078575078834547 2776.0447351609473
59 20.001071929928003 2773.1171875
60 10.001071929928003 2773.1171875
61 10.000893274940609 2314.264322916686
62 10.000714619953214 1855.411458333314
63 10.000535964962182 1396.55859375
64 10.000357309974788 937.7057291666861
65 10.000178654987394 478.85286458331393
66 10.0 20.0
67 20.0 19.99999618541915
68 27.077499565286416 17.072444475779776
69 30.007808685299096 9.996086120605469
70 515.6503871281893 9.995896975218784
71 1001.2929655710832 9.995707829773892
72 1486.9355440139734 9.995518684387207
73 1972.5781224568636 9.995329539000522
74 2458.2207008997575 9.995140393613838
75 2943.8632793426477 9.994951248227153
76 3429.505857785538 9.99476210278226
77 3915.148436228432 9.994572957395576
78 4400.791014671322 9.994383812008891
79 4886.433593114212 9.994194666622207
80 5372.0761715571025 9.994005521177314
81 5857.718749999996 9.99381637579063
82 5857.718912760411 472.18132972723106
83 5857.719075520832 934.3688430786715
84 5857.719238281246 1396.556356430112
85 5857.719401041661 1858.7438697815523
86 5857.719563802082 2320.931383132993
87 5598.617187499989 587.7106933594914
88 5591.00263433978 569.3168800261337
89 5572.609375 561.7009887695312
90 5554.216094067073 569.3169015979511
91 5546.6015625 587.7107543945312
92 5554.216094067073 606.1046071911114
93 5572.609375 613.7205200195312
94 5591.00267752615 606.1045856192941
95 5601.6259765625 2553.447998046933
96 5597.139077525597 2530.8573626173893
97 5584.344935795478 2511.705887231219
98 5565.193248726813 2498.9120623730123
99 5542.6025390625 2494.425537109433
100 5520.011829398187 2498.9120623730123
101 5500.860142329522 2511.705887231219
102 5488.066000599403 2530.8573626173893
103 5483.5791015625 2553.447998046933
104 5488.066281092317 2576.038333549979
105 5500.860487836009 2595.189477434207
106 5520.012055085579 2607.983050436247
107 5542.6025390625 2612.469482421933
108 5565.193023039421 2607.983050436247
109 5584.344590288991 2595.189477434207
110 5597.138797032683 2576.038333549979
111 4538.21923828125 1082.896728515625
112 4530.604706714155 1064.502875719103
113 4512.21142578125 1056.8869628907414
114 4493.81309334212 1064.500111409463
115 4486.19580078125 1082.896728515625
116 4493.813093342094 1101.2933456218452
117 4512.21142578125 1108.906494140625
118 4530.604706714177 1101.2905813122052
119 4626.2509765625 2472.4182128907414
120 4620.775913032943 2444.851193601091
121 4605.164050563984 2421.480557678675
122 4581.794261375107 2405.8674277414684
123 4554.2275390625 2400.390869140625
124 4494.2041015625 2400.390869140625
125 4466.634979846869 2405.865183799644
126 4443.262538647155 2421.4777936238097
127 4427.648661325606 2444.849388095434
128 4422.172851562489 2472.4182128907414
129 4427.648941825017 2499.9867377569317
130 4443.262884160329 2523.3580007225974
131 4466.635205537044 2538.9703586907126
132 4494.2041015625 2544.444580078125
133 4554.2275390625 2544.444580078125
134 4581.7940356925465 2538.968114767282
135 4605.163705069575 2523.3552366865333
136 4620.7756325519185 2499.9849322589
137 11720.999999999996 2773.1171875
138 11710.999999999996 2773.1171875
139 11703.922499317869 2776.044736511307
140 11700.992187499996 2783.121093749942
141 11239.316964285714 2783.121093749942
142 10777.641741071424 2783.121093749942
143 10315.966517857141 2783.121093749942
144 9854.291294642851 2783.121093749942
145 9392.616071428569 2783.121093749942
146 8930.940848214279 2783.121093749942
147 8469.265624999996 2783.121093749942
148 8036.601562499996 2783.121093749942
149 7603.937499999996 2783.121093749942
150 7171.273437499996 2783.121093749942
151 6738.609374999996 2783.121093749942
152 6305.945312499996 2783.121093749942
153 5873.281249999996 2783.121093749942
154 5873.281249999996 2320.933593749942
155 5873.281249999996 1858.7460937499418
156 5873.281249999996 1396.5585937499418
157 5873.281249999996 934.37109375
158 5873.281249999996 472.18359375
159 5873.281249999996 9.99609375
160 6358.923828124996 9.99609375
161 6844.566406249996 9.99609375
162 7330.208984374996 9.99609375
163 7815.851562499996 9.99609375
164 8301.494140624996 9.99609375
165 8787.136718749996 9.99609375
166 9272.779296874996 9.99609375
167 9758.421874999996 9.99609375
168 10244.064453124996 9.99609375
169 10729.707031249996 9.99609375
170 11215.349609374996 9.99609375
171 11700.992187499996 9.99609375
172 11703.922499317869 17.072450988693163
173 11710.999999999996 20.0
174 11720.999999999996 20.0
175 11720.999999999996 478.85286458331393
176 11720.999999999996 937.7057291666861
177 11720.999999999996 1396.55859375
178 11720.999999999996 1855.411458333314
179 11720.999999999996 2314.264322916686
180 6156.890624999996 2450.411132812442
181 6163.117185265404 2473.673074592545
182 6180.14456967932 2490.701173962152
183 6203.406249999996 2496.9287109375
184 6226.667930320673 2490.701173962152
185 6243.6953147345885 2473.673074592545
186 6249.921874999996 2450.411132812442
187 6243.6953147345885 2427.1491910323384
188 6226.667930320673 2410.1210916627315
189 6203.406249999996 2403.8935546875
190 6180.14456967932 2410.1210916627315
191 6163.117185265404 2427.1491910323384
192 7104.749999999996 2472.419921875
193 7110.22534401056 2499.9866412431584
194 7125.8372714928955 2523.35694567085
195 7149.206940869935 2538.9698237515986
196 7176.773437499996 2544.4462890625
197 7236.796874999996 2544.4462890625
198 7264.3657710254665 2538.9720676750294
199 7287.738092402189 2523.359709706914
200 7303.352034737491 2499.9884467411903
201 7308.828124999996 2472.419921875
202 7303.352315236862 2444.8510970796924
203 7287.7384379153045 2421.4795026081265
204 7264.365996715609 2405.866892783961
205 7236.796874999996 2400.392578125
206 7176.773437499996 2400.392578125
207 7149.206715187411 2405.869136725785
208 7125.8369259985375 2421.4822666629916
209 7110.225063529575 2444.8529025853495
GTSP_SET_SECTION
1 1 -1
2 2 3 4 5 6 7 8 9 10 11 12 13 14 15 -1
3 16 17 18 19 20 21 22 23 24 25 26 27 28 29 -1
4 30 31 32 33 34 35 36 37 38 39 40 41 42 43 -1
5 44 45 46 47 48 49 50 51 52 53 54 55 56 57 58 59 60 61 62 63 64 65 66 67 68 69 70 71 72 73 74 75 76 77 78 79 80 81 82 83 84 85 86 -1
6 87 88 89 90 91 92 93 94 -1
7 95 96 97 98 99 100 101 102 103 104 105 106 107 108 109 110 -1
8 111 112 113 114 115 116 117 118 -1
9 119 120 121 122 123 124 125 126 127 128 129 130 131 132 133 134 135 136 -1
10 137 138 139 140 141 142 143 144 145 146 147 148 149 150 151 152 153 154 155 156 157 158 159 160 161 162 163 164 165 166 167 168 169 170 171 172 173 174 175 176 177 178 179 -1
11 180 181 182 183 184 185 186 187 188 189 190 191 -1
12 192 193 194 195 196 197 198 199 200 201 202 203 204 205 206 207 208 209 -1
GTSP_SET_ORDERING
6 5 -1
7 5 -1
8 5 -1
9 5 -1
11 10 -1
12 10 -1
EOF