NAME: Mc12v313
TYPE: PCGTSP 
COMMENT: 
DIMENSION: 314
GTSP_SETS: 13
EDGE_WEIGHT_TYPE: EUC_2D
NODE_COORD_SECTION
1 0.0 0.0
2 8219.884765624996 2311.0
3 8134.008789062496 2311.0
4 8129.614442539885 2300.3873202616815
5 8119.000976562496 2295.994873046817
6 8108.391930421265 2300.3897384848387
7 8103.999999999996 2311.0
8 7635.20969238281 2311.000170898449
9 7166.419384765624 2311.000341796869
10 6697.629077148431 2311.0005126953183
11 6228.838769531245 2311.0006835937675
12 5760.048461914059 2311.0008544922166
13 5291.258154296869 2311.0010253906366
14 4822.4678466796795 2311.001196289086
15 4353.677539062493 2311.001367187535
16 3884.8872314453074 2311.001538085955
17 3416.0969238281177 2311.001708984404
18 3416.0967610677035 1903.8494059244986
19 3416.096598307293 1496.6971028646221
20 3416.0964355468786 1089.5447998047166
21 3884.8867431640647 1089.5446166992479
22 4353.677050781251 1089.54443359375
23 4822.46735839844 1089.5442504882812
24 5291.2576660156265 1089.5440673827834
25 5760.047973632816 1089.5438842773146
26 6228.838281250002 1089.543701171846
27 6697.628588867188 1089.543518066348
28 7166.418896484374 1089.5433349608793
29 7635.20920410156 1089.5431518553814
30 8103.999511718746 1089.5429687499127
31 8108.391485319149 1100.1531513444497
32 8119.000488281246 1104.5479736328125
33 8129.6139110696495 1100.15556955777
34 8134.008300781246 1089.5429687499127
35 8219.884765624996 1089.5429687499127
36 8219.884765624996 1496.6953124999418
37 8219.884765624996 1903.847656249971
38 5565.0380859375 1945.8640136718168
39 5540.808991662907 1948.456094788853
40 5517.82768186559 1956.557162242243
41 5497.329048665277 1969.731908190588
42 5480.414578479733 1987.2723925689352
43 5467.9931640625 2008.2360839843168
44 5462.027208790041 2027.1627827766933
45 5459.994140625 2046.9030761718168
46 5462.027307074182 2066.6428712274064
47 5467.9931640625 2085.569091796817
48 5480.414612408385 2106.5327266505337
49 5497.329097318696 2124.0731532561767
50 5517.827727588516 2137.24784575167
51 5540.809019793214 2145.3488687667996
52 5565.0380859375 2147.940917968721
53 5589.265670607598 2145.3475718048285
54 5612.245326117481 2137.2459216075076
55 5632.742387722174 2124.0712577087397
56 5649.655576974401 2106.5314363701036
57 5662.076171875 2085.568847656221
58 5668.042016577991 2066.6426868646813
59 5670.0751953125 2046.9029541015043
60 5668.042127147455 2027.162660706439
61 5662.076171875 2008.2359619141207
62 5649.655560010815 1987.273401480954
63 5632.742363396468 1969.7336090283643
64 5612.245303256863 1956.5589718557894
65 5589.265656542877 1948.4573438777006
66 10210.859374999996 1887.0007324218168
67 10195.999999999996 1901.9999999999127
68 10171.460438868246 1901.9839359046018
69 10146.920898437496 1901.9482421875
70 10140.961914062496 1895.9083251953125
71 10090.858398437496 1895.569824218721
72 10088.464843749996 1639.9041748047166
73 10091.671416819587 1613.8554080081522
74 10101.545031529346 1589.5380871229281
75 10117.405573192951 1568.6272387276695
76 10138.160535404622 1552.5632446395175
77 10162.380274104991 1542.4526254814991
78 10188.396484374996 1538.9918212890043
79 10220.908203124996 1538.9710693359084
80 10246.651778173651 1542.324491335632
81 10270.664605612426 1552.1916699490685
82 10291.328275872398 1567.907579938037
83 10307.250104907358 1588.413004965958
84 10317.356997908671 1612.325926352787
85 10320.967773437496 1638.034667968721
86 10317.867774909824 1663.6945203353825
87 10308.294780932669 1687.7027647664945
88 10292.888303894822 1708.4555592683027
89 10272.677555029139 1724.566538277606
90 10249.012689189683 1734.959427151829
91 10223.474609374996 1738.939941406221
92 10222.520507812496 1636.968994140625
93 10184.465820312496 1636.992675781221
94 10175.342447772364 1640.84426813983
95 10171.579101562496 1650.0043945313082
96 10173.364569123976 1656.5200660889677
97 10178.178710937496 1661.2598876953125
98 10208.912109374996 1678.8865966796002
99 10076.141601562496 1907.5697021484084
100 10026.038085937496 1907.908203125
101 10020.079101562496 1913.947265625
102 9995.539561327041 1913.9834476235847
103 9970.999999999996 1913.9999999999127
104 9956.140624999996 1899.0007324218168
105 9958.088867187496 1690.889160156221
106 9988.821289062496 1673.2620849609084
107 9993.635430876031 1668.5222633545345
108 9995.420898437496 1662.0065917968168
109 9991.657552227622 1652.8464654053678
110 9982.534179687496 1648.9948730468168
111 9944.480468749996 1648.971191406221
112 9943.526367187496 1750.9443359375
113 9917.987845695516 1746.9642151232692
114 9894.32249148213 1736.5715036557522
115 9874.111286146584 1720.460494358471
116 9858.704454301882 1699.707495196897
117 9849.131260814687 1675.6989257237
118 9846.031249999996 1650.0386962890043
119 9849.641991082335 1624.3303163350502
120 9859.748670172656 1600.4176985614467
121 9875.670139294616 1579.91245357343
122 9896.333357899905 1564.1965492758318
123 9920.345711321363 1554.3291720060806
124 9946.088867187496 1550.9753417968168
125 9978.600585937496 1550.9951171874127
126 10004.621102766669 1554.4562380474817
127 10028.844477584924 1564.5693367852364
128 10049.601606856359 1580.637573716347
129 10065.46222753455 1601.5537723520247
130 10075.333468859175 1625.8767090245674
131 10078.535156249996 1651.9304199218168
132 10933.999999999996 2311.4580078125
133 10484.329427083332 2311.458170572907
134 10034.65885416666 2311.458333333343
135 9584.988281249996 2311.45849609375
136 9135.317708333332 2311.458658854157
137 8685.64713541666 2311.458821614593
138 8235.976562499996 2311.458984375
139 8235.976562499996 1904.3063557942805
140 8235.976562499996 1497.153727213532
141 8235.976562499996 1090.0010986328125
142 8685.64713541666 1090.0009155273146
143 9135.317708333332 1090.000732421846
144 9584.988281249996 1090.0005493163771
145 10034.65885416666 1090.0003662108793
146 10484.329427083332 1090.0001831053814
147 10933.999999999996 1089.9999999999127
148 10933.999999999996 1497.1526692707848
149 10933.999999999996 1904.3053385416279
150 10396.296874999989 1725.238525390625
151 10394.269761377134 1696.761092360597
152 10388.208587285804 1668.8624266173283
153 10378.236860267567 1642.1110146566061
154 10364.557772553959 1617.051965573628
155 10347.45006065199 1594.1959034653264
156 10327.262325576445 1574.0085625275096
157 10304.405929464712 1556.901296866301
158 10279.346613318547 1543.2226984035224
159 10252.595006676758 1533.2514936767984
160 10224.696222601586 1527.1908642749768
161 10196.218749999996 1525.164306640625
162 9996.148437499996 1525.1644287109084
163 9967.670953909012 1527.19098791515
164 9939.772159516335 1533.2516219841782
165 9913.020543880175 1543.2228342845046
166 9887.961220668894 1556.9014429153467
167 9865.104819961361 1574.0087209156482
168 9844.917083214266 1594.1960758417845
169 9827.80937291816 1617.052152983495
170 9814.130290325516 1642.1112174773298
171 9804.158572055221 1668.86264451631
172 9798.097410318162 1696.7613242750522
173 9796.070312499996 1725.238769531221
174 9798.097315489842 1753.7162881442928
175 9804.158403101039 1781.6150519958755
176 9814.13006888355 1808.3665695042291
177 9827.809120750313 1833.425726463407
178 9844.916821411218 1856.2818938056007
179 9865.104568187624 1876.4693326617416
180 9887.960996470025 1893.5766846967163
181 9913.02036207214 1907.25535433591
182 9939.772031674675 1917.226612077764
183 9967.67088797248 1923.2872741498868
184 9996.148437499996 1925.3138427734084
185 10196.218749999996 1925.313720703125
186 10224.69631051696 1923.2871505097428
187 10252.595177132313 1917.2264837704715
188 10279.346855729269 1907.255218455015
189 10304.40622839655 1893.576538647816
190 10327.262661274774 1876.4691742736904
191 10347.450409722744 1856.28172142923
192 10364.558108777772 1833.425539053569
193 10378.237155523533 1808.3663666835055
194 10388.20881255806 1781.614834096894
195 10394.269887814906 1753.7160562298086
196 10662.898437499989 2030.3536376952252
197 10652.939380564076 2006.2976414416917
198 10628.882812499996 1996.3399658203125
199 10604.831295832108 2006.300405398506
200 10594.874999999996 2030.3536376952252
201 10604.831684501292 2054.406159664941
202 10628.882812499996 2064.3662109375
203 10652.938991850217 2054.4089235770807
204 9600.992187499996 2090.376464843721
205 9595.301200159334 2069.1149357001705
206 9579.737960920338 2053.5513389814005
207 9558.476562499996 2047.859863281221
208 9537.215164079655 2053.5513389814005
209 9521.651924840658 2069.1149357001705
210 9515.960937499996 2090.376464843721
211 9521.65225059674 2111.6375811788894
212 9537.215446164842 2127.2007767469913
213 9558.476562499996 2132.892089843721
214 9579.73767883515 2127.2007767469913
215 9595.300874403252 2111.6375811788894
216 8925.242187499996 2040.3571777343168
217 8921.014104648126 2013.6120969760232
218 8908.72430330612 1989.4845854519808
219 8889.577045260176 1970.3388669047272
220 8865.44854563641 1958.0510056068597
221 8838.703124999996 1953.8250732422166
222 8811.95954964813 1958.052945979609
223 8787.833186209751 1970.341652897885
224 8768.687880556896 1989.4871746182034
225 8756.399445919847 2013.6136767404678
226 8752.171874999996 2040.3572998047166
227 8756.399234524437 2067.1011272376636
228 8768.68757898935 2091.2278647838684
229 8787.832909511006 2110.373600432533
230 8811.959387025625 2122.662455425918
231 8838.703124999996 2126.890380859317
232 8865.44875472743 2122.6643807577784
233 8889.577401029765 2110.3763290817733
234 8908.724691055173 2091.230335478467
235 8921.014376457391 2067.1025212573295
236 11274.859374999996 2340.484130859317
237 10984.930664062496 2340.484375
238 10970.555664062496 2331.484375
239 10947.999999999996 2285.0
240 10943.633789062496 2266.0078124999127
241 10943.633789062496 1875.078125
242 10958.643554687496 1875.078125
243 11116.751464843746 2100.2772216796584
244 11274.859374999996 2325.476318359317
245 11274.999999999996 2062.0
246 11261.995117187496 2075.0048828125
247 11124.513671874996 2075.0048828125
248 11052.670410156246 1741.4786376953125
249 10980.827148437496 1407.952392578125
250 10968.87763402102 1384.7648269981728
251 10946.875976562496 1370.751220703125
252 10946.875976562496 1103.098876953125
253 10959.879882812496 1090.272705078125
254 11259.997070312496 1094.4296875
255 11274.999999999996 1109.6435546874127
256 11274.999999999996 1585.821777343721
257 11280.780273437496 1079.5546874999127
258 10806.782404119313 1079.5550537108502
259 10332.784534801136 1079.5554199218168
260 9858.786665482952 1079.5557861327543
261 9384.788796164768 1079.5561523436918
262 8910.790926846585 1079.5565185546293
263 8436.793057528408 1079.556884765596
264 7962.795188210224 1079.5572509765334
265 7488.7973188920405 1079.557617187471
266 7014.799449573857 1079.5579833984084
267 6540.80158025568 1079.558349609375
268 6066.803710937496 1079.5587158203125
269 5621.967773437496 1079.5590616861882
270 5177.131835937496 1079.559407552093
271 4732.295898437496 1079.5597534179688
272 4287.4599609375 1079.5600992838445
273 3842.6240234375 1079.5604451497493
274 3397.7880859375 1079.560791015625
275 3397.788411458332 1449.706298828125
276 3397.788736979168 1819.851806640625
277 3397.7890625 2189.997314453125
278 2913.8191964285725 2189.9976981026703
279 2429.8493303571413 2189.9980817522446
280 1945.8794642857138 2189.99846540179
281 1461.9095982142862 2189.998849051335
282 977.9397321428587 2189.9992327008804
283 493.96986607142753 2189.9996163504547
284 10.0 2190.0
285 9.999660301207768 1753.8324218750058
286 9.999320602415537 1317.6648437500116
287 9.998980903623305 881.4972656249884
288 9.998641204831074 445.3296874999942
289 9.998301506038842 9.162109375
290 500.03225782642767 9.161727739410708
291 990.0662141468165 9.16134610385052
292 1480.1001704672053 9.160964468261227
293 1970.1341267875978 9.160582832671935
294 2460.1680831079866 9.160201197082642
295 2950.2020394283754 9.159819561522454
296 3440.2359957487643 9.159437925933162
297 3930.269952069153 9.15905629034387
298 4420.3039083895455 9.158674654754577
299 4910.337864709934 9.158293019194389
300 5400.371821030323 9.157911383605096
301 5890.405777350712 9.157529748015804
302 6380.439733671101 9.157148112426512
303 6870.47368999149 9.156766476866324
304 7360.5076463118785 9.156384841277031
305 7850.541602632267 9.156003205687739
306 8340.575558952656 9.155621570098447
307 8830.609515273045 9.155239934538258
308 9320.643471593441 9.154858298948966
309 9810.67742791383 9.154476663359674
310 10300.711384234219 9.154095027770381
311 10790.745340554608 9.153713392210193
312 11280.779296874996 9.1533317566209
313 11280.779622395832 365.9537836710515
314 11280.77994791666 722.7542355854821
GTSP_SET_SECTION
1 1 -1
2 2 3 4 5 6 7 8 9 10 11 12 13 14 15 16 17 18 19 20 21 22 23 24 25 26 27 28 29 30 31 32 33 34 35 36 37 -1
3 38 39 40 41 42 43 44 45 46 47 48 49 50 51 52 53 54 55 56 57 58 59 60 61 62 63 64 65 -1
4 66 67 68 69 70 71 72 73 74 75 76 77 78 79 80 81 82 83 84 85 86 87 88 89 90 91 92 93 94 95 96 97 98 -1
5 99 100 101 102 103 104 105 106 107 108 109 110 111 112 113 114 115 116 117 118 119 120 121 122 123 124 125 126 127 128 129 130 131 -1
6 132 133 134 135 136 137 138 139 140 141 142 143 144 145 146 147 148 149 -1
7 150 151 152 153 154 155 156 157 158 159 160 161 162 163 164 165 166 167 168 169 170 171 172 173 174 175 176 177 178 179 180 181 182 183 184 185 186 187 188 189 190 191 192 193 194 195 -1
8 196 197 198 199 200 201 202 203 -1
9 204 205 206 207 208 209 210 211 212 213 214 215 -1
10 216 217 218 219 220 221 222 223 224 225 226 227 228 229 230 231 232 233 234 235 -1
11 236 237 238 239 240 241 242 243 244 -1
12 245 246 247 248 249 250 251 252 253 254 255 256 -1
13 257 258 259 260 261 262 263 264 265 266 267 268 269 270 271 272 273 274 275 276 277 278 279 280 281 282 283 284 285 286 287 288 289 290 291 292 293 294 295 296 297 298 299 300 301 302 303 304 305 306 307 308 309 310 311 312 313 314 -1
GTSP_SET_ORDERING
3 2 -1
4 7 6 -1
5 7 6 -1
7 6 -1
8 6 -1
9 6 -1
10 6 -1
EOF