NAME: Mc12v454
TYPE: PCGTSP 
COMMENT: 
DIMENSION: 455
GTSP_SETS: 13
EDGE_WEIGHT_TYPE: EUC_2D
NODE_COORD_SECTION
1 0.0 0.0
2 994.6080932617115 1230.0634765625
3 633.1746063232313 1293.7941894531396
4 271.7411193847511 1357.5249023437937
5 253.02978026906203 1364.9338821613783
6 238.7551574706922 1379.1198730468896
7 43.682147979721776 1379.1199951171875
8 33.60110659280326 1354.5285265844432
9 9.151129722580663 1344.1090087890916
10 12.999999999992724 1065.0
11 28.212991714470263 1049.9959716796875
12 113.2779922485206 1049.9959716796875
13 363.3719673156629 1049.9958496093896
14 613.4659423828016 1049.9957275390916
15 959.5949707031104 1049.9965820312937
16 969.8462741112235 1074.7583044063358
17 994.6080322265516 1085.0095214843896
18 649.9999999999927 1789.9998779296875
19 435.00003051757085 1790.0
20 424.74875706950843 1765.2512518688745
21 399.9999999999927 1755.0
22 399.99987792967295 1505.0
23 414.99987792967295 1490.0
24 649.9998779296802 1489.9998779296875
25 578.5081176757703 1990.2264404296875
26 301.1536130905042 1990.2266235351417
27 23.799108505241747 1990.226806640596
28 9.79031181333994 1976.226806640596
29 9.79017877577644 1690.113525390596
30 9.790045738212939 1404.000244140596
31 24.795898437492724 1389.0002441406978
32 444.9999999999927 1389.0
33 459.9912109374927 1404.0
34 459.96292114257085 1442.171875
35 399.94338989257085 1476.828125
36 381.63268444457935 1495.132239199418
37 374.9317016601526 1520.140625
38 374.93179321288335 1691.1171875
39 377.80601793272217 1720.3953208487073
40 386.3394859579603 1748.5493646716932
41 400.2039544978652 1774.4963639631314
42 418.86612198826697 1797.238258446334
43 441.6081417201749 1815.9002733064117
44 467.55523406100474 1829.764567705366
45 495.70933515485376 1838.2978467774228
46 524.9874877929615 1841.171875
47 578.5079956054615 1841.1717529296875
48 910.0001220703016 1991.0
49 675.0001220703016 1991.0
50 660.0001220703016 1976.0
51 660.0000610351453 1695.0
52 659.9999999999927 1414.0
53 674.9999999999927 1399.0
54 909.9999999999927 1399.0
55 910.0000610351453 1695.0
56 9829.999999999989 1520.0
57 9350.781806098083 1520.0
58 8871.563612196169 1520.0
59 8392.345418294262 1520.0
60 7913.127224392349 1520.0
61 7433.909030490442 1520.0
62 6954.690836588536 1520.0
63 6475.472642686622 1520.0
64 5996.254448784715 1520.0
65 5517.036254882805 1520.0
66 5037.818060980895 1520.0
67 4558.599867078989 1520.0
68 4079.381673177075 1520.0
69 3600.1634792751684 1520.0
70 3120.9452853732582 1520.0
71 2641.727091471348 1520.0
72 2162.5088975694416 1520.0
73 1683.2907036675315 1520.0
74 1204.0725097656214 1520.0
75 1174.2640569315663 1522.2338350912032
76 1145.1214757189264 1528.885439396894
77 1117.2957632189937 1539.8062270720548
78 1091.4084998528233 1554.752245772208
79 1068.0379642920889 1573.3896261455084
80 1047.7062156694737 1595.302039922215
81 1030.8674316406104 1620.0
82 1001.9999999999927 1670.0
83 986.9999999999927 1670.0
84 986.9999999999927 1335.0
85 1011.7487373415206 1324.7487373415352
86 1021.9999999999927 1300.0
87 1510.2222222222154 1300.0
88 1998.444444444438 1300.0
89 2486.6666666666606 1300.0
90 2974.8888888888796 1300.0
91 3463.111111111102 1300.0
92 3951.333333333325 1300.0
93 4439.5555555555475 1300.0
94 4927.77777777777 1300.0
95 5415.999999999989 1300.0
96 5904.222222222215 1300.0
97 6392.444444444434 1300.0
98 6880.666666666653 1300.0
99 7368.88888888888 1300.0
100 7857.111111111099 1300.0
101 8345.333333333325 1300.0
102 8833.555555555544 1300.0
103 9321.777777777763 1300.0
104 9809.999999999989 1300.0
105 9812.928932188126 1307.0710678118776
106 9820.000000000004 1310.0
107 9829.999999999989 1310.0
108 9773.999999999989 1980.9931640625
109 9763.999999999989 1980.9931640625
110 9756.928932188126 1983.922096250637
111 9753.999999999989 1990.9931640625
112 9265.77777777777 1990.993543836812
113 8777.555555555544 1990.9939236111095
114 8289.333333333325 1990.9943033854215
115 7801.111111111099 1990.994683159719
116 7312.88888888888 1990.995062934031
117 6824.666666666653 1990.9954427083285
118 6336.444444444434 1990.9958224826405
119 5848.222222222215 1990.996202256938
120 5359.999999999989 1990.99658203125
121 4871.77777777777 1990.996961805562
122 4383.5555555555475 1990.9973415798595
123 3895.333333333325 1990.9977213541715
124 3407.111111111102 1990.998101128469
125 2918.8888888888796 1990.998480902781
126 2430.6666666666606 1990.9988606770785
127 1942.444444444438 1990.9992404513905
128 1454.2222222222154 1990.999620225688
129 965.9999999999927 1991.0
130 955.7487373415206 1966.2512626584648
131 930.9999999999927 1956.0
132 930.9996948242115 1621.0
133 945.9996948242115 1621.0
134 974.8672485351526 1671.0
135 991.7060491294578 1695.6979471556697
136 1012.0378120587666 1717.610345822759
137 1035.4083593887299 1736.2477092805202
138 1061.2956317707503 1751.1937096745387
139 1089.1213503837862 1762.1144780919713
140 1118.2639347261756 1768.7660626404395
141 1148.0723876953016 1770.9998779296875
142 1627.2905883788953 1770.9995049370627
143 2106.508789062489 1770.999131944438
144 2585.726989746083 1770.9987589518278
145 3064.9451904296766 1770.998385959203
146 3544.1633911132703 1770.9980129665782
147 4023.381591796864 1770.9976399739535
148 4502.599792480458 1770.9972669813433
149 4981.817993164052 1770.9968939887185
150 5461.036193847645 1770.9965209960938
151 5940.254394531239 1770.996148003469
152 6419.472595214833 1770.9957750108442
153 6898.690795898427 1770.995402018234
154 7377.90899658202 1770.9950290256093
155 7857.127197265614 1770.9946560329845
156 8336.345397949208 1770.9942830403597
157 8815.563598632802 1770.9939100477495
158 9294.781799316395 1770.9935370551248
159 9773.999999999989 1770.9931640625
160 9989.999999999989 1726.0
161 9965.251262658454 1736.2512626584648
162 9954.999999999982 1761.0
163 9466.777777777763 1761.000189887156
164 8978.555555555537 1761.000379774312
165 8490.333333333318 1761.000569661468
166 8002.111111111099 1761.000759548624
167 7513.888888888872 1761.00094943578
168 7025.666666666653 1761.001139322936
169 6537.444444444427 1761.001329210092
170 6049.222222222208 1761.001519097248
171 5560.999999999989 1761.0017089843896
172 5072.7777777777665 1761.0018988715456
173 4584.555555555544 1761.0020887587016
174 4096.333333333325 1761.0022786458576
175 3608.111111111102 1761.0024685330136
176 3119.8888888888796 1761.0026584201696
177 2631.666666666657 1761.0028483073256
178 2143.4444444444343 1761.0030381944816
179 1655.2222222222154 1761.0032280816376
180 1166.9999999999927 1761.0034179687937
181 1164.0710678118812 1753.9323501568724
182 1156.9999999999927 1751.0034179686918
183 1146.9999999999927 1751.0034179686918
184 1146.9998779296802 1541.0034179686918
185 1626.2180921766412 1541.003234863223
186 2105.436306423602 1541.0030517577543
187 2584.654520670563 1541.0028686523
188 3063.872734917524 1541.0026855468313
189 3543.090949164485 1541.0025024413626
190 4022.309163411446 1541.0023193358938
191 4501.527377658411 1541.002136230425
192 4980.745591905372 1541.0019531249563
193 5459.963806152333 1541.0017700194876
194 5939.182020399294 1541.0015869140334
195 6418.400234646255 1541.0014038085646
196 6897.618448893216 1541.001220703096
197 7376.836663140177 1541.0010375976271
198 7856.054877387138 1541.0008544921584
199 8335.273091634099 1541.0006713867042
200 8814.49130588106 1541.0004882812354
201 9293.70952012802 1541.0003051757667
202 9772.927734374982 1541.000122070298
203 9802.736196377602 1538.766274974405
204 9831.878784532342 1532.1146559645422
205 9859.704501155535 1521.1938513140049
206 9885.591765316469 1506.2478139103478
207 9908.962297937247 1487.610413747505
208 9929.294039600169 1465.697979816934
209 9946.132812499989 1441.0
210 9974.999999999989 1391.0
211 9989.999999999989 1391.0
212 9946.999999999989 1420.0
213 9931.999999999982 1420.0
214 9903.132812499989 1370.0
215 9886.29401734209 1345.3020596613496
216 9865.962261759796 1323.3896660385071
217 9842.591723259113 1304.7523054547491
218 9816.704460687699 1289.8063054580998
219 9788.878752311026 1278.8855347583158
220 9759.736178040486 1272.2339451567968
221 9729.927734374989 1270.000122070298
222 9250.709533691395 1270.0003051757667
223 8771.491333007802 1270.0004882812354
224 8292.273132324208 1270.0006713867042
225 7813.054931640614 1270.0008544921584
226 7333.83673095702 1270.0010375976271
227 6854.618530273427 1270.001220703096
228 6375.400329589833 1270.0014038085646
229 5896.182128906239 1270.0015869140334
230 5416.963928222645 1270.0017700194876
231 4937.745727539052 1270.0019531249563
232 4458.527526855458 1270.002136230425
233 3979.309326171864 1270.0023193358938
234 3500.0911254882703 1270.0025024413626
235 3020.8729248046766 1270.0026855468313
236 2541.654724121083 1270.0028686523
237 2062.436523437489 1270.0030517577543
238 1583.2183227538953 1270.003234863223
239 1104.0001220703016 1270.0034179686918
240 1103.9999999999927 1060.0034179686918
241 1113.9999999999927 1060.0034179686918
242 1121.071067811834 1057.0744857805985
243 1123.9999999999927 1050.0034179687937
244 1612.2222222222154 1050.0032280816376
245 2100.444444444438 1050.0030381944816
246 2588.6666666666606 1050.0028483073256
247 3076.8888888888796 1050.0026584201696
248 3565.111111111102 1050.0024685330136
249 4053.333333333325 1050.0022786458576
250 4541.5555555555475 1050.0020887587016
251 5029.77777777777 1050.0018988715456
252 5517.999999999989 1050.0017089843896
253 6006.222222222215 1050.001519097248
254 6494.444444444434 1050.001329210092
255 6982.666666666653 1050.001139322936
256 7470.88888888888 1050.00094943578
257 7959.111111111099 1050.000759548624
258 8447.333333333325 1050.000569661468
259 8935.555555555544 1050.000379774312
260 9423.777777777763 1050.000189887156
261 9911.999999999989 1050.0
262 9922.251262658461 1074.7487373415352
263 9946.999999999989 1085.0
264 9967.000000000004 1030.0
265 9956.999999999989 1030.0
266 9949.928932188126 1032.928932188137
267 9946.999999999989 1040.0
268 9451.299999999992 1040.000195312503
269 8955.599999999988 1040.0003906250058
270 8459.89999999999 1040.0005859374942
271 7964.199999999993 1040.000781249997
272 7468.499999999989 1040.0009765625
273 6972.799999999992 1040.001171875003
274 6477.099999999988 1040.0013671875058
275 5981.3999999999905 1040.0015624999942
276 5485.69999999999 1040.001757812497
277 4989.999999999989 1040.001953125
278 4494.299999999992 1040.002148437503
279 3998.5999999999913 1040.0023437500058
280 3502.8999999999905 1040.0025390624942
281 3007.1999999999935 1040.002734374997
282 2511.4999999999927 1040.0029296875
283 2015.799999999992 1040.003125000003
284 1520.099999999995 1040.0033203125058
285 1024.3999999999905 1040.0035156249942
286 528.6999999999935 1040.003710937497
287 32.999999999992724 1040.00390625
288 30.071066463155148 1032.9328370894364
289 22.99999618529182 1030.00390625
290 12.99999618529182 1030.00390625
291 12.99990272521245 790.003845214902
292 510.69990758895074 790.003652954154
293 1008.3999124526927 790.0034606934059
294 1506.099917316431 790.0032684326725
295 2003.7999221801692 790.0030761719245
296 2501.499927043911 790.0028839111765
297 2999.1999319076494 790.0026916504285
298 3496.8999367713877 790.0024993896805
299 3994.5999416351297 790.002307128947
300 4492.299946498868 790.002114868199
301 4989.999951362606 790.001922607451
302 5487.699956226348 790.001730346703
303 5985.39996109009 790.001538085955
304 6483.099965953825 790.0013458252215
305 6980.799970817567 790.0011535644735
306 7478.499975681309 790.0009613037255
307 7976.199980545043 790.0007690429775
308 8473.899985408785 790.0005767822295
309 8971.599990272527 790.000384521496
310 9469.299995136269 790.000192260748
311 9967.000000000004 790.0
312 9967.000000000004 770.0
313 9956.999999999989 770.0
314 9949.928932188126 772.928932188137
315 9946.999999999989 780.0
316 9451.299999999992 780.0001922607335
317 8955.599999999988 780.0003845214815
318 8459.89999999999 780.0005767822149
319 7964.199999999993 780.0007690429629
320 7468.499999999989 780.0009613036964
321 6972.799999999992 780.0011535644444
322 6477.099999999988 780.0013458251779
323 5981.3999999999905 780.0015380859259
324 5485.69999999999 780.0017303466593
325 4989.999999999989 780.0019226074073
326 4494.299999999992 780.0021148681408
327 3998.5999999999913 780.0023071288742
328 3502.8999999999905 780.0024993896222
329 3007.1999999999935 780.0026916503557
330 2511.4999999999927 780.0028839111037
331 2015.799999999992 780.0030761718372
332 1520.099999999995 780.0032684325852
333 1024.3999999999905 780.0034606933186
334 528.6999999999935 780.0036529540666
335 32.999999999992724 780.0038452148001
336 30.071066463155148 772.9327760542365
337 22.99999618529182 770.0038452148001
338 12.99999618529182 770.0038452148001
339 12.99990272521245 530.0038452148001
340 510.69990758895074 530.0036529540666
341 1008.3999124526927 530.0034606933186
342 1506.099917316431 530.0032684325852
343 2003.7999221801692 530.0030761718372
344 2501.499927043911 530.0028839111037
345 2999.1999319076494 530.0026916503557
346 3496.8999367713877 530.0024993896222
347 3994.5999416351297 530.0023071288742
348 4492.299946498868 530.0021148681408
349 4989.999951362606 530.0019226074073
350 5487.699956226348 530.0017303466593
351 5985.39996109009 530.0015380859259
352 6483.099965953825 530.0013458251779
353 6980.799970817567 530.0011535644444
354 7478.499975681309 530.0009613036964
355 7976.199980545043 530.0007690429629
356 8473.899985408785 530.0005767822149
357 8971.599990272527 530.0003845214815
358 9469.299995136269 530.0001922607335
359 9967.000000000004 530.0
360 9967.000000000004 509.9922485351999
361 9956.999999999989 509.9922790526907
362 9949.92894297768 512.9212004512665
363 9946.999999999989 519.9922485351999
364 9451.299999999992 519.9926361084363
365 8955.599999999988 519.9930236816726
366 8459.89999999999 519.9934112549236
367 7964.199999999993 519.9937988281599
368 7468.499999999989 519.9941864013963
369 6972.799999999992 519.9945739746472
370 6477.099999999988 519.9949615478836
371 5981.3999999999905 519.99534912112
372 5485.69999999999 519.9957366943563
373 4989.999999999989 519.9961242675927
374 4494.299999999992 519.9965118408436
375 3998.5999999999913 519.99689941408
376 3502.8999999999905 519.9972869873163
377 3007.19999999999 519.9976745605672
378 2511.4999999999927 519.9980621338036
379 2015.799999999992 519.99844970704
380 1520.0999999999913 519.9988372802763
381 1024.3999999999905 519.9992248535273
382 528.6999999999935 519.9996124267636
383 32.999999999992724 520.0
384 30.07106511445818 512.9289294907358
385 22.999992370590917 510.0
386 12.999991416920238 510.0000305175927
387 12.999805450432177 270.0000305175927
388 510.69981517791166 269.9996414184716
389 1008.3998249053875 269.9992523193505
390 1506.099834632867 269.9988632202294
391 2003.7998443603465 269.9984741211083
392 2501.499854087826 269.9980850219872
393 2999.1998638153054 269.99769592288067
394 3496.8998735427813 269.9973068237596
395 3994.5998832702608 269.9969177246385
396 4492.29989299774 269.9965286255174
397 4989.999902725216 269.9961395263963
398 5487.699912452696 269.9957504272752
399 5985.399922180175 269.9953613281541
400 6483.0999319076545 269.994972229033
401 6980.799941635134 269.9945831299119
402 7478.4999513626135 269.9941940308054
403 7976.199961090086 269.9938049316843
404 8473.899970817565 269.9934158325632
405 8971.599980545045 269.9930267334421
406 9469.299990272524 269.992637634321
407 9967.000000000004 269.9922485351999
408 9967.000000000004 249.99226379390166
409 9956.999999999989 249.99226379390166
410 9949.928926793302 252.9212013768847
411 9946.999999999989 259.9922790527926
412 9451.299999999992 259.9926651001588
413 8955.599999999988 259.9930511475104
414 8459.89999999999 259.9934371948766
415 7964.199999999993 259.99382324222825
416 7468.499999999989 259.99420928959444
417 6972.799999999992 259.99459533696063
418 6477.099999999988 259.99498138431227
419 5981.3999999999905 259.99536743167846
420 5485.69999999999 259.9957534790301
421 4989.999999999989 259.9961395263963
422 4494.299999999992 259.9965255737625
423 3998.5999999999913 259.9969116211141
424 3502.8999999999905 259.9972976684803
425 3007.1999999999935 259.99768371583195
426 2511.4999999999927 259.99806976319815
427 2015.799999999992 259.99845581056434
428 1520.0999999999913 259.998841857916
429 1024.3999999999905 259.99922790528217
430 528.6999999999935 259.9996139526338
431 32.999999999992724 260.0
432 30.071059719663026 252.9289393547224
433 22.999992370590917 250.00001525878906
434 12.999991416920238 250.00001525878906
435 12.999805450432177 10.000015258789062
436 510.69981517791166 9.99962763786607
437 1008.3998249053875 9.999240016943077
438 1506.099834632867 9.998852396020084
439 2003.7998443603465 9.99846477509709
440 2501.499854087826 9.998077154174098
441 2999.1998638153054 9.997689533236553
442 3496.8998735427813 9.99730191231356
443 3994.5998832702608 9.996914291390567
444 4492.29989299774 9.996526670467574
445 4989.999902725216 9.996139049544581
446 5487.699912452696 9.995751428621588
447 5985.399922180175 9.995363807698595
448 6483.0999319076545 9.994976186775602
449 6980.799941635134 9.99458856585261
450 7478.4999513626135 9.994200944915065
451 7976.199961090093 9.993813323992072
452 8473.899970817565 9.993425703069079
453 8971.599980545045 9.993038082146086
454 9469.299990272524 9.992650461223093
455 9967.000000000004 9.9922628403001
GTSP_SET_SECTION
1 1 -1
2 2 3 4 5 6 7 8 9 10 11 12 13 14 15 16 17 -1
3 18 19 20 21 22 23 24 -1
4 25 26 27 28 29 30 31 32 33 34 35 36 37 38 39 40 41 42 43 44 45 46 47 -1
5 48 49 50 51 52 53 54 55 -1
6 56 57 58 59 60 61 62 63 64 65 66 67 68 69 70 71 72 73 74 75 76 77 78 79 80 81 82 83 84 85 86 87 88 89 90 91 92 93 94 95 96 97 98 99 100 101 102 103 104 105 106 107 -1
7 108 109 110 111 112 113 114 115 116 117 118 119 120 121 122 123 124 125 126 127 128 129 130 131 132 133 134 135 136 137 138 139 140 141 142 143 144 145 146 147 148 149 150 151 152 153 154 155 156 157 158 159 -1
8 160 161 162 163 164 165 166 167 168 169 170 171 172 173 174 175 176 177 178 179 180 181 182 183 184 185 186 187 188 189 190 191 192 193 194 195 196 197 198 199 200 201 202 203 204 205 206 207 208 209 210 211 -1
9 212 213 214 215 216 217 218 219 220 221 222 223 224 225 226 227 228 229 230 231 232 233 234 235 236 237 238 239 240 241 242 243 244 245 246 247 248 249 250 251 252 253 254 255 256 257 258 259 260 261 262 263 -1
10 264 265 266 267 268 269 270 271 272 273 274 275 276 277 278 279 280 281 282 283 284 285 286 287 288 289 290 291 292 293 294 295 296 297 298 299 300 301 302 303 304 305 306 307 308 309 310 311 -1
11 312 313 314 315 316 317 318 319 320 321 322 323 324 325 326 327 328 329 330 331 332 333 334 335 336 337 338 339 340 341 342 343 344 345 346 347 348 349 350 351 352 353 354 355 356 357 358 359 -1
12 360 361 362 363 364 365 366 367 368 369 370 371 372 373 374 375 376 377 378 379 380 381 382 383 384 385 386 387 388 389 390 391 392 393 394 395 396 397 398 399 400 401 402 403 404 405 406 407 -1
13 408 409 410 411 412 413 414 415 416 417 418 419 420 421 422 423 424 425 426 427 428 429 430 431 432 433 434 435 436 437 438 439 440 441 442 443 444 445 446 447 448 449 450 451 452 453 454 455 -1
GTSP_SET_ORDERING
EOF