NAME: Mc14v406
TYPE: PCGTSP 
COMMENT: 
DIMENSION: 407
GTSP_SETS: 15
EDGE_WEIGHT_TYPE: EUC_2D
NODE_COORD_SECTION
1 0.0 0.0
2 2889.17138671875 2956.107421875
3 2873.95751953125 2971.111328125
4 2417.337092081707 2971.111409505189
5 1960.7166646321602 2971.111490885407
6 1504.0962371826135 2971.111572265596
7 1047.4758097330705 2971.111653645785
8 590.8553822835274 2971.111735026003
9 134.23495483398074 2971.111816406192
10 119.23006439208984 2956.105957031192
11 119.22999572753906 2576.963378906192
12 116.22901153563726 2573.962402343692
13 105.72510528563726 2573.962402343692
14 102.72315979003906 2576.963378906192
15 102.72322845458984 2954.604980468692
16 88.21835327148074 2969.610839843692
17 6.18709993362063 2969.610839843692
18 6.187003850933252 2476.008965015353
19 6.186907768245874 1982.4070901870145
20 6.186811685558496 1488.805215358705
21 6.186715602874756 995.2033405303664
22 6.186619520187378 501.6014657020278
23 6.1865234375 7.999590873689158
24 491.8221028645821 7.999659061402781
25 977.4576822916679 7.9997272490873
26 1463.09326171875 7.999795436771819
27 1948.7288411458321 7.999863624485442
28 2434.364420572918 7.9999318121990655
29 2920.0 7.999999999883585
30 2919.8623046875 17.862792968691792
31 2922.692704642177 24.978960319422185
32 2929.7275390625 28.00585746759316
33 2923.9079101562493 448.16367034905124
34 2918.0882812499985 868.3214832305093
35 2912.2686523437515 1288.4792961119674
36 2906.4490234375007 1708.6371089934255
37 2900.62939453125 2128.7949218748836
38 2894.900390625 2542.451171874942
39 5252.0 2868.9999999998836
40 5132.0 2868.9999999998836
41 5132.0 2839.0
42 5129.071067811867 2831.928932188137
43 5122.0 2829.0
44 5082.0 2829.0
45 5074.928932188133 2831.928932188137
46 5072.0 2839.0
47 5072.0 2868.9999999998836
48 4952.0 2868.9999999998836
49 4952.0 2708.9999999998836
50 5072.0 2708.9999999998836
51 5072.0 2739.0
52 5074.928932188133 2746.071067811863
53 5082.0 2749.0
54 5122.0 2749.0
55 5129.071067811867 2746.071067811863
56 5132.0 2739.0
57 5132.0 2708.9999999998836
58 5252.0 2708.9999999998836
59 5297.0 2699.0
60 5177.0 2699.0
61 5177.0 2668.9999999998836
62 5174.071067811841 2661.9289321880788
63 5167.0 2659.0
64 5127.0 2659.0
65 5119.928932188159 2661.9289321880788
66 5117.0 2668.9999999998836
67 5117.0 2699.0
68 4997.0 2699.0
69 4997.0 2539.0
70 5117.0 2539.0
71 5117.0 2569.0
72 5119.928932188159 2576.071067811805
73 5127.0 2578.9999999998836
74 5167.0 2578.9999999998836
75 5174.071067811841 2576.071067811805
76 5177.0 2569.0
77 5177.0 2539.0
78 5297.0 2539.0
79 5507.70166015625 2587.9206542967877
80 5430.56689453125 2679.845947265596
81 5308.0 2577.0
82 5385.134765625 2485.074707031192
83 5408.11572265625 2504.3583984373836
84 5415.415207302187 2506.6598836899793
85 5422.2041015625 2503.1257324217877
86 5447.91552734375 2472.483886718692
87 5450.217006932231 2465.1845814574626
88 5446.68310546875 2458.395751953096
89 5423.70166015625 2439.1120605467877
90 5500.83642578125 2347.186767578096
91 5623.4033203125 2450.032714843692
92 5546.26904296875 2541.9580078125
93 5523.28759765625 2522.674316406192
94 5515.988113010313 2520.372831153596
95 5509.19921875 2523.9069824217877
96 5483.48779296875 2554.548828125
97 5481.186313380265 2561.848133386229
98 5484.720214843739 2568.636962890596
99 5849.999999999996 2189.0
100 5514.666015625 2345.3688964842877
101 5497.737446069052 2329.8566724980774
102 5474.79833984375 2330.858154296904
103 5459.286002151621 2347.7868229409796
104 5460.28759765625 2370.726074218692
105 5124.9541015625 2527.0947265625
106 5061.56103515625 2391.148681640596
107 5396.89501953125 2234.779785156192
108 5413.8235890871765 2250.2920091424603
109 5436.7626953125 2249.290527343692
110 5452.275033004647 2232.361858699529
111 5451.2734375 2209.4226074217877
112 5786.607421874996 2053.053955078096
113 6020.999999999996 1932.9999999998836
114 5685.666015625 2089.3688964842877
115 5668.7374460690735 2073.856672498019
116 5645.79833984375 2074.8581542967877
117 5630.286002151599 2091.7868229409214
118 5631.28759765625 2114.726074218692
119 5295.9541015625 2271.0947265625
120 5232.56103515625 2135.148681640596
121 5567.89501953125 1978.7797851563082
122 5584.823589087198 1994.2920091425185
123 5607.7626953125 1993.2905273436918
124 5623.2749761515515 1976.3619082436198
125 5622.2734375 1953.4227294921002
126 5957.607421874996 1797.053833007696
127 6277.999999999996 1637.0
128 5942.666015624996 1793.368896484404
129 5925.737446069095 1777.8566724980774
130 5902.798339843746 1778.8581542967877
131 5887.286059004688 1795.7867733968596
132 5888.287597656246 1818.7259521484084
133 5552.9541015625 1975.094848632696
134 5489.56103515625 1839.148681640596
135 5824.895019531246 1682.7797851561918
136 5841.823589087169 1698.2920091424603
137 5864.762695312496 1697.2905273436918
138 5880.274976151519 1680.361908243678
139 5879.273437499989 1657.4227294921875
140 6214.607421874996 1501.0538330077834
141 6534.999999999996 1340.9999999998836
142 6199.666015624996 1497.3688964842877
143 6182.7374460690735 1481.8566724980192
144 6159.798339843746 1482.8581542967877
145 6144.286059004688 1499.7867733968596
146 6145.287597656246 1522.7259521484084
147 5809.954101562496 1679.0948486327834
148 5746.561035156246 1543.148681640596
149 6081.895019531246 1386.7797851561918
150 6098.823589087169 1402.2920091424603
151 6121.762695312496 1401.2905273436918
152 6137.274976151526 1384.361908243678
153 6136.273437499996 1361.4227294921875
154 6471.607421874989 1205.0538330077834
155 6799.999999999996 1034.9999999998836
156 6464.666015624996 1191.3688964842877
157 6447.7374460690735 1175.8566724980192
158 6424.798339843746 1176.8581542967877
159 6409.286059004688 1193.7867733968596
160 6410.287597656246 1216.7259521484084
161 6074.954101562496 1373.0948486327834
162 6011.561035156246 1237.148681640596
163 6346.895019531246 1080.7797851561918
164 6363.823589087169 1096.2920091424603
165 6386.762695312496 1095.2905273436918
166 6402.274976151541 1078.3619082436198
167 6401.273437499996 1055.4227294921002
168 6736.607421874996 899.0538330077834
169 7163.999999999996 660.0
170 6828.666015624996 816.3688354491896
171 6811.737416605163 800.8566839890264
172 6788.798339843746 801.8582153320021
173 6773.286087431126 818.7868096599996
174 6774.287597656246 841.7259521484084
175 6438.954101562496 998.0948486327834
176 6375.561035156246 862.1486816405959
177 6710.895019531246 705.7798461914062
178 6727.82360381915 721.292033914593
179 6750.762695312496 720.2905273436918
180 6766.274976151526 703.361908243678
181 6765.273437499996 680.4227294921875
182 7100.607421874996 524.0538330077834
183 6999.913574218746 478.22335815420956
184 6980.548507863645 465.886477199354
185 6958.131835937496 470.8561096190824
186 6945.794943589612 490.22123034475953
187 6950.764648437496 512.6379394530959
188 6647.678710937496 724.8613281248836
189 6561.642089843746 601.9885253905959
190 6864.728027343746 389.765167236299
191 6884.093313382527 402.1022880211531
192 6906.510253906261 397.13241577139706
193 6918.847146254124 377.76729504577816
194 6913.877441406246 355.3505859375
195 7216.963378906246 143.12721252429765
196 7302.999999999996 266.0
197 5215.80126953125 2142.516113281192
198 5196.712672742444 2165.088625442557
199 5178.18589370657 2188.124495106953
200 5160.232175770441 2211.609742495697
201 5142.8624145072645 2235.5301151161257
202 5126.087151104457 2259.871096411196
203 5109.916565966501 2284.617914569011
204 5094.360472536759 2309.7555514874985
205 5079.42831134201 2335.268751888332
206 5065.12914426325 2361.142032575066
207 5051.471649036335 2387.359691829217
208 5038.464113985701 2413.9058189393254
209 5026.114432994433 2440.7643038566457
210 5014.430100713722 2467.918846971821
211 5003.418208014562 2495.3529690066644
212 4993.085437684524 2523.050021014904
213 4983.438060372173 2550.9931944859563
214 4974.481930781596 2579.165531545499
215 4966.22248411936 2607.5499352467014
216 4958.664732796049 2636.129179945885
217 4951.813263384382 2664.8859217561258
218 4945.672233835754 2693.8027090728865
219 4940.245370956909 2722.8619931648136
220 4935.5359681482405 2752.046138823469
221 4931.546883405139 2781.3374350657396
222 4928.28053758356 2810.718105881999
223 4925.738912930854 2840.1703210239066
224 4923.923551882843 2869.676206824952
225 4922.83555612772 2899.2178570475953
226 4922.4755859375 2928.7773437498836
227 4922.4755859375 2972.9999999998836
228 4519.780468749999 2972.9999999998836
229 4117.0853515624985 2972.9999999998836
230 3714.3902343750015 2972.9999999998836
231 3311.6951171875007 2972.9999999998836
232 2909.0 2972.9999999998836
233 2909.1376953125 2963.137207031192
234 2906.307641194526 2956.0213800393394
235 2899.2734375 2952.9941406248836
236 2905.0927734375 2532.8363281249185
237 2910.912109375 2112.6785156249243
238 2916.7314453125 1692.5207031249593
239 2922.55078125 1272.362890624965
240 2928.3701171875 852.205078125
241 2934.088623046875 439.29882049557636
242 2939.80712890625 26.392562866181834
243 2955.02099609375 11.389627456606831
244 3411.644856770832 11.389415105135413
245 3868.268717447918 11.389202753663994
246 4324.892578125 11.388990402192576
247 4781.516438802082 11.388778050750261
248 5238.140299479168 11.388565699278843
249 5694.76416015625 11.388353347807424
250 5709.769042968746 26.394205093296478
251 5709.769531249996 404.0357971190824
252 5712.770507812496 407.0367736815824
253 5723.274414062496 407.0367736815824
254 5726.276367187496 404.0357971190824
255 5726.275878906239 26.394197463989258
256 5741.280761718746 11.388331413210835
257 6135.803710937496 11.388148069323506
258 6530.326660156246 11.387964725465281
259 6924.849609374996 11.387781381577952
260 7319.372558593746 11.387598037690623
261 7319.372558593746 26.393457412690623
262 7289.418391549316 27.370259160816204
263 7259.550368762644 29.841590744414134
264 7229.843011470384 33.80128614822752
265 7200.370440045965 39.23946586329839
266 7171.206189067994 46.14256153660244
267 7142.423023850188 54.493349824275356
268 7114.092758890689 64.27099536423339
269 7086.286078693582 75.45110276070773
270 7059.0723614098715 88.00577745118062
271 7032.519505737775 101.90369530377211
272 7006.693761514285 117.11018077164772
273 6981.659564420686 133.5872934088402
274 6957.479375214378 151.29392253266997
275 6934.213523888244 170.18588979524793
276 6911.920059146218 190.2160594095476
277 6890.654603570805 211.3344557537639
278 6870.470214843746 233.48838806149433
279 6594.692057291661 551.6596755981154
280 6318.913899739582 869.8309631347365
281 6043.135742187496 1188.0022506713576
282 5767.357584635418 1506.1735382079496
283 5491.579427083332 1824.3448257445707
284 9341.999999999996 27.0
285 9341.862304687496 36.86279296869179
286 9344.692358805474 43.978619960544165
287 9351.726562499996 47.005859375
288 9345.907031249993 467.1636718749651
289 9340.087499999998 887.3214843749593
290 9334.267968749995 1307.4792968749243
291 9328.4484375 1727.6371093749185
292 9322.628906249996 2147.7949218748836
293 9316.910644531246 2560.701171874942
294 9311.192382812496 2973.607421875
295 9295.978515624996 2988.6103515623836
296 8839.354573567707 2988.6104329426016
297 8382.73063151041 2988.6105143228197
298 7926.106689453121 2988.6105957030377
299 7469.482747395832 2988.6106770832557
300 7012.858805338536 2988.6107584634738
301 6556.234863281246 2988.610839843692
302 6541.229980468746 2973.604980468692
303 6541.229980468746 2595.963378906192
304 6538.229003906246 2592.962402343692
305 6527.725097656246 2592.962402343692
306 6524.723144531246 2595.963378906192
307 6524.723144531246 2973.604980468692
308 6509.718261718746 2988.610839843692
309 6115.195312499996 2988.610961913975
310 5720.672363281246 2988.6110839842877
311 5326.1494140625 2988.6112060546
312 4931.62646484375 2988.6113281248836
313 4931.62646484375 2973.60546875
314 4961.580632912712 2972.628665195516
315 4991.448656627967 2970.1573317026778
316 5021.156014745167 2966.1976342920098
317 5050.628586883478 2960.7594524782035
318 5079.792838457186 2953.8563546205114
319 5108.576004145823 2945.5055640694336
320 5136.906269444906 2935.7279161942133
321 5164.7129498443755 2924.5478063982737
322 5191.9266671877085 2911.993129252107
323 5218.479522771642 2898.0952088959166
324 5244.305266754607 2882.888720885385
325 5269.339463451273 2866.411605675501
326 5293.519652100709 2848.7049739583745
327 5316.785502707069 2829.8130040915275
328 5339.078966564008 2809.782831871911
329 5360.3444210872185 2788.6644329314586
330 5380.52880859375 2766.5104980467877
331 5656.307047526043 2448.339304606052
332 5932.085286458332 2130.168111165287
333 6207.863525390621 1811.996917724522
334 6483.641764322911 1493.8257242837863
335 6759.420003255207 1175.6545308430505
336 7035.198242187496 857.4833374022855
337 7054.286857828938 834.910831235029
338 7072.81365571354 811.8749669811805
339 7090.767392477272 788.3897244234395
340 7108.137172529892 764.4693560587475
341 7124.912454667177 740.1283784491243
342 7141.083058468041 715.3815634117636
343 7156.639170472739 690.2439290545881
344 7171.571350138383 664.7307306621515
345 7185.87053556809 638.8574514377397
346 7199.528049010431 612.639793106966
347 7212.535602125648 586.093666388857
348 7224.885301015627 559.2351813402784
349 7236.569651014466 532.0806375790271
350 7247.581561236784 504.64651439210866
351 7257.914348880931 476.949460735108
352 7267.561743284623 449.00628512821277
353 7276.517889730374 420.8339454557572
354 7284.777352998604 392.44953867496224
355 7292.335120666085 363.8702904402162
356 7299.186606147803 335.1135446495027
357 7305.327651480493 306.19675291876774
358 7310.754529845897 277.1374639910355
359 7315.463947832544 247.95331308673485
360 7319.453047434366 218.6620112012606
361 7322.7194077851345 189.2813343568414
362 7325.261046627664 159.82911281462293
363 7327.07642151674 130.32322025415488
364 7328.164430755194 100.78156292630592
365 7328.524414062496 71.22206878659199
366 7328.524414062496 26.999416351289256
367 7731.219531249993 26.999533081019763
368 8133.914648437498 26.999649810779374
369 8536.609765624995 26.99976654050988
370 8939.3048828125 26.999883270269493
371 12285.814453124989 2969.609863281192
372 12203.783203124989 2969.609863281192
373 12189.278320312496 2954.604003906192
374 12189.278320312496 2576.962402343692
375 12186.276367187496 2573.961425781192
376 12175.772460937496 2573.961425781192
377 12172.771484374996 2576.962402343692
378 12172.771484374996 2956.104980468692
379 12157.766601562496 2971.110839843692
380 11701.146158854168 2971.11092122391
381 11244.525716145832 2971.111002604128
382 10787.905273437504 2971.111083984346
383 10331.284830729175 2971.111165364564
384 9874.66438802084 2971.111246744782
385 9418.043945312511 2971.111328125
386 9402.830078125011 2956.107421875
387 9397.100585937504 2542.451171874942
388 9391.371093749996 2128.7949218748836
389 9385.551367187498 1708.6371097563533
390 9379.731640625 1288.4792976378521
391 9373.911914062493 868.3214855193219
392 9368.092187499995 448.1636734008207
393 9362.272460937496 28.005861282290425
394 9369.307296723313 24.978962785884505
395 9372.137695312496 17.862792968691792
396 9371.999999999996 7.999999999883585
397 9857.635579427082 7.999742666783277
398 10343.27115885416 7.999485333682969
399 10828.906738281246 7.9992280005826615
400 11314.542317708332 7.998970667482354
401 11800.17789713541 7.998713334382046
402 12285.813476562496 7.998456001281738
403 12285.81363932291 501.6003572146001
404 12285.813802083325 995.2022584279184
405 12285.813964843739 1488.8041596412368
406 12285.81412760416 1982.406060854555
407 12285.814290364575 2476.0079620678734
GTSP_SET_SECTION
1 1 -1
2 2 3 4 5 6 7 8 9 10 11 12 13 14 15 16 17 18 19 20 21 22 23 24 25 26 27 28 29 30 31 32 33 34 35 36 37 38 -1
3 39 40 41 42 43 44 45 46 47 48 49 50 51 52 53 54 55 56 57 58 -1
4 59 60 61 62 63 64 65 66 67 68 69 70 71 72 73 74 75 76 77 78 -1
5 79 80 81 82 83 84 85 86 87 88 89 90 91 92 93 94 95 96 97 98 -1
6 99 100 101 102 103 104 105 106 107 108 109 110 111 112 -1
7 113 114 115 116 117 118 119 120 121 122 123 124 125 126 -1
8 127 128 129 130 131 132 133 134 135 136 137 138 139 140 -1
9 141 142 143 144 145 146 147 148 149 150 151 152 153 154 -1
10 155 156 157 158 159 160 161 162 163 164 165 166 167 168 -1
11 169 170 171 172 173 174 175 176 177 178 179 180 181 182 -1
12 183 184 185 186 187 188 189 190 191 192 193 194 195 196 -1
13 197 198 199 200 201 202 203 204 205 206 207 208 209 210 211 212 213 214 215 216 217 218 219 220 221 222 223 224 225 226 227 228 229 230 231 232 233 234 235 236 237 238 239 240 241 242 243 244 245 246 247 248 249 250 251 252 253 254 255 256 257 258 259 260 261 262 263 264 265 266 267 268 269 270 271 272 273 274 275 276 277 278 279 280 281 282 283 -1
14 284 285 286 287 288 289 290 291 292 293 294 295 296 297 298 299 300 301 302 303 304 305 306 307 308 309 310 311 312 313 314 315 316 317 318 319 320 321 322 323 324 325 326 327 328 329 330 331 332 333 334 335 336 337 338 339 340 341 342 343 344 345 346 347 348 349 350 351 352 353 354 355 356 357 358 359 360 361 362 363 364 365 366 367 368 369 370 -1
15 371 372 373 374 375 376 377 378 379 380 381 382 383 384 385 386 387 388 389 390 391 392 393 394 395 396 397 398 399 400 401 402 403 404 405 406 407 -1
GTSP_SET_ORDERING
EOF