NAME: Mc14v374
TYPE: PCGTSP 
COMMENT: 
DIMENSION: 375
GTSP_SETS: 15
EDGE_WEIGHT_TYPE: EUC_2D
NODE_COORD_SECTION
1 0.0 0.0
2 8220.885742187496 1231.4569091796002
3 8135.009277343746 1231.45703125
4 8130.614887632128 1220.844430442201
5 8120.001464843746 1216.4520263672166
6 8109.392461881678 1220.8468486555212
7 8105.000488281246 1231.45703125
8 7636.21018066406 1231.4572143554688
9 7167.419873046867 1231.4573974609375
10 6698.629565429681 1231.4575805664062
11 6229.839257812495 1231.457763671875
12 5761.048950195309 1231.4579467773438
13 5292.258642578119 1231.4581298828416
14 4823.4683349609295 1231.4583129883104
15 4354.678027343743 1231.458496093779
16 3885.8877197265574 1231.4586791992479
17 3417.0974121093677 1231.4588623047166
18 3417.09724934895 824.3065166473389
19 3417.0970865885356 417.15417098999023
20 3417.0969238281177 10.001825332612498
21 3885.8872314453074 10.001642799354158
22 4354.677539062493 10.001460266095819
23 4823.4678466796795 10.00127773283748
24 5292.258154296869 10.00109519957914
25 5761.048461914059 10.0009126663208
26 6229.838769531245 10.000730133033358
27 6698.629077148431 10.000547599775018
28 7167.419384765617 10.000365066516679
29 7636.20969238281 10.00018253325834
30 8104.999999999996 10.0
31 8109.391977648465 20.61017519561574
32 8120.000976562496 25.004993438604288
33 8130.614399350856 20.612589363649022
34 8135.008789062496 9.999988555908203
35 8220.884765624996 9.999955177307129
36 8220.885091145832 417.1522731780715
37 8220.88541666666 824.3045911788358
38 5566.0380859375 375.13800048831035
39 5590.265667091426 372.5446583139419
40 5613.24532040234 364.44301367140724
41 5633.7423816407645 351.2683564541512
42 5650.655572733518 333.72854233701946
43 5663.076171875 312.76596069330117
44 5669.042130218884 293.8392469564569
45 5671.0751953125 274.09893798819394
46 5669.042025791976 254.35915850571473
47 5663.076171875 235.43295288080117
48 5650.655562131233 214.4703889125667
49 5633.742366437145 196.93059284929768
50 5613.245306114408 183.75595233598142
51 5590.265658300945 175.65432158051408
52 5566.0380859375 173.06098937991192
53 5541.8089951792135 175.65306650756975
54 5518.827687580986 183.75412840614445
55 5498.329054746988 196.92886767283198
56 5481.414582720841 214.4693448295584
57 5468.9931640625 235.43302917471738
58 5463.027308609846 254.359242271923
59 5460.994140625 274.0990295410156
60 5463.027208790041 293.83932293613907
61 5468.9931640625 312.7660217285156
62 5481.414591202993 333.72969193328754
63 5498.329066910326 351.27015464685974
64 5518.827699011705 364.444880550378
65 5541.809002211783 372.54593133940944
66 10342.999999999996 691.9999389648146
67 10292.999999999996 691.9999389648146
68 10286.999999999996 697.9999389648146
69 10259.999999999996 698.0
70 10244.999999999996 683.0
71 10244.999999999996 516.0
72 10215.999999999996 516.0
73 10209.636038969333 518.6360389692709
74 10206.999999999996 524.9999999999127
75 10208.205842194762 529.4998393603892
76 10211.499999999996 532.7939453124127
77 10231.999999999996 544.6298828125
78 10231.999999999996 683.0
79 10216.999999999996 698.0
80 10164.999999999989 698.0
81 10158.999999999996 692.0
82 10108.999999999996 692.000061035098
83 10108.999999999996 518.000061035098
84 10112.407404206871 492.1181446192204
85 10122.397439276498 468.0000352386269
86 10138.289300302156 447.2893434604921
87 10158.999982380668 431.39746979405754
88 10183.118085663842 421.4074200039322
89 10208.999999999996 418.0
90 10242.999999999996 418.0
91 10268.881894684342 421.40741473826347
92 10292.999982380661 431.39744944902486
93 10313.710656539468 447.28930030216
94 10329.602520033386 467.9999647613149
95 10339.59256946469 492.1180463602068
96 10342.999999999996 517.9999389648146
97 10092.999999999996 687.0
98 9918.999999999996 687.000061035098
99 9893.11810531565 683.5926462968637
100 9869.000017619332 673.6026115861023
101 9848.289343460532 657.7107607329672
102 9832.397479966607 637.0000962738122
103 9822.407430535302 612.8820146749204
104 9818.999999999996 587.0001220703125
105 9818.999999999996 553.0001220703125
106 9822.40741078898 527.118211607245
107 9832.397449449021 503.0001091720478
108 9848.289311091747 482.2894242236798
109 9868.999991190325 466.3975562605483
110 9893.118090576787 456.4075102402421
111 9918.999999999996 453.00009155270527
112 10092.999999999996 453.0
113 10092.999999999996 503.0
114 10098.999999999996 509.0
115 10098.999999999996 536.0
116 10083.999999999996 551.0
117 9916.999999999996 551.000061035098
118 9916.999999999996 580.000061035098
119 9919.636038969318 586.364022065769
120 9925.999999999996 589.000061035098
121 9930.49983936048 587.7942188403104
122 9933.793945312496 584.500061035098
123 9945.629882812496 564.000061035098
124 10083.999999999996 564.0
125 10098.999999999996 579.0
126 10098.999999999996 631.0
127 10092.999999999996 637.0
128 10934.999999999996 1231.0
129 10485.329427083332 1231.0001831054688
130 10035.65885416666 1231.0003662109375
131 9585.988281249996 1231.0005493164062
132 9136.317708333332 1231.000732421875
133 8686.64713541666 1231.0009155273438
134 8236.976562499996 1231.0010986328125
135 8236.976562499996 823.8484134674072
136 8236.976562499996 416.69572830200195
137 8236.976562499996 9.54304313659668
138 8686.64713541666 9.542867978423601
139 9136.317708333332 9.542692820221419
140 9585.988281249996 9.54251766204834
141 10035.65885416666 9.542342503875261
142 10485.329427083332 9.542167345673079
143 10934.999999999996 9.5419921875
144 10934.999999999996 416.69466145834303
145 10934.999999999996 823.847330729157
146 10397.296874999996 595.7619018554979
147 10395.269875961338 567.2843801859126
148 10389.208791438734 539.3856128304324
149 10379.237127843222 512.6340915525216
150 10365.558077256715 487.57493074060767
151 10348.450376997276 464.71875964003266
152 10328.262629802975 444.53131728683366
153 10305.40620037162 427.42396216705674
154 10280.346833003216 413.7452899858763
155 10253.595161152069 403.77403035058524
156 10225.696302274879 397.7133671116899
157 10197.218749999996 395.6867980957031
158 9997.148437499996 395.6868896484084
159 9968.67087148831 397.7134606267209
160 9940.771999714172 403.7741296995664
161 9914.020316620004 413.74539880180964
162 9888.960940420144 427.4240836930694
163 9866.104505243999 444.5314542367414
164 9845.916755960254 464.71891407540534
165 9828.809057708157 487.5751039677416
166 9815.130013522892 512.6342840432771
167 9805.158360862373 539.3858241690032
168 9799.097291782698 567.2846090438252
169 9797.070312499996 595.7621459960938
170 9799.097434025174 624.2395729130367
171 9805.15861429364 652.1382316485688
172 9815.13034568584 678.8896360702056
173 9828.80943595993 703.9486774477409
174 9845.917148664837 726.804732039338
175 9866.104882904609 746.9920659829804
176 9888.961276718448 764.0993254746427
177 9914.020589332064 777.7779188533896
178 9940.77219147667 787.7491197933268
179 9968.670970393101 793.8097468615451
180 9997.148437499996 795.8363037109084
181 10197.218749999996 795.8362426758104
182 10225.696233590981 793.8096834715689
183 10253.595027983658 787.7490494025405
184 10280.346643619818 777.7778371022141
185 10305.405966831098 764.099228471372
186 10328.262367538631 746.9919504710706
187 10348.450104285726 726.8045955449343
188 10365.557814581833 703.9485184032237
189 10379.236897174476 678.889453909389
190 10389.208615444772 652.1380268704088
191 10395.269777181831 624.2393471116666
192 10663.898437499996 290.64657592770527
193 10653.939024242372 266.5912308485422
194 10629.882812499996 256.6339111328125
195 10605.831641316672 266.5940055507235
196 10595.874999999996 290.6466064453125
197 10605.831295832086 314.6998387420899
198 10629.882812499996 324.6602783203125
199 10653.939391361975 314.702591913956
200 9601.992187499989 230.62454223629902
201 9596.300869313378 209.36343235129607
202 9580.737674427623 193.80024305114057
203 9559.476562499996 188.1089324951172
204 9538.215441757322 193.80024813258206
205 9522.652245506873 209.36344996863045
206 9516.960937499996 230.62457275390625
207 9522.651924840658 251.88610189745668
208 9538.215164079655 267.44969861622667
209 9559.476562499996 273.14117431640625
210 9580.737969735648 267.4496935349598
211 9596.301210339381 251.8860842801805
212 8926.242187499996 280.64434814450215
213 8922.014372682232 253.89900827102247
214 8909.724685669727 229.77119825399132
215 8890.57739608848 210.62520847091218
216 8866.44875182337 198.33715943904826
217 8839.703124999996 194.1111602782912
218 8812.959355081683 198.33909606246743
219 8788.832855159035 210.627980142046
220 8769.687519752373 229.77375781245064
221 8757.399192999987 253.9005416027794
222 8753.171874999996 280.6444091796002
223 8757.399453469628 307.3880249449576
224 8769.687891327074 331.51451865927083
225 8788.833196091768 350.6600327393098
226 8812.959555456033 362.94873436921625
227 8839.703124999996 367.1766052246094
228 8866.448574676655 362.95066345186206
229 8890.577094672288 350.6627757125825
230 8909.724357159783 331.51701896314626
231 8922.014142399148 307.3894653979223
232 11129.999999999996 739.9999999999127
233 11108.786796564378 748.7867965643527
234 11099.999999999996 770.0
235 10999.999999999996 770.000061035098
236 10979.999999999996 735.3590698241896
237 10979.999999999996 390.0000648497953
238 10979.999999999996 44.64105987540097
239 10999.999999999996 10.000060081394622
240 11099.999999999996 10.000014305114746
241 11108.78680162202 31.213208493223647
242 11129.999999999996 40.0
243 11129.999999999996 389.9999999999418
244 11270.999999999996 770.0
245 11170.999999999996 770.0
246 11162.213203435615 748.7867965643527
247 11140.999999999996 739.9999999999127
248 11140.999999999996 389.9999999999418
249 11140.999999999996 40.0
250 11162.213205795804 31.21320107538486
251 11170.999999999996 9.999993324308889
252 11270.999999999996 9.999969482392771
253 11290.999999999996 44.64097595209023
254 11290.999999999996 389.99999237054726
255 11290.999999999996 735.3590087890043
256 11232.999999999996 933.0
257 11232.999999999996 960.0
258 11226.999999999989 966.0
259 11226.999999999989 1016.0
260 11052.999999999996 1016.000061035098
261 11027.11809548976 1012.5926436640148
262 11003.000000000018 1002.602601413586
263 10982.289321881366 986.7107391538157
264 10966.397459621574 966.0000610351854
265 10956.407417371101 941.8819655454427
266 10952.999999999996 916.0000610352145
267 10952.999999999996 882.0000610352145
268 10956.407417371087 856.1181565249572
269 10966.397459621552 832.0000610352145
270 10982.289321881344 811.289382916555
271 11002.999999999996 795.3975206567848
272 11027.118095489746 785.4074784062977
273 11052.999999999996 782.0000610352145
274 11226.999999999989 781.9999999999127
275 11226.999999999989 832.0
276 11232.999999999996 838.0
277 11232.999999999996 889.9999999999127
278 11217.999999999996 905.0
279 11079.629882812496 905.0
280 11067.793945312496 884.500061035098
281 11064.49983936048 881.2059032298857
282 11059.999999999996 880.000061035098
283 11053.636038969296 882.6361000044853
284 11050.999999999996 889.0000610352145
285 11050.999999999996 918.000061035098
286 11217.999999999996 918.0
287 11232.999999999996 1152.0
288 11232.999999999996 1204.0
289 11226.999999999989 1209.9999999999127
290 11226.999999999989 1260.0
291 11052.999999999996 1260.0001220703125
292 11027.118095489746 1256.5927046992292
293 11002.999999999996 1246.6026624487422
294 10982.289321881344 1230.710800188972
295 10966.397459621552 1210.0001220703125
296 10956.407417371087 1185.8820265805698
297 10952.999999999996 1160.0001220703125
298 10952.999999999996 1126.000122070196
299 10956.407417371101 1100.118217559968
300 10966.397459621574 1076.0001220702252
301 10982.289321881366 1055.2894439515949
302 11003.000000000018 1039.3975816918246
303 11027.11809548976 1029.4075394413958
304 11052.999999999996 1026.0001220703125
305 11226.999999999989 1025.9999999999127
306 11226.999999999989 1076.0
307 11232.999999999996 1082.0
308 11232.999999999996 1109.0
309 11217.999999999996 1124.0
310 11050.999999999996 1124.0001220703125
311 11050.999999999996 1153.0001220703125
312 11053.636038969318 1159.3640831009834
313 11059.999999999996 1162.0001220703125
314 11064.49983936048 1160.7942798755248
315 11067.793945312496 1157.5001220703125
316 11079.629882812496 1137.000122070196
317 11217.999999999996 1136.9999999999127
318 11280.781249999996 2340.837890625
319 10790.747282608692 2340.837890625
320 10300.713315217388 2340.837890625
321 9810.679347826084 2340.837890625
322 9320.64538043478 2340.837890625
323 8830.611413043476 2340.837890625
324 8340.577445652172 2340.837890625
325 7850.543478260868 2340.837890625
326 7360.509510869564 2340.837890625
327 6870.47554347826 2340.837890625
328 6380.441576086956 2340.837890625
329 5890.407608695652 2340.837890625
330 5400.373641304348 2340.837890625
331 4910.339673913044 2340.837890625
332 4420.305706521736 2340.837890625
333 3930.2717391304323 2340.837890625
334 3440.237771739128 2340.837890625
335 2950.203804347824 2340.837890625
336 2460.16983695652 2340.837890625
337 1970.1358695652161 2340.837890625
338 1480.101902173912 2340.837890625
339 990.0679347826081 2340.837890625
340 500.03396739130403 2340.837890625
341 10.0 2340.837890625
342 10.0 1904.6703125000058
343 10.0 1468.5027343750116
344 10.0 1032.3351562499884
345 10.0 596.1675781249942
346 10.0 160.0
347 493.96986607142753 160.0
348 977.9397321428587 160.0
349 1461.9095982142862 160.0
350 1945.8794642857138 160.0
351 2429.8493303571413 160.0
352 2913.8191964285725 160.0
353 3397.7890625 160.0
354 3397.7890625 530.1455078124709
355 3397.7890625 900.2910156249418
356 3397.7890625 1270.4365234374127
357 3842.625 1270.4365234374127
358 4287.4609375 1270.4365234374127
359 4732.296874999996 1270.4365234374127
360 5177.132812499996 1270.4365234374127
361 5621.968749999996 1270.4365234374127
362 6066.804687499996 1270.4365234374127
363 6540.80255681818 1270.4365234374127
364 7014.800426136357 1270.4365234374127
365 7488.7982954545405 1270.4365234374127
366 7962.796164772724 1270.4365234374127
367 8436.794034090908 1270.4365234374127
368 8910.791903409085 1270.4365234374127
369 9384.789772727268 1270.4365234374127
370 9858.787642045452 1270.4365234374127
371 10332.785511363636 1270.4365234374127
372 10806.783380681813 1270.4365234374127
373 11280.781249999996 1270.4365234374127
374 11280.781249999996 1627.2369791665988
375 11280.781249999996 1984.037434895814
GTSP_SET_SECTION
1 1 -1
2 2 3 4 5 6 7 8 9 10 11 12 13 14 15 16 17 18 19 20 21 22 23 24 25 26 27 28 29 30 31 32 33 34 35 36 37 -1
3 38 39 40 41 42 43 44 45 46 47 48 49 50 51 52 53 54 55 56 57 58 59 60 61 62 63 64 65 -1
4 66 67 68 69 70 71 72 73 74 75 76 77 78 79 80 81 82 83 84 85 86 87 88 89 90 91 92 93 94 95 96 -1
5 97 98 99 100 101 102 103 104 105 106 107 108 109 110 111 112 113 114 115 116 117 118 119 120 121 122 123 124 125 126 127 -1
6 128 129 130 131 132 133 134 135 136 137 138 139 140 141 142 143 144 145 -1
7 146 147 148 149 150 151 152 153 154 155 156 157 158 159 160 161 162 163 164 165 166 167 168 169 170 171 172 173 174 175 176 177 178 179 180 181 182 183 184 185 186 187 188 189 190 191 -1
8 192 193 194 195 196 197 198 199 -1
9 200 201 202 203 204 205 206 207 208 209 210 211 -1
10 212 213 214 215 216 217 218 219 220 221 222 223 224 225 226 227 228 229 230 231 -1
11 232 233 234 235 236 237 238 239 240 241 242 243 -1
12 244 245 246 247 248 249 250 251 252 253 254 255 -1
13 256 257 258 259 260 261 262 263 264 265 266 267 268 269 270 271 272 273 274 275 276 277 278 279 280 281 282 283 284 285 286 -1
14 287 288 289 290 291 292 293 294 295 296 297 298 299 300 301 302 303 304 305 306 307 308 309 310 311 312 313 314 315 316 317 -1
15 318 319 320 321 322 323 324 325 326 327 328 329 330 331 332 333 334 335 336 337 338 339 340 341 342 343 344 345 346 347 348 349 350 351 352 353 354 355 356 357 358 359 360 361 362 363 364 365 366 367 368 369 370 371 372 373 374 375 -1
GTSP_SET_ORDERING
3 2 -1
4 7 6 -1
5 7 6 -1
7 6 -1
8 6 -1
9 6 -1
10 6 -1
EOF