NAME: Mc15v332
TYPE: PCGTSP 
COMMENT: 
DIMENSION: 333
GTSP_SETS: 16
EDGE_WEIGHT_TYPE: EUC_2D
NODE_COORD_SECTION
1 0.0 0.0
2 431.156097412113 240.08584594720742
3 23.00015640259153 410.14999389639706
4 7.9921555519104 410.14999389639706
5 7.992005348212842 25.006006240815623
6 23.0 9.999999999912689
7 416.1480102539135 9.999846458405955
8 431.15600585937136 25.005840301513672
9 433.15600585937136 804.9938354492188
10 418.1480102539135 819.9998168945021
11 25.0 820.0
12 9.991993904110132 804.9940185546002
13 9.99184417725337 419.8500061035156
14 24.99984359741211 419.8500061035156
15 433.1559143066406 589.9138183593168
16 6644.007812500004 2749.997314453096
17 6160.967633928576 2749.9975237165054
18 5677.927455357149 2749.9977329798858
19 5194.887276785717 2749.9979422432953
20 4711.847098214286 2749.9981515067047
21 4228.806919642859 2749.9983607701142
22 3745.7667410714275 2749.9985700334946
23 3262.7265625 2749.998779296904
24 2801.0513392857138 2749.998953683069
25 2339.3761160714275 2749.9991280692047
26 1877.7008928571413 2749.9993024553696
27 1416.0256696428587 2749.9994768415345
28 954.3504464285725 2749.9996512276994
29 492.67522321428623 2749.999825613835
30 31.0 2750.0
31 28.069341275306215 2742.924272900622
32 20.992183685302734 2739.9970703125
33 10.992183685302734 2739.9970703125
34 10.992028951644897 2342.711669921875
35 10.99187421798706 1945.42626953125
36 10.991719484329224 1548.140869140625
37 10.991564750671387 1150.85546875
38 269.3352904319763 1072.9422912597656
39 527.6790161132812 995.0291137695021
40 555.4982958254841 986.0905543715344
41 582.9725922162652 976.1420265584311
42 610.065252420598 965.1968024460948
43 636.7401327060616 953.2694838214957
44 662.9616466913794 940.3759826626047
45 688.6948128214644 926.5334999106417
46 713.9053010355528 911.7605025226949
47 738.5594785661779 896.0766988352989
48 762.6244548079485 879.5030122719763
49 786.0681251961723 862.061553429754
50 808.8592140368637 843.7755905819067
51 830.9673162309809 824.6695186362776
52 852.3629378372025 804.7688265905308
53 873.0175354191633 784.1000635277887
54 892.9035541246376 762.6908031981438
55 911.9944644458556 740.5696072331048
56 930.2647976119697 717.7659870421048
57 947.6901795663725 694.3103644419753
58 964.2473634836133 670.2340310718864
59 979.914260782476 645.5691066478321
60 994.6699705938736 620.3484961124486
61 1008.4948076442633 594.6058457370964
62 1021.3703285173287 568.3754982353421
63 1033.2793562589468 541.6924469468067
64 1044.2060032925983 514.5922891535738
65 1054.135692614629 487.1111785903922
66 1063.0551772411236 459.2857772129937
67 1070.9525578804132 431.1532062879123
68 1077.8172988076767 402.75099686998874
69 1083.640241920406 374.11703973301337
70 1088.4136189560413 345.2895348203019
71 1092.1310618554526 316.30694028313155
72 1094.787611258409 287.20792117447127
73 1096.3797231197677 258.031297866808
74 1096.9052734375 228.8159942626953
75 1096.9051513671911 9.366772651614156
76 1559.1636250813826 9.366592645586934
77 2021.4220987955741 9.366412639559712
78 2483.6805725097656 9.36623263353249
79 2945.939046223957 9.366052627505269
80 3408.1975199381486 9.365872621478047
81 3870.45599365234 9.365692615450826
82 4332.714467366532 9.365512609452708
83 4794.972941080723 9.365332603425486
84 5257.231414794915 9.365152597398264
85 5719.489888509106 9.364972591371043
86 6181.748362223294 9.364792585343821
87 6644.006835937489 9.3646125793166
88 6644.006998697911 466.1367295582895
89 6644.007161458325 922.9088465372333
90 6644.007324218746 1379.6809635162062
91 6644.007486979168 1836.4530804951792
92 6644.007649739582 2293.225197474123
93 5718.655273437504 61.88547897330136
94 5707.671430065642 35.35398772568442
95 5681.139648437504 24.370845794619527
96 5606.116210937504 24.37087631219765
97 5579.584418511899 35.35402902850183
98 5568.6005859375 61.88554000851582
99 5579.584776171039 88.41639735695207
100 5606.116210937504 99.39919281000039
101 5681.139648437504 99.3991699219041
102 5707.671096700335 88.41636098708841
103 5620.624023437504 587.0817871093168
104 5614.329154727999 563.5676143585588
105 5597.11555109706 546.3561779786833
106 5573.6005859375 540.0642700195021
107 5550.088905638644 546.3587943259336
108 5532.878508535599 563.5699063839857
109 5526.5849609375 587.0818481445021
110 5532.878508535599 610.5937899050186
111 5550.088905638644 627.8049019630707
112 5573.6005859375 634.0994262695021
113 5597.115586359261 627.8074979878147
114 5614.329195450318 610.5960114628833
115 5560.60107421875 1022.2449340820021
116 5537.6276670486695 1026.807585714996
117 5518.151549183942 1039.818199068919
118 5505.140638763347 1059.2941184811934
119 5500.57763671875 1082.2674560547166
120 5500.57763671875 1442.4022216796002
121 5505.14041086084 1465.3758029431337
122 5518.151268457277 1484.8519917014637
123 5537.627483675889 1497.8628096889006
124 5560.60107421875 1502.4255371093168
125 5583.57469297307 1497.8627980294987
126 5603.050923169376 1484.8519485599536
127 5616.061772638943 1465.375718363648
128 5620.624511718754 1442.4020996093168
129 5620.624511718754 1082.2673339843168
130 5616.061474612576 1059.2940339015622
131 5603.050556065264 1039.8181559270015
132 5583.574453177884 1026.8075740551285
133 4560.21875 2232.699462890596
134 4555.966948903937 2205.801097775402
135 4543.607597551269 2181.53494248513
136 4524.351647615062 2162.2785604136006
137 4500.085769692047 2149.918664497556
138 4473.1875 2145.666259765596
139 4446.289230307953 2149.918664497556
140 4422.023352384938 2162.2785604136006
141 4402.767402448731 2181.53494248513
142 4390.408051096063 2205.801097775402
143 4386.15625 2232.699462890596
144 4390.408292690066 2259.597594441613
145 4402.767747096317 2283.8634806762857
146 4422.023668611211 2303.119618258497
147 4446.289416161842 2315.479344945721
148 4473.1875 2319.731689453096
149 4500.085583838158 2315.479344945721
150 4524.351331388789 2303.119618258497
151 4543.607252903683 2283.8634806762857
152 4555.966707309934 2259.597594441613
153 4887.34375 2444.7783203125
154 4883.335941829839 2419.4257407539117
155 4871.686479009775 2396.554233750503
156 4853.536772955758 2378.404743764404
157 4830.665127269069 2366.755553226598
158 4805.3125 2362.7480468749127
159 4745.2890625 2362.7480468749127
160 4719.936388767492 2366.755568282184
161 4697.064710487473 2378.404801126977
162 4678.914997327913 2396.554352235544
163 4667.26556027128 2419.4259265032015
164 4663.2578125 2444.778564453096
165 4667.265439472798 2470.1313191856025
166 4678.914825002252 2493.003027981991
167 4697.064552373016 2511.152701335697
168 4719.936295840122 2522.802018794464
169 4745.2890625 2526.8095703125
170 4805.3125 2526.8095703125
171 4830.665313123802 2522.8020037392853
172 4853.537089184665 2511.15264397359
173 4871.686823661086 2493.002909497154
174 4883.336183426796 2470.1311334363127
175 732.7655029296911 2418.770263671817
176 726.5389426642687 2395.5083218917425
177 709.5115582503495 2378.480222522194
178 686.2498779296911 2372.252685546904
179 662.9848951114182 2378.477616314485
180 645.9543014310293 2395.506065083784
181 639.7264404296911 2418.770263671817
182 645.9543014310111 2442.0344622598786
183 662.9848951113963 2459.0629110292357
184 686.2498779296911 2465.287841796817
185 709.5115582503713 2459.060304821527
186 726.5389426642869 2442.03220545192
187 13287.007812499989 2739.9970703125
188 13277.007812499989 2739.9970703125
189 13269.93065737672 2742.924274250923
190 13266.999999999989 2750.0
191 12805.324776785706 2750.0
192 12343.649553571424 2750.0
193 11881.974330357141 2750.0
194 11420.299107142851 2750.0
195 10958.623883928569 2750.0
196 10496.948660714286 2750.0
197 10035.273437500004 2750.0
198 9552.233258928576 2750.0
199 9069.193080357141 2750.0
200 8586.152901785714 2750.0
201 8103.112723214279 2750.0
202 7620.072544642851 2750.0
203 7137.032366071417 2750.0
204 6653.992187499989 2750.0
205 6653.992187499989 2293.227864583314
206 6653.992187499989 1836.4557291666279
207 6653.992187499989 1379.6835937499418
208 6653.992187499989 922.9114583332848
209 6653.992187499989 466.13932291659876
210 6653.992187499989 9.367187499912689
211 7116.250651041653 9.367187499912689
212 7578.509114583325 9.367187499912689
213 8040.767578124996 9.367187499912689
214 8503.02604166666 9.367187499912689
215 8965.284505208325 9.367187499912689
216 9427.542968749996 9.367187499912689
217 9889.801432291668 9.367187499912689
218 10352.059895833332 9.367187499912689
219 10814.318359374996 9.367187499912689
220 11276.576822916668 9.367187499912689
221 11738.83528645834 9.367187499912689
222 12201.093750000004 9.367187499912689
223 12201.093750000004 228.81640625
224 12201.61931203071 258.03170958155533
225 12203.211435585024 287.20833218924236
226 12205.867996645316 316.3073501715844
227 12209.58545115092 345.28994315775344
228 12214.358839726145 374.11744609702146
229 12220.181794296474 402.75140084090526
230 12227.046546584108 431.153607449407
231 12234.943938471417 459.28617515272344
232 12243.863434218623 487.11157290043775
233 12253.793134519274 514.5926794309635
234 12264.719792374857 541.692832794186
235 12276.62883076735 568.3758792613808
236 12289.50436210608 594.6062215570419
237 12303.329209423046 620.3488663486496
238 12318.08492928831 645.5694709302334
239 12333.751836414998 670.2343890384946
240 12350.309029920998 694.3107157393824
241 12367.734421212404 717.7663313259545
242 12386.004763451401 740.5699441684992
243 12405.095682569383 762.6911324601388
244 12424.981709783871 784.1003848017717
245 12445.636315575863 804.769139572687
246 12467.03194508229 824.6698230339971
247 12489.140054856372 843.7758861140755
248 12511.931150946799 862.0618398272491
249 12535.374828244978 879.5032892779855
250 12559.439811047854 896.0769662055827
251 12584.093994782106 911.7607600259653
252 12609.304488834208 926.533747328911
253 12635.037660429054 940.3762197913602
254 12661.25917949872 953.2697104700492
255 12687.934064481498 965.1970184378733
256 12715.026728989997 976.1422317310644
257 12742.501029286188 986.090748577175
258 12770.320312500011 995.029296875
259 13028.664062499996 1072.9423828125
260 13287.007812499989 1150.85546875
261 13287.007812499989 1548.140869140625
262 13287.007812499989 1945.42626953125
263 13287.007812499989 2342.711669921875
264 7579.343750000004 61.8876953125
265 7590.327933485361 88.4185649935971
266 7616.859374999989 99.4013671875
267 7691.882812500004 99.4013671875
268 7718.414254014631 88.4185649935971
269 7729.398437499989 61.8876953125
270 7718.414599526888 35.356194198626326
271 7691.882812500004 24.37304687491269
272 7616.859374999989 24.37304687491269
273 7590.3275879731045 35.356194198626326
274 7674.374999999989 1031.2509765625
275 7648.863037790743 1038.081562115316
276 7630.188495501625 1056.7571768322086
277 7623.359375000004 1082.2695312499127
278 7623.359375000004 1442.404296875
279 7630.188169759578 1467.9170640941302
280 7648.86275571425 1486.593079955841
281 7674.374999999989 1493.423828125
282 7699.890546768376 1486.5956860410224
283 7718.568341943192 1467.9193207999924
284 7725.398437500011 1442.404296875
285 7725.398437500011 1082.2695312499127
286 7718.568016172318 1056.7549201429647
287 7699.890264675243 1038.0789560589765
288 8101.039062499989 2417.7705078124127
289 8107.26562276539 2441.032449592545
290 8124.293007179305 2458.060548962181
291 8147.554687500004 2464.2880859375
292 8170.819670318302 2458.0631551698607
293 8187.850263998687 2441.0347064005036
294 8194.078124999989 2417.7705078124127
295 8187.850263998673 2394.506309224351
296 8170.8196703182875 2377.477860454994
297 8147.554687500004 2371.2529296874127
298 8124.29300717932 2377.4804666627024
299 8107.265622765397 2394.5085660323093
300 8410.656250000011 2444.7802734375
301 8414.663816573204 2470.1330865613127
302 8426.313176338906 2493.004862622154
303 8444.462910815328 2511.15459709859
304 8467.334686876184 2522.8039568643144
305 8492.687499999989 2526.8115234375
306 8552.710937500011 2526.8115234375
307 8578.063750623816 2522.8039568642853
308 8600.935526684672 2511.15459709859
309 8619.085261161094 2493.004862622154
310 8630.734620926803 2470.1330865613127
311 8634.742187500004 2444.7802734375
312 8630.734379329831 2419.4276938789408
313 8619.084916509772 2396.556186875532
314 8600.935210455751 2378.406696889433
315 8578.063564769069 2366.757506351656
316 8552.710937500011 2362.75
317 8492.687499999989 2362.75
318 8467.334872730931 2366.757506351656
319 8444.463227044256 2378.406696889433
320 8426.313520990243 2396.556186875532
321 8414.664058170176 2419.4276938789408
322 12565.234375000011 2418.7705078125
323 12571.460935265419 2442.0324495925743
324 12588.488319679334 2459.060548962152
325 12611.749999999989 2465.2880859374127
326 12635.014982818266 2459.0631551698316
327 12652.045576498658 2442.0347064005327
328 12658.273437500011 2418.7705078125
329 12652.045576498673 2395.506309224438
330 12635.01498281828 2378.47786045511
331 12611.749999999989 2372.2529296875
332 12588.488319679313 2378.4804666627897
333 12571.460935265404 2395.5085660323966
GTSP_SET_SECTION
1 1 -1
2 2 3 4 5 6 7 8 -1
3 9 10 11 12 13 14 15 -1
4 16 17 18 19 20 21 22 23 24 25 26 27 28 29 30 31 32 33 34 35 36 37 38 39 40 41 42 43 44 45 46 47 48 49 50 51 52 53 54 55 56 57 58 59 60 61 62 63 64 65 66 67 68 69 70 71 72 73 74 75 76 77 78 79 80 81 82 83 84 85 86 87 88 89 90 91 92 -1
5 93 94 95 96 97 98 99 100 101 102 -1
6 103 104 105 106 107 108 109 110 111 112 113 114 -1
7 115 116 117 118 119 120 121 122 123 124 125 126 127 128 129 130 131 132 -1
8 133 134 135 136 137 138 139 140 141 142 143 144 145 146 147 148 149 150 151 152 -1
9 153 154 155 156 157 158 159 160 161 162 163 164 165 166 167 168 169 170 171 172 173 174 -1
10 175 176 177 178 179 180 181 182 183 184 185 186 -1
11 187 188 189 190 191 192 193 194 195 196 197 198 199 200 201 202 203 204 205 206 207 208 209 210 211 212 213 214 215 216 217 218 219 220 221 222 223 224 225 226 227 228 229 230 231 232 233 234 235 236 237 238 239 240 241 242 243 244 245 246 247 248 249 250 251 252 253 254 255 256 257 258 259 260 261 262 263 -1
12 264 265 266 267 268 269 270 271 272 273 -1
13 274 275 276 277 278 279 280 281 282 283 284 285 286 287 -1
14 288 289 290 291 292 293 294 295 296 297 298 299 -1
15 300 301 302 303 304 305 306 307 308 309 310 311 312 313 314 315 316 317 318 319 320 321 -1
16 322 323 324 325 326 327 328 329 330 331 332 333 -1
GTSP_SET_ORDERING
5 4 -1
6 4 -1
7 4 -1
8 4 -1
9 4 -1
10 4 -1
12 11 -1
13 11 -1
14 11 -1
15 11 -1
16 11 -1
EOF