NAME: Mc18v444
TYPE: PCGTSP 
COMMENT: 
DIMENSION: 445
GTSP_SETS: 19
EDGE_WEIGHT_TYPE: EUC_2D
NODE_COORD_SECTION
1 0.0 0.0
2 13815.999999999989 1898.0
3 13395.999999999989 1898.000162760416
4 12975.999999999996 1898.000325520834
5 12555.999999999996 1898.00048828125
6 12135.999999999996 1898.000651041666
7 11716.000000000004 1898.000813802084
8 11296.000000000004 1898.0009765625
9 11296.000000000004 1598.0009765625
10 11716.000000000004 1598.000813802084
11 12135.999999999996 1598.000651041666
12 12555.999999999996 1598.00048828125
13 12975.999999999996 1598.000325520834
14 13395.999999999989 1598.000162760416
15 13815.999999999989 1598.0
16 11256.000000000011 2209.99560546875
17 10781.083333333347 2209.9959716796875
18 10306.166666666675 2209.996337890625
19 9831.250000000011 2209.9967041015625
20 9356.33333333334 2209.9970703125
21 8881.416666666675 2209.9974365234375
22 8406.500000000004 2209.997802734375
23 7931.583333333339 2209.9981689453125
24 7456.666666666668 2209.99853515625
25 6981.750000000004 2209.9989013671875
26 6506.833333333339 2209.999267578125
27 6031.916666666668 2209.9996337890625
28 5557.0 2210.0
29 5554.071067811867 2202.928932188135
30 5547.0 2200.0
31 5537.0 2200.0
32 5537.0 1910.0
33 6013.583333333332 1909.9996337890625
34 6490.166666666668 1909.999267578125
35 6966.750000000004 1909.9989013671875
36 7443.333333333339 1909.99853515625
37 7919.916666666668 1909.9981689453125
38 8396.500000000004 1909.997802734375
39 8873.08333333334 1909.9974365234375
40 9349.666666666675 1909.9970703125
41 9826.250000000011 1909.9967041015625
42 10302.83333333334 1909.996337890625
43 10779.416666666675 1909.9959716796875
44 11256.000000000011 1909.99560546875
45 11274.000000000011 1888.0
46 11264.000000000004 1888.0
47 11256.92893218814 1890.928932188137
48 11254.000000000011 1898.0
49 10779.083333333347 1898.0001831054688
50 10304.166666666675 1898.0003662109357
51 9829.250000000011 1898.0005493164044
52 9354.33333333334 1898.0007324218732
53 8879.416666666675 1898.000915527342
54 8404.500000000004 1898.0010986328107
55 7929.583333333339 1898.0012817382776
56 7454.666666666668 1898.0014648437464
57 6979.750000000004 1898.001647949215
58 6504.833333333332 1898.001831054682
59 6029.916666666668 1898.0020141601508
60 5555.0 1898.0021972656195
61 5555.0 1598.0021972656286
62 6031.583333333332 1598.00201416016
63 6508.166666666668 1598.0018310546911
64 6984.750000000004 1598.0016479492206
65 7461.333333333339 1598.0014648437518
66 7937.916666666668 1598.001281738283
67 8414.500000000004 1598.0010986328143
68 8891.08333333334 1598.0009155273456
69 9367.666666666675 1598.0007324218768
70 9844.250000000011 1598.000549316408
71 10320.83333333334 1598.0003662109375
72 10797.416666666675 1598.0001831054688
73 11274.000000000011 1598.0
74 13864.999999999989 1585.0
75 13392.619944852933 1585.0001866957718
76 12920.23988970587 1585.0003733915437
77 12447.859834558814 1585.0005600873155
78 11975.479779411758 1585.0007467830874
79 11503.099724264703 1585.0009334788592
80 11030.71966911764 1585.001120174631
81 10558.339613970584 1585.001306870403
82 10085.959558823528 1585.0014935661748
83 9613.579503676472 1585.0016802619448
84 9141.199448529409 1585.0018669577166
85 8668.819393382353 1585.0020536534885
86 8196.439338235297 1585.0022403492603
87 7724.059283088234 1585.0024270450322
88 7251.679227941178 1585.002613740804
89 6779.299172794123 1585.0028004365759
90 6306.9191176470595 1585.0029871323477
91 5834.539062500004 1585.0031738281195
92 5633.999999999989 1535.0031738281286
93 5633.999999999989 1295.0031738281286
94 5641.071067811859 1292.0742416399971
95 5644.000000000004 1285.0031738281286
96 6127.588235294123 1285.0029871323568
97 6611.176470588234 1285.002800436585
98 7094.764705882353 1285.0026137408113
99 7578.352941176472 1285.0024270450394
100 8061.941176470591 1285.0022403492676
101 8545.529411764703 1285.0020536534958
102 9029.117647058822 1285.001866957722
103 9512.70588235294 1285.0016802619502
104 9996.294117647052 1285.0014935661784
105 10479.882352941171 1285.0013068704066
106 10963.47058823529 1285.001120174633
107 11447.058823529409 1285.000933478861
108 11930.64705882352 1285.0007467830892
109 12414.23529411764 1285.0005600873174
110 12897.823529411758 1285.0003733915437
111 13381.41176470587 1285.0001866957718
112 13864.999999999989 1285.0
113 5500.53271484375 2367.1064453125
114 5097.89208984375 2367.106628417967
115 4695.25146484375 2367.1068115234357
116 4292.61083984375 2367.1069946289026
117 3889.97021484375 2367.1071777343695
118 3889.97021484375 2203.8029785156286
119 3915.610921311738 2189.2152372053715
120 3940.3466990530906 2173.1407442353648
121 3964.091443020934 2155.6354547886276
122 3986.762497949123 2136.7603046394106
123 4008.280946074581 2116.580998036252
124 4028.5718818494097 2095.167778985993
125 4047.5646726864907 2072.5951867349613
126 4065.1932048309864 2048.9417962984317
127 4081.3961135017926 2024.2899449416273
128 4096.116996501842 1998.7254455643397
129 4109.304610553725 1972.3372879869166
130 4120.913049677129 1945.2173291773834
131 4130.901904987179 1917.4599734980802
132 4139.236405357464 1889.1618440848124
133 4145.887538458053 1860.421446502476
134 4150.83215174717 1831.3388258479772
135 4154.053033065029 1802.0152184940252
136 4155.538970549202 1772.55269968613
137 4155.284791663056 1743.0538282194739
138 4153.2913812012775 1713.6212894325581
139 4149.565678209943 1684.3575377603465
140 4144.120651831719 1655.3644400911962
141 4136.975256160415 1626.7429211690123
142 4128.154364261896 1598.5926122750225
143 4117.688681591171 1571.011504412063
144 4105.614639106927 1544.0956071986857
145 4091.9742664556543 1517.938614660421
146 4076.8150456667718 1492.631579081628
147 4060.1897458680724 1468.262594053198
148 4042.156239596796 1444.9164878194733
149 4022.777301345788 1422.674527991794
150 4002.1203890459874 1401.6141386565814
151 3980.2574092458926 1381.8086308627098
152 3957.2644668054454 1363.3269474263252
153 3933.2215999756118 1346.2334229414428
154 3908.21250178586 1330.5875598317325
155 3882.3242287093854 1316.4438212230634
156 3855.646897620223 1303.8514413577795
157 3828.273372097108 1292.8542542106952
158 3800.2989391661104 1283.49054090338
159 3771.8209776072326 1275.7928964478742
160 3742.938618979646 1269.7881162837057
161 3713.752402545535 1265.497103003183
162 3684.363925293699 1262.9347935896294
163 3654.87548828125 1262.1101074218695
164 3199.765270471573 1262.1103210449164
165 2744.6550526618958 1262.110534667965
166 2289.5448348522186 1262.110748291012
167 1834.4346170425415 1262.1109619140607
168 1379.3243992328644 1262.1111755371076
169 924.2141814231873 1262.1113891601544
170 469.10396361351013 1262.1116027832031
171 13.993745803833008 1262.11181640625
172 13.99355347951132 848.4088573455792
173 13.99336115519327 434.7058982849103
174 13.993168830871582 21.002939224239526
175 24.000003814700904 21.002933502199085
176 31.072106512136088 18.072962891592397
177 34.0 11.0
178 530.9743303571413 10.999768938336274
179 1027.9486607142862 10.999537876674367
180 1524.9229910714275 10.999306815010641
181 2021.8973214285688 10.999075753348734
182 2518.8716517857138 10.998844691685008
183 3015.845982142855 10.998613630023101
184 3512.8203124999964 10.998382568359375
185 4009.7946428571413 10.998151506697468
186 4506.768973214283 10.997920445033742
187 5003.743303571424 10.997689383371835
188 5500.717633928569 10.997458321708109
189 5997.6919642857065 10.997227260046202
190 6494.666294642851 10.996996198382476
191 6991.640624999996 10.996765136720569
192 7488.614955357141 10.996534075056843
193 7985.589285714279 10.996303013393117
194 8482.563616071424 10.99607195173121
195 8979.537946428562 10.995840890067484
196 9476.512276785706 10.995609828405577
197 9973.486607142851 10.995378766741851
198 10470.460937499996 10.995147705079944
199 10967.435267857134 10.994916643416218
200 11464.409598214279 10.994685581754311
201 11961.383928571417 10.994454520090585
202 12458.358258928562 10.994223458428678
203 12955.332589285706 10.993992396764952
204 13452.306919642844 10.993761335103045
205 13949.281249999989 10.993530273439319
206 13952.212253799447 18.0695992543624
207 13959.290039062489 20.996456146240234
208 13969.290039062489 20.99645042418888
209 13969.29264322916 434.87942886352175
210 13969.295247395832 848.7624073028564
211 13969.297851562504 1262.6453857421893
212 13484.966567095591 1262.645608340994
213 13000.635282628678 1262.6458309397985
214 12516.303998161766 1262.6460535386032
215 12031.972713694853 1262.6462761374078
216 11547.641429227948 1262.6464987362124
217 11063.310144761035 1262.646721335017
218 10578.978860294123 1262.6469439338216
219 10094.64757582721 1262.6471665326262
220 9610.316291360297 1262.6473891314326
221 9125.985006893385 1262.6476117302373
222 8641.653722426472 1262.6478343290419
223 8157.3224379595595 1262.6480569278465
224 7672.991153492647 1262.648279526651
225 7188.6598690257415 1262.6485021254557
226 6704.328584558829 1262.6487247242603
227 6219.997300091916 1262.648947323065
228 5735.666015625004 1262.6491699218695
229 5706.179386960943 1263.474765145771
230 5676.792759381173 1266.037770595216
231 5647.608415144419 1270.3292655464556
232 5618.727932447768 1276.334313144429
233 5590.251831876467 1284.0320123915517
234 5562.2792265348835 1293.3955708951344
235 5534.907477076227 1304.3923981202188
236 5508.231852831832 1316.984218823265
237 5482.34520021945 1331.1272062718817
238 5457.337619584647 1346.77213478689
239 5433.296151600109 1363.864551075827
240 5410.304474314358 1382.3449637615267
241 5388.442611904316 1402.1490504461035
242 5367.786656145439 1423.2078815896657
243 5348.408501568847 1445.4481604245084
244 5330.3755952272695 1468.7924780697485
245 5313.750701940764 1493.159582958473
246 5298.591685839248 1518.46466363963
247 5284.951308962289 1544.6196439703508
248 5272.877047617025 1571.5334896712557
249 5262.410927133493 1599.1125251777794
250 5253.58937559247 1627.2607596846701
251 5246.44309703492 1655.8802212488536
252 5240.996964594393 1684.871297787784
253 5237.269933924297 1714.1330837864207
254 5235.274977221397 1743.5637315060922
255 5235.019038075163 1773.060805472831
256 5236.503007300093 1802.5216390113674
257 5239.7217198351755 1831.843691583832
258 5244.663972721271 1860.9249056894314
259 5251.312564093783 1889.664062082882
260 5259.64435305501 1917.9611320752247
261 5269.630340217656 1945.7176256908333
262 5281.235768639312 1972.8369344688163
263 5294.420244796456 1999.22466771568
264 5309.137879177 2024.7889810388751
265 5325.337446002031 2049.4408960177807
266 5342.962561520784 2073.0946098994627
267 5361.95188025833 2095.6677942412825
268 5382.23930853288 2117.081881460932
269 5403.754234499578 2137.262338296532
270 5426.421773920061 2156.138925224961
271 5450.163030802436 2173.6459409355575
272 5474.895372004383 2189.722451008216
273 5500.53271484375 2204.3125
274 1258.4697265625 1037.4803466796893
275 1281.1068570425923 1028.1058662067408
276 1290.4775390625 1005.4671630859302
277 1281.1063172187569 982.8294465350245
278 1258.4697265625 973.4555053710901
279 1235.8283786585162 982.8268768967755
280 1226.45458984375 1005.4672241210992
281 1235.8278819637162 1028.1084790465993
282 11174.235351562504 1037.4758300781195
283 11196.872503636256 1028.1013280330862
284 11206.243164062504 1005.4625854492188
285 11196.87196381106 982.8248294357618
286 11174.235351562504 973.4508666992188
287 11151.593687937613 982.8220654494908
288 11142.219726562511 1005.4625854492188
289 11151.593148046468 1028.1040920852993
290 1764.65771484375 1107.5118408203089
291 1783.0550702938272 1099.8986918104547
292 1790.67236328125 1081.5030517578089
293 1783.0555885923895 1063.1064645209663
294 1764.65771484375 1055.4927978515698
295 1746.2639022664334 1063.108753658542
296 1738.6494140625 1081.5031738281286
297 1746.2645068742277 1099.896489023342
298 2014.25048828125 1111.01171875
299 2039.0156773488052 1104.385026780501
300 2057.144547702381 1086.2584800681852
301 2063.7744140625 1061.494140625
302 2057.145016001854 1036.7292077525635
303 2039.0160828592707 1018.6020843753013
304 2014.25048828125 1011.975158691399
305 1989.4885737434197 1018.6050365944848
306 1971.3632455329825 1036.7318170546896
307 1964.7353515625 1061.4942626953089
308 1971.3637952194476 1086.2560117341454
309 1989.4890497448905 1104.3821152636883
310 2314.36865234375 1163.5306396484393
311 2343.3707670983713 1159.7209512979243
312 2370.397289170567 1148.5315147504753
313 2393.60471763078 1130.725570522991
314 2411.41005501361 1107.5176764726511
315 2422.598784855243 1080.4908618231366
316 2426.40771484375 1051.4886474609393
317 2422.59877168162 1022.4864450047062
318 2411.4100346542 995.4596442496058
319 2393.604696037084 972.251763862665
320 2370.3972715404707 954.4458310435548
321 2343.370757267403 943.2564020334394
322 2314.36865234375 939.4467163085901
323 2285.366527758153 943.2564072847636
324 2258.3399978868256 954.4458513695481
325 2235.132565463009 972.2518070054102
326 2217.3272293144655 995.4597147191544
327 2206.13850665863 1022.4865432630886
328 2202.32958984375 1051.48876953125
329 2206.138546179489 1080.4909600815172
330 2217.3272903926954 1107.5177469422051
331 2235.1326302440975 1130.7256136657488
332 2258.340050777115 1148.531535076485
333 2285.366557251058 1159.7209565492612
334 2879.07958984375 1134.0186767578089
335 2907.6796931108365 1129.498894897586
336 2933.48120947646 1116.3582675082143
337 2953.95594666549 1095.8843945968183
338 2967.0976631972662 1070.0834329567879
339 2971.61865234375 1041.4835205078089
340 2967.097421594277 1012.8838416260587
341 2953.955602006503 987.0831490471446
342 2933.4808932419946 966.6095206281807
343 2907.6795072541754 953.4690624650593
344 2879.07958984375 948.9493408203089
345 2850.481284154019 953.4707611832382
346 2824.681765273257 966.6119618872435
347 2804.2087643920713 987.085421910906
348 2791.0681422837406 1012.88523549604
349 2786.54736328125 1041.4836425781195
350 2791.0679610897423 1070.0822248329423
351 2804.208505908351 1095.8822402089481
352 2824.681528105055 1116.355883599057
353 2850.4811447642023 1129.497211225027
354 6514.461914062504 1151.5238037109393
355 6540.616233025892 1148.0891418724732
356 6564.989140972237 1137.999213199677
357 6585.91807800547 1121.942286437612
358 6601.975409333067 1101.0136597980309
359 6612.065809146476 1076.6409469004284
360 6615.500976562504 1050.4866943359393
361 6612.066006754732 1024.3322631806823
362 6601.975714729819 999.959341864449
363 6585.918401915911 979.0305102718412
364 6564.989405426637 962.9734123837552
365 6540.616380491203 952.8833706528221
366 6514.461914062504 949.4486694335901
367 6488.307427971642 952.8833759034733
368 6463.934387437552 962.9734327087936
369 6443.0053830207435 979.0305534137169
370 6426.948072675343 999.9594123334646
371 6416.85779502233 1024.3323614389028
372 6413.422851562504 1050.48681640625
373 6416.8580453261275 1076.6410451586253
374 6426.948459511226 1101.0137302671283
375 6443.0057933073 1121.9423295797096
376 6463.934722413123 1137.9992335250117
377 6488.307614761037 1148.089147123359
378 7660.899414062504 1020.4691162109393
379 7674.341911496984 1014.9044917896808
380 7679.907226562489 1001.4622802734393
381 7674.341911496984 988.0200687571978
382 7660.899414062504 982.4554443359393
383 7647.4569166280235 988.0200687571978
384 7641.891601562511 1001.4622802734393
385 7647.4569166280235 1014.9044917896808
386 8891.868164062489 1085.4987792968786
387 8915.91950798647 1075.538512298186
388 8925.875976562504 1051.4855957031195
389 8915.91931365347 1027.433034271
390 8891.868164062489 1017.4729614257794
391 8867.811963117525 1027.4302703563953
392 8857.852539062511 1051.4855957031195
393 8867.811768762182 1075.5412762351352
394 10682.047851562504 1138.0169677734393
395 10708.79142691437 1133.789095036047
396 10732.917790352749 1121.5003881177563
397 10752.063096005604 1102.354866397438
398 10764.351530642645 1078.2283642751772
399 10768.579101562504 1051.4847412109393
400 10764.351636340016 1024.7410159623287
401 10752.06324678889 1000.6143961282087
402 10732.917928701685 981.4687674438246
403 10708.791508225393 969.179986487954
404 10682.047851562504 964.9520874023401
405 10655.30230314862 969.1780611621252
406 10631.17371388827 981.4660388022057
407 10612.026436299417 1000.6119254391015
408 10599.736705809268 1024.7396219445145
409 10595.508789062511 1051.48486328125
410 10599.736871914374 1078.2299440395436
411 10612.026673256365 1102.357455563615
412 10631.17393130231 1121.5031741108996
413 10655.302430926084 1133.7910354087617
414 13023.430664062489 247.09893798827943
415 13046.021042250013 242.61254972787356
416 13065.17255333543 229.81909478309535
417 13077.96679055376 210.668106289555
418 13082.454101562489 188.0779113769495
419 13077.967053512952 165.48743528338127
420 13065.172877244197 146.3361360079507
421 13046.021253829804 133.54244494844352
422 13023.430664062489 129.05596923827943
423 13000.842459582902 133.54469456429433
424 12981.69348062362 146.33892144522542
425 12968.901323250986 165.48928296708073
426 12964.415039062489 188.07797241210938
427 12968.90162124758 210.66634319524564
428 12981.693847695915 229.81635251207263
429 13000.842699363468 242.61031179582096
430 8045.041015625004 1037.4771728515698
431 8067.682544500411 1028.105132442779
432 8077.055664062511 1005.4640502929688
433 8067.682047809398 982.8238758405532
434 8045.041015625004 973.4523315429688
435 8022.403771972862 982.825948830252
436 8013.032226562489 1005.4640502929688
437 8022.403275327353 1028.1030594075764
438 4083.0400390625 186.17683410643986
439 4105.681392365183 176.80545718823305
440 4115.05517578125 154.1651000976599
441 4105.681557027208 131.52444208557426
442 4083.0400390625 122.15290069579896
443 4060.3978788542663 131.52410731346208
444 4051.02392578125 154.16513061522892
445 4060.39806511415 176.80581352753325
GTSP_SET_SECTION
1 1 -1
2 2 3 4 5 6 7 8 9 10 11 12 13 14 15 -1
3 16 17 18 19 20 21 22 23 24 25 26 27 28 29 30 31 32 33 34 35 36 37 38 39 40 41 42 43 44 -1
4 45 46 47 48 49 50 51 52 53 54 55 56 57 58 59 60 61 62 63 64 65 66 67 68 69 70 71 72 73 -1
5 74 75 76 77 78 79 80 81 82 83 84 85 86 87 88 89 90 91 92 93 94 95 96 97 98 99 100 101 102 103 104 105 106 107 108 109 110 111 112 -1
6 113 114 115 116 117 118 119 120 121 122 123 124 125 126 127 128 129 130 131 132 133 134 135 136 137 138 139 140 141 142 143 144 145 146 147 148 149 150 151 152 153 154 155 156 157 158 159 160 161 162 163 164 165 166 167 168 169 170 171 172 173 174 175 176 177 178 179 180 181 182 183 184 185 186 187 188 189 190 191 192 193 194 195 196 197 198 199 200 201 202 203 204 205 206 207 208 209 210 211 212 213 214 215 216 217 218 219 220 221 222 223 224 225 226 227 228 229 230 231 232 233 234 235 236 237 238 239 240 241 242 243 244 245 246 247 248 249 250 251 252 253 254 255 256 257 258 259 260 261 262 263 264 265 266 267 268 269 270 271 272 273 -1
7 274 275 276 277 278 279 280 281 -1
8 282 283 284 285 286 287 288 289 -1
9 290 291 292 293 294 295 296 297 -1
10 298 299 300 301 302 303 304 305 306 307 308 309 -1
11 310 311 312 313 314 315 316 317 318 319 320 321 322 323 324 325 326 327 328 329 330 331 332 333 -1
12 334 335 336 337 338 339 340 341 342 343 344 345 346 347 348 349 350 351 352 353 -1
13 354 355 356 357 358 359 360 361 362 363 364 365 366 367 368 369 370 371 372 373 374 375 376 377 -1
14 378 379 380 381 382 383 384 385 -1
15 386 387 388 389 390 391 392 393 -1
16 394 395 396 397 398 399 400 401 402 403 404 405 406 407 408 409 410 411 412 413 -1
17 414 415 416 417 418 419 420 421 422 423 424 425 426 427 428 429 -1
18 430 431 432 433 434 435 436 437 -1
19 438 439 440 441 442 443 444 445 -1
GTSP_SET_ORDERING
7 6 -1
8 6 -1
9 6 -1
10 6 -1
11 6 -1
12 6 -1
13 6 -1
14 6 -1
15 6 -1
16 6 -1
17 6 -1
18 6 -1
19 6 -1
EOF