NAME: Mc19v539
TYPE: PCGTSP 
COMMENT: 
DIMENSION: 540
GTSP_SETS: 20
EDGE_WEIGHT_TYPE: EUC_2D
NODE_COORD_SECTION
1 0.0 0.0
2 6143.999999999996 1942.0
3 6118.984800633971 1948.69424899359
4 6100.673253246492 1967.0043664477416
5 6093.977050781246 1992.0190429688082
6 5843.882812499996 1992.0190429688082
7 5843.882812499996 1977.0130615234957
8 6123.992187499996 1691.9069824218168
9 6143.999999999996 1691.9069824218168
10 5854.983398437496 2307.6142578125
11 5835.999999999996 2317.0
12 5795.269531249996 2303.1416015625
13 5791.524414062496 2295.52734375
14 5744.172851562496 2279.400390625
15 5812.641601562496 2075.876953125
16 5824.151870092344 2052.3802917929133
17 5841.363095340781 2032.6736152382218
18 5863.0970323248 2018.1060018935823
19 5887.865820543873 2009.6747205234133
20 5913.973839841205 2007.9569592611515
21 5939.633789062496 2013.0703125
22 5964.428710937496 2021.505859375
23 5987.78735491959 2033.0359365057084
24 6007.375550694716 2050.20775975188
25 6021.864104163335 2071.856102545513
26 6030.26986710689 2096.5119756117347
27 6032.022450570988 2122.5023080167593
28 6027.002929687496 2148.0634765625
29 6015.6893796795375 2171.253052468295
30 5998.819015777157 2190.7759535405203
31 5977.514987255887 2205.332437087025
32 5953.195615874418 2213.953401075152
33 5927.479970700046 2216.064902375161
34 5902.080078124996 2211.5263671873836
35 5934.597656249996 2114.8671874998836
36 5902.395507812496 2103.9130859375
37 5894.010396433816 2104.47706755501
38 5888.470703124996 2110.796875
39 5888.104734392367 2116.4880759730586
40 5890.637695312496 2121.59765625
41 5910.099609374996 2143.7802734375
42 5745.654785156246 2447.1416015625
43 5745.722167968746 2397.0605468748836
44 5739.730957031246 2391.052490234317
45 5739.858603699042 2368.0262049538433
46 5739.999999999996 2345.0
47 5755.097656249996 2330.213378906308
48 5945.749511718746 2332.908935546875
49 5961.726074218746 2361.1806640625
50 5966.074255162264 2365.6428875692072
51 5972.073730468746 2367.323486328125
52 5980.561052739733 2363.8990240090643
53 5984.165527343746 2355.486572265683
54 5984.438476562496 2319.454833984375
55 5882.470703124996 2318.012451171875
56 5886.595302696947 2292.5151863227948
57 5897.112790372954 2268.924821989087
58 5913.321520531983 2248.815125247347
59 5934.140171770185 2233.527659890533
60 5958.179884321147 2224.082287643745
61 5983.836914062496 2221.109130859375
62 6009.559053086927 2224.851199499448
63 6033.44783467556 2235.096082510485
64 6053.889257461877 2251.1516033108346
65 6069.502234503958 2271.933000318357
66 6079.231903870557 2296.0362168612774
67 6082.420898437496 2321.832763671875
68 6082.197753906246 2351.234863281308
69 6078.565718156311 2377.1932986183674
70 6068.313091801527 2401.3162275795476
71 6052.144263130936 2421.946327633981
72 6031.170082493434 2437.6662447909475
73 6006.831543318618 2447.395970361249
74 5980.800781249996 2450.4670410155086
75 6338.999999999996 2575.999511718808
76 6314.2512626584685 2586.2507743772585
77 6303.999999999996 2610.999511718808
78 6035.499999999996 2610.999755859433
79 5766.999999999996 2611.0
80 5758.931732275483 2590.463716542872
81 5738.999999999989 2581.0
82 5738.999999999989 2491.0
83 5788.961425781246 2461.0000000001164
84 6173.999999999996 2460.999755859375
85 6203.263578233633 2458.1175419662613
86 6231.402571243943 2449.5816623790306
87 6257.335611076331 2435.7201468408457
88 6280.066103494817 2417.0656867207144
89 6298.720526618756 2394.33516394021
90 6312.581999948194 2368.402101546817
91 6321.117833736313 2340.26309464348
92 6323.999999999996 2310.999511718808
93 6338.999999999996 2310.999511718808
94 6558.484374999996 2441.859375
95 6543.476562499996 2441.859375
96 6318.277343749996 2283.7515869140625
97 6093.078124999996 2125.643798828125
98 6093.078124999996 2110.634033203183
99 6484.007812499996 2110.6337890625
100 6502.999999999996 2115.0
101 6549.484374999996 2137.5556640625
102 6558.484374999996 2151.9306640625
103 6246.730957031246 2098.091796875
104 6244.420898437496 2047.7287597655086
105 6238.161621093746 2042.010498046875
106 6238.024190785854 2020.5054617842543
107 6237.999999999996 1999.0
108 6253.049316406246 1984.1389160156832
109 6425.180175781246 1985.734130859375
110 6439.668945312496 2011.374389648321
111 6443.657302074262 2015.4379423183273
112 6449.143066406246 2016.9630126953707
113 6456.951354007226 2013.8134017065167
114 6460.245117187496 2006.0648193359957
115 6460.560546874996 1972.0621337891207
116 6358.626953125011 1971.1173095703707
117 6362.695025481586 1945.6655567929847
118 6373.133404685646 1922.099030283338
119 6389.248626480145 1901.9833508601878
120 6409.970090718223 1886.6548854455468
121 6433.921185713163 1877.1319667394855
122 6459.510742187496 1874.0472412109957
123 6485.3599407093825 1877.6943971976289
124 6509.384397029262 1887.907541157736
125 6529.946885744528 1903.9906648857286
126 6545.646108594072 1924.8477311448078
127 6555.412190526065 1949.0573667205754
128 6558.579589843746 1974.9697265625
129 6558.337402343746 2000.971923828125
130 6554.691109393843 2026.8217871162924
131 6544.4784967130945 2050.8470535357483
132 6528.395564971408 2071.4103750301874
133 6507.538383472103 2087.110338858096
134 6483.328391835927 2096.876975396299
135 6457.415527343746 2100.044677734375
136 6404.075195312496 1815.0079345703125
137 6173.989257812496 2050.093994140625
138 6153.980957031246 2050.093994140625
139 6153.980957031246 1850.0230712891207
140 6178.995668816799 1843.3268485011067
141 6197.305791730763 1825.015250967932
142 6203.999999999996 1800.0
143 6404.075195312496 1799.9998779296875
144 6440.495605468746 1791.5125732421875
145 6419.999999999996 1796.9999999998836
146 6216.407714843746 1679.4560546875
147 6223.907714843746 1666.4656982421875
148 6545.046874999996 1580.4122314453707
149 6558.042480468746 1587.9151611328125
150 5033.0 1464.0889892578125
151 5018.0 1464.0889892578125
152 4782.90625 1229.0002441405086
153 4782.90576171875 1213.9952392578125
154 5018.0 1213.9949951171875
155 5033.0 1229.0
156 4954.0 1529.0
157 4739.9990234375 1529.0001220703125
158 4714.117138579048 1525.5927099649562
159 4689.999058676138 1515.6026827938622
160 4669.288388477187 1499.7108433474205
161 4653.396523749128 1479.0001925476827
162 4643.406467137007 1454.8821248396998
163 4639.9990234375 1429.0002441406832
164 4639.9990234375 1403.0002441406832
165 4643.406414480138 1377.1183158191852
166 4653.396442368918 1353.0001925476827
167 4669.288302160436 1332.2894871100434
168 4689.998988198808 1316.3976020369446
169 4714.11709927542 1306.4075447071227
170 4739.9990234375 1303.0001220703125
171 4765.558879481454 1306.3216972609516
172 4789.420725616168 1316.0659982506186
173 4809.999326096571 1331.585673021793
174 4825.9275640248015 1351.849688893184
175 4836.1472642715125 1375.5118280526367
176 4839.9794921875 1401.0001220703707
177 4737.9990234375 1401.0001220703707
178 4737.9990234375 1435.0001220703707
179 4741.220848844496 1442.7782966633094
180 4748.9990234375 1446.000122070196
181 4754.499073188297 1444.526423448464
182 4758.525390625 1440.5001220703125
183 4773.248046875 1415.000122070196
184 4945.0 1415.0
185 4960.0 1430.0
186 4960.0 1473.0
187 4954.0 1479.0
188 8829.999999999996 1321.9991455078125
189 8445.999999999996 1321.9994303385029
190 8061.999999999996 1321.9997151691932
191 7677.999999999996 1321.9999999998836
192 7677.999999999996 1306.9999999998836
193 7911.826660156246 1171.9998779296875
194 8253.882080078121 1171.9995727539645
195 8595.937499999996 1171.9992675781832
196 8829.764648437496 1306.9991455078125
197 8880.999999999996 1165.0000000001164
198 8865.999999999996 1165.0000000001164
199 8865.999999999996 780.0000000000582
200 8865.999999999996 395.0000000000582
201 8865.999999999996 10.0
202 8880.999999999996 9.999996185186319
203 9015.999999999996 243.8268280029879
204 9015.999999999996 587.5000228882418
205 9015.999999999996 931.1732177734957
206 9154.817382812496 2595.247314453125
207 9139.812499999996 2610.253173828125
208 8714.31949869791 2610.2533772786264
209 8288.826497395832 2610.253580729128
210 7863.333496093746 2610.2537841796293
211 7437.840494791661 2610.2539876300725
212 7012.347493489582 2610.254191080574
213 6586.854492187496 2610.2543945310754
214 6571.848144531246 2595.248535156308
215 6568.847167968746 2595.248535156308
216 6568.847005208332 2254.6348876953125
217 6568.846842447911 1914.0212402343168
218 6568.846679687496 1573.407592773321
219 6571.847656249996 1573.1595458984957
220 6586.650878906246 1555.690795898321
221 6613.644721216497 1551.2142504061921
222 6640.641469816077 1546.7552654023166
223 6667.641113281246 1542.3138427734957
224 6679.895847378615 1540.3055534864543
225 6692.151855468746 1538.305053710821
226 6696.175589008362 1544.8151237615384
227 6703.624023437496 1546.5736083984957
228 6723.374999999996 1543.3773193358793
229 6729.887290003422 1539.3597864964395
230 6731.652832031246 1531.9144287109957
231 6761.065956065275 1527.2087125870166
232 6790.486220221497 1522.5478450005176
233 6819.913556115793 1517.93183678505
234 6849.347895347633 1513.3606986700906
235 6878.789169500193 1508.8344412807492
236 6908.237310140536 1504.3530751377693
237 6937.692248819756 1499.9166106575867
238 6967.153917073159 1495.5250581522123
239 6996.6222464204075 1491.1784278294072
240 7026.097168365664 1486.8767297923914
241 7055.578614397793 1482.6199740399607
242 7085.066515990464 1478.408170466486
243 7114.560804602381 1474.2413288618554
244 7144.061411677354 1470.1194589113584
245 7173.568268644547 1466.0425701958593
246 7203.081306918579 1462.0106721916818
247 7232.600457899698 1458.0237742703757
248 7262.1256529739585 1454.0818856991827
249 7291.656823513356 1450.1850156405126
250 7321.193900875991 1446.333173152234
251 7350.736816406246 1442.5263671875
252 7377.425781249996 1660.8300781248836
253 7387.107852416146 1684.8459722604603
254 7407.504755970582 1700.7981507508084
255 7433.145996093746 1704.4082031248836
256 7458.962890624996 1701.251953125
257 7482.978831364122 1691.5708744740114
258 7498.931685151434 1671.1749153283308
259 7502.542968749996 1645.5341796875
260 7493.259079717598 1622.0538837771746
261 7473.685985388398 1606.1036840924062
262 7448.814941406246 1601.7509765625
263 7429.976074218746 1447.65234375
264 7442.999999999996 1431.0
265 7469.657808682565 1427.811964394059
266 7496.323405938845 1424.6897443911294
267 7522.996629276622 1421.6333590170834
268 7549.677316157173 1418.6428268966847
269 7576.365303996314 1415.7181662532967
270 7603.060430165377 1412.8593949089409
271 7629.762531992175 1410.0665302841808
272 7656.471446762032 1407.3395893978304
273 7683.187011718746 1404.678588867071
274 7712.003108253299 1401.9081325943116
275 7740.837681612593 1399.337096492818
276 7769.689351737241 1396.9656036157394
277 7798.556737749572 1394.7937674656278
278 7827.438458019733 1392.8216919893748
279 7856.333130231815 1391.049471573031
280 7885.239371450018 1389.4771910373238
281 7914.155798184827 1388.1049256335828
282 7943.081026459233 1386.932741040131
283 7972.013671874996 1385.960693359375
284 7998.970284163839 1385.3120867647813
285 8025.931892207078 1384.9230773458257
286 8052.895996093746 1384.793701171875
287 8214.463867187496 1384.7935791016207
288 8214.463867187496 1604.8765869141207
289 8221.159826063868 1629.8903517624713
290 8239.470348711937 1648.2001594490139
291 8264.484374999996 1654.8951416016207
292 8290.492187499996 1654.8951416016207
293 8315.505800977877 1648.199833682971
294 8333.815922471465 1629.8900696692872
295 8340.511718749996 1604.8765869141207
296 8334.145322778098 1580.4434537405032
297 8316.65220160389 1562.2363203599816
298 8292.493164062496 1554.8980712891207
299 8292.493164062496 1399.7994384766207
300 8307.499999999996 1384.7935791016207
301 8338.510742187496 1384.7935791016207
302 8341.4396736124 1391.8685539267026
303 8348.514648437496 1394.7974853516207
304 8368.521484375011 1394.7973632813082
305 8375.59709063904 1391.8687773925485
306 8378.526367187489 1384.7934570313082
307 8759.168945312489 1384.7938232422457
308 9139.811523437496 1384.7941894531832
309 9154.816406249996 1399.7979736328125
310 9154.816406249996 1734.923990885436
311 9154.816406249996 2070.0500081380596
312 9154.816406249996 2405.176025390683
313 11975.000976562496 2596.4697265625
314 11522.830078124996 2596.469970703183
315 11522.82975260416 2165.391700903594
316 11522.829427083332 1734.313431104063
317 11522.829101562496 1303.235161304532
318 11522.82877604166 872.1568915049429
319 11522.828450520832 441.0786217053537
320 11522.828124999996 10.000351905822754
321 11975.000000000011 10.0
322 11990.003906249996 25.00487136852462
323 11990.004231770832 450.5811265310622
324 11990.00455729166 876.1573816935997
325 11990.004882812496 1301.7336368561373
326 11990.005208333332 1727.3098920186167
327 11990.00553385416 2152.8861471811542
328 11990.005859374996 2578.462402343692
329 11975.000976562496 2593.4687500001164
330 11494.995117187496 2595.007324218808
331 11031.821289062496 2595.0076660156483
332 10568.647460937496 2595.0080078125466
333 10105.473632812496 2595.0083496093866
334 9642.299804687496 2595.008691406285
335 9179.125976562496 2595.009033203125
336 9179.125976562496 2592.008056640625
337 9164.121093749996 2577.001708984375
338 9164.12076822916 2151.5088087717304
339 9164.120442708325 1726.015908559144
340 9164.120117187489 1300.5230083464994
341 9164.11979166666 875.030108133913
342 9164.119466145825 449.5372079213266
343 9164.119140624989 24.044307708682027
344 9179.124023437489 9.039413452206645
345 9642.297851562489 9.039052581822034
346 10105.471679687489 9.038691711437423
347 10568.645507812496 9.038330841052812
348 11031.819335937496 9.0379699706682
349 11494.993164062496 9.03760910028359
350 11509.998046874996 24.042480468808208
351 11509.998372395832 449.5354003906832
352 11509.99869791666 875.0283203125582
353 11509.999023437489 1300.5212402344332
354 11509.999348958325 1726.01416015625
355 11509.999674479153 2151.507080078125
356 11509.999999999989 2577.0
357 11494.995117187496 2592.006347656308
358 8856.350585937496 1314.01171875
359 8840.842773437496 1314.01171875
360 8840.842773437496 1300.1499023438082
361 8839.452001039372 1271.1504971780232
362 8835.264588497663 1242.4213251739275
363 8828.319753245425 1214.231450907595
364 8818.682537503588 1186.8448881335207
365 8806.44319912457 1160.518127150077
366 8791.71636627764 1135.4977326261578
367 8774.639963892714 1112.0180343866232
368 8755.373921917166 1090.2989327838295
369 8734.098677483486 1070.5438392097712
370 8711.013485015766 1052.9377710353583
371 8686.334550101881 1037.6456188209122
372 8660.293004608673 1024.8106020247214
373 8633.132742004254 1014.5529276736197
374 8605.108133160848 1006.9686645579641
375 8576.481644030984 1002.1288434939925
376 8547.52137750875 1000.0787920812145
377 8518.498562498029 1000.837710184278
378 8489.685013703867 1004.3984901157091
379 8461.350585937496 1010.727783203125
380 8032.736523437499 1128.290429687535
381 7604.122460937495 1245.8530761719448
382 7175.508398437498 1363.4157226562966
383 6746.894335937493 1480.9783691407065
384 6318.280273437496 1598.5410156251164
385 6289.694356026997 1606.9479423763696
386 6261.441333207829 1616.413553459628
387 6233.560398592617 1626.9247178377118
388 6206.090229619822 1638.4668540440616
389 6179.068933898987 1651.0239504109486
390 6152.533996346483 1664.5785872812266
391 6126.522227185069 1679.111961173534
392 6101.069710879459 1694.6039108672994
393 6076.211756078617 1711.0329453708837
394 6051.982846634321 1728.3762737348443
395 6028.416593763945 1746.6098366683582
396 6005.545689423769 1765.7083399150288
397 5983.401860957489 1785.6452893420355
398 5962.0158270829015 1806.3930276938481
399 5941.417255277836 1827.922772959224
400 5921.6347206243045 1850.204658298695
401 5902.695666168136 1873.2077734770137
402 5884.626364849017 1896.9002077428158
403 5867.451883053687 1921.249094096478
404 5851.196045842949 1946.2206548842369
405 5835.881403900708 1971.7802486561122
406 5821.529202250833 1997.8924182212795
407 5808.159350785285 2024.520939836104
408 5795.790396644417 2051.6288734545233
409 5784.439498487674 2079.1786139730248
410 5774.122402690544 2107.131943397515
411 5764.85342150056 2135.4500838607782
412 5756.645413182854 2164.0937514167745
413 5749.50976418272 2193.023210536281
414 5743.456373329911 2222.198329229839
415 5738.493638106618 2251.5786347201793
416 5734.628442998215 2281.1233695873525
417 5731.866149942802 2310.791548309324
418 5730.210590892984 2340.542014117993
419 5729.664062499996 2370.333496093808
420 5729.664062499996 2595.995605468808
421 5310.504687499997 2595.9959472657065
422 4891.345312499998 2595.9962890625466
423 4472.1859374999985 2595.996630859445
424 4053.0265624999993 2595.996972656285
425 3633.8671875 2595.997314453183
426 3183.7587890625 2595.9976501465426
427 2733.650390625 2595.997985839902
428 2283.5419921875 2595.9983215332613
429 1833.43359375 2595.9986572266207
430 1383.3251953125 2595.998992919922
431 933.216796875 2595.9993286132812
432 483.1083984375 2595.9996643066406
433 33.0 2596.0
434 32.999996185299096 2592.9990234376164
435 30.07261612963339 2585.9251126016607
436 22.999990463260474 2582.994628906308
437 12.992177009578882 2582.994628906308
438 12.991844336189388 2155.751223246276
439 12.991511662799894 1728.5078175863018
440 12.991178989406762 1301.2644119263277
441 12.990846316017269 874.0210062662954
442 12.990513642627775 446.77760060626315
443 12.990180969238281 19.534194946289062
444 22.99799346923828 19.534187316778116
445 30.070440473689814 16.603868800855707
446 32.99798583984011 9.5302734375
447 495.61127471923464 9.529913187026978
448 958.2245635986292 9.529552936553955
449 1420.8378524780237 9.529192686080933
450 1883.4511413574182 9.528832435666118
451 2346.0644302368164 9.528472185193095
452 2808.677719116211 9.528111934720073
453 3271.2910079956055 9.52775168424705
454 3733.904296875 9.527391433774028
455 4195.034268465908 9.527032245357987
456 4656.164240056816 9.526673056883737
457 5117.294211647728 9.526313868467696
458 5578.424183238636 9.525954679993447
459 6039.554154829548 9.525595491577405
460 6500.684126420452 9.525236303103156
461 6961.814098011364 9.524877114687115
462 7422.944069602268 9.524517926212866
463 7884.07404119318 9.524158737796824
464 8345.204012784092 9.523799549322575
465 8806.333984374996 9.523440360906534
466 8813.029142623029 34.53577909147134
467 8831.337657868233 52.84535315132234
468 8856.349609374996 59.54195785528282
469 8856.349934895832 477.69854482018854
470 8856.35026041666 895.8551317850943
471 4624.2412109375 1400.047241210821
472 4626.268103293725 1428.5248454068205
473 4632.329104424272 1456.4237073668046
474 4642.300708970692 1483.175330422935
475 4655.979724990386 1508.2345952585456
476 4673.087414410165 1531.0908678349224
477 4693.27517288753 1551.278404609533
478 4716.131633340814 1568.3858430184773
479 4741.191048399196 1582.0645838340279
480 4767.942780962858 1592.0358945908956
481 4795.841709483688 1598.0965893330867
482 4824.3193359375 1600.1231689453125
483 5024.3974609375 1600.1230468751164
484 5052.875120359833 1598.0964625535416
485 5080.7740798335035 1592.0357538100216
486 5107.525839380614 1582.0644203324919
487 5132.585275634636 1568.385649012751
488 5155.44174987551 1551.2781735864119
489 5175.629513367596 1531.0905948466389
490 5192.737197969735 1508.2342771698604
491 5206.416198626339 1483.1749661014765
492 5216.387776928612 1456.4232978105429
493 5222.448740995871 1428.5243938040803
494 5224.4755859375 1400.0467529296875
495 5222.448582947651 1371.5692343166447
496 5216.387495336461 1343.6704704650328
497 5206.415829553949 1316.9189529566793
498 5192.736777687194 1291.8597959975014
499 5175.629077026289 1269.0036286552786
500 5155.44133024988 1248.8161897991668
501 5132.584901967479 1231.708837764163
502 5107.525536365363 1218.0301681249985
503 5080.7738667628255 1208.0589103831444
504 5052.875010465017 1201.9982483109925
505 5024.3974609375 1199.9716796875
506 4824.3193359375 1199.9718017578707
507 4795.841753441626 1201.9983750908286
508 4767.942866191152 1208.059051164426
509 4741.1911696053285 1218.0303316270001
510 4716.131782807712 1231.7090317702969
511 4693.275340737815 1248.8164208226954
512 4673.087588946721 1269.0039016438532
513 4655.979893103435 1291.8601140863611
514 4642.300856599675 1316.9193172782543
515 4632.329217061149 1343.6708800212946
516 4626.268166513022 1371.569685919385
517 4537.708984375 259.6205139160156
518 4543.936855556956 282.88469960336806
519 4560.967447872295 299.913135836483
520 4584.232421875 306.1380615234957
521 4607.494111010725 299.910519466619
522 4624.521496789275 282.8824075611774
523 4630.748046875 259.6204528809176
524 4624.521476429927 236.35852400097065
525 4607.494093380639 219.3304371672566
526 4584.232421875 213.1029052734957
527 4560.967430241111 219.32784112164518
528 4543.936835195673 236.35630242724437
529 4787.802734375 258.61935424787225
530 4794.030615737582 281.8835270345444
531 4811.061206687875 298.91195073141716
532 4834.326171875 305.1368713378906
533 4857.587861010743 298.9093292810139
534 4874.615246789297 281.8812173755141
535 4880.841796875 258.6192626951961
536 4874.615221340075 235.35734026535647
537 4857.587838973104 218.32925969961798
538 4834.326171875 212.1017303466797
539 4811.061175833322 218.3266687350697
540 4794.030580105358 235.35513630876085
GTSP_SET_SECTION
1 1 -1
2 2 3 4 5 6 7 8 9 -1
3 10 11 12 13 14 15 16 17 18 19 20 21 22 23 24 25 26 27 28 29 30 31 32 33 34 35 36 37 38 39 40 41 -1
4 42 43 44 45 46 47 48 49 50 51 52 53 54 55 56 57 58 59 60 61 62 63 64 65 66 67 68 69 70 71 72 73 74 -1
5 75 76 77 78 79 80 81 82 83 84 85 86 87 88 89 90 91 92 93 -1
6 94 95 96 97 98 99 100 101 102 -1
7 103 104 105 106 107 108 109 110 111 112 113 114 115 116 117 118 119 120 121 122 123 124 125 126 127 128 129 130 131 132 133 134 135 -1
8 136 137 138 139 140 141 142 143 -1
9 144 145 146 147 148 149 -1
10 150 151 152 153 154 155 -1
11 156 157 158 159 160 161 162 163 164 165 166 167 168 169 170 171 172 173 174 175 176 177 178 179 180 181 182 183 184 185 186 187 -1
12 188 189 190 191 192 193 194 195 196 -1
13 197 198 199 200 201 202 203 204 205 -1
14 206 207 208 209 210 211 212 213 214 215 216 217 218 219 220 221 222 223 224 225 226 227 228 229 230 231 232 233 234 235 236 237 238 239 240 241 242 243 244 245 246 247 248 249 250 251 252 253 254 255 256 257 258 259 260 261 262 263 264 265 266 267 268 269 270 271 272 273 274 275 276 277 278 279 280 281 282 283 284 285 286 287 288 289 290 291 292 293 294 295 296 297 298 299 300 301 302 303 304 305 306 307 308 309 310 311 312 -1
15 313 314 315 316 317 318 319 320 321 322 323 324 325 326 327 328 329 -1
16 330 331 332 333 334 335 336 337 338 339 340 341 342 343 344 345 346 347 348 349 350 351 352 353 354 355 356 357 -1
17 358 359 360 361 362 363 364 365 366 367 368 369 370 371 372 373 374 375 376 377 378 379 380 381 382 383 384 385 386 387 388 389 390 391 392 393 394 395 396 397 398 399 400 401 402 403 404 405 406 407 408 409 410 411 412 413 414 415 416 417 418 419 420 421 422 423 424 425 426 427 428 429 430 431 432 433 434 435 436 437 438 439 440 441 442 443 444 445 446 447 448 449 450 451 452 453 454 455 456 457 458 459 460 461 462 463 464 465 466 467 468 469 470 -1
18 471 472 473 474 475 476 477 478 479 480 481 482 483 484 485 486 487 488 489 490 491 492 493 494 495 496 497 498 499 500 501 502 503 504 505 506 507 508 509 510 511 512 513 514 515 516 -1
19 517 518 519 520 521 522 523 524 525 526 527 528 -1
20 529 530 531 532 533 534 535 536 537 538 539 540 -1
GTSP_SET_ORDERING
10 18 17 -1
11 18 17 -1
18 17 -1
19 17 -1
20 17 -1
EOF