NAME: Mc20v502
TYPE: PCGTSP 
COMMENT: 
DIMENSION: 503
GTSP_SETS: 21
EDGE_WEIGHT_TYPE: EUC_2D
NODE_COORD_SECTION
1 0.0 0.0
2 8241.999999999989 1524.9999999999995
3 8041.460937500004 1575.0000000000032
4 7569.080882352948 1575.0000000000032
5 7096.700827205885 1575.0000000000032
6 6624.320772058829 1575.0000000000032
7 6151.940716911766 1575.0000000000032
8 5679.56066176471 1575.0000000000032
9 5207.1806066176505 1575.0000000000032
10 4734.800551470591 1575.0000000000032
11 4262.420496323532 1575.0000000000032
12 3790.040441176472 1575.0000000000032
13 3317.6603860294126 1575.0000000000032
14 2845.280330882353 1575.0000000000032
15 2372.9002757352973 1575.0000000000032
16 1900.5202205882342 1575.0000000000032
17 1428.1401654411784 1575.0000000000032
18 955.7601102941189 1575.0000000000032
19 483.38005514705947 1575.0000000000032
20 11.0 1575.0000000000032
21 11.0 1275.0000000000014
22 494.58823529411893 1275.0000000000014
23 978.1764705882342 1275.0000000000014
24 1461.7647058823532 1275.0000000000014
25 1945.352941176472 1275.0000000000014
26 2428.941176470591 1275.0000000000014
27 2912.5294117647063 1275.0000000000014
28 3396.1176470588252 1275.0000000000014
29 3879.705882352944 1275.0000000000014
30 4363.2941176470595 1275.0000000000014
31 4846.882352941178 1275.0000000000014
32 5330.470588235297 1275.0000000000014
33 5814.058823529416 1275.0000000000014
34 6297.647058823535 1275.0000000000014
35 6781.235294117647 1275.0000000000014
36 7264.823529411766 1275.0000000000014
37 7748.411764705885 1275.0000000000014
38 8232.000000000004 1275.0000000000014
39 8234.928932188133 1282.071067811865
40 8241.999999999989 1285.0000000000032
41 8241.999999999989 1837.9999999999995
42 8041.460937500004 1888.0000000000014
43 7569.080882352948 1888.0000000000014
44 7096.700827205885 1888.0000000000014
45 6624.320772058829 1888.0000000000014
46 6151.940716911766 1888.0000000000014
47 5679.56066176471 1888.0000000000014
48 5207.1806066176505 1888.0000000000014
49 4734.800551470591 1888.0000000000014
50 4262.420496323532 1888.0000000000014
51 3790.040441176472 1888.0000000000014
52 3317.6603860294126 1888.0000000000014
53 2845.280330882353 1888.0000000000014
54 2372.9002757352973 1888.0000000000014
55 1900.5202205882342 1888.0000000000014
56 1428.1401654411784 1888.0000000000014
57 955.7601102941189 1888.0000000000014
58 483.38005514705947 1888.0000000000014
59 11.0 1888.0000000000014
60 11.0 1588.0000000000014
61 494.58823529411893 1588.0000000000014
62 978.1764705882342 1588.0000000000014
63 1461.7647058823532 1588.0000000000014
64 1945.352941176472 1588.0000000000014
65 2428.941176470591 1588.0000000000014
66 2912.5294117647063 1588.0000000000014
67 3396.1176470588252 1588.0000000000014
68 3879.705882352944 1588.0000000000014
69 4363.2941176470595 1588.0000000000014
70 4846.882352941178 1588.0000000000014
71 5330.470588235297 1588.0000000000014
72 5814.058823529416 1588.0000000000014
73 6297.647058823535 1588.0000000000014
74 6781.235294117647 1588.0000000000014
75 7264.823529411766 1588.0000000000014
76 7748.411764705885 1588.0000000000014
77 8232.000000000004 1588.0000000000014
78 8234.928932188133 1595.0710678118626
79 8241.999999999989 1597.9999999999995
80 8241.999999999989 2190.993652343753
81 8234.928932188133 2193.9225845318897
82 8232.000000000004 2200.9936523437495
83 7748.411764705885 2200.9940257352937
84 7264.823529411766 2200.994399126838
85 6781.235294117647 2200.994772518382
86 6297.647058823535 2200.9951459099266
87 5814.058823529416 2200.9955193014707
88 5330.470588235297 2200.995892693015
89 4846.882352941178 2200.996266084559
90 4363.2941176470595 2200.996639476103
91 3879.705882352944 2200.9970128676478
92 3396.1176470588252 2200.997386259192
93 2912.52941176471 2200.997759650736
94 2428.941176470591 2200.99813304228
95 1945.352941176472 2200.9985064338243
96 1461.7647058823532 2200.998879825369
97 978.1764705882342 2200.999253216913
98 494.58823529411893 2200.999626608457
99 11.0 2201.0000000000014
100 10.99976634979248 1900.9999999999995
101 483.3798352409831 1900.999633789062
102 955.75990413217 1900.9992675781245
103 1428.1399730233607 1900.998901367187
104 1900.5200419145476 1900.9985351562495
105 2372.900110805738 1900.998168945312
106 2845.280179696925 1900.9978027343745
107 3317.660248588116 1900.997436523437
108 3790.0403174793028 1900.9970703124995
109 4262.420386370493 1900.996704101562
110 4734.80045526168 1900.9963378906245
111 5207.180524152871 1900.995971679687
112 5679.5605930440615 1900.9956054687495
113 6151.9406619352485 1900.995239257812
114 6624.3207308264355 1900.9948730468745
115 7096.70079971763 1900.994506835937
116 7569.080868608817 1900.9941406249995
117 8041.460937500004 1900.993774414062
118 8241.999999999989 1950.9935302734389
119 12795.000000000011 2202.0000000000014
120 12375.000000000011 2202.0000000000014
121 11955.000000000011 2202.0000000000014
122 11535.000000000011 2202.0000000000014
123 11115.000000000011 2202.0000000000014
124 10695.000000000011 2202.0000000000014
125 10275.000000000011 2202.0000000000014
126 10275.000000000011 1901.9999999999995
127 10695.000000000011 1901.9999999999995
128 11115.000000000011 1901.9999999999995
129 11535.000000000011 1901.9999999999995
130 11955.000000000011 1901.9999999999995
131 12375.000000000011 1901.9999999999995
132 12795.000000000011 1901.9999999999995
133 13483.999999999989 1888.9975585937532
134 13030.714285714279 1888.9979073660743
135 12577.428571428562 1888.9982561383956
136 12124.142857142851 1888.9986049107167
137 11670.857142857141 1888.9989536830378
138 11217.571428571431 1888.9993024553592
139 10764.285714285714 1888.9996512276803
140 10311.000000000004 1889.0000000000014
141 10308.071067811874 1881.9289321881374
142 10301.000000000011 1879.0000000000032
143 10291.000000000011 1879.0000000000032
144 10291.000000000011 1588.9999999999995
145 10747.142857142866 1588.9996512276784
146 11203.285714285721 1588.999302455357
147 11659.428571428576 1588.998953683036
148 12115.571428571424 1588.998604910715
149 12571.714285714279 1588.9982561383938
150 13027.857142857134 1588.9979073660725
151 13483.999999999989 1588.9975585937514
152 13463.999999999989 1576.0000000000014
153 13007.857142857134 1576.0000000000014
154 12551.714285714279 1576.0000000000014
155 12095.571428571424 1576.0000000000014
156 11639.428571428569 1576.0000000000014
157 11183.285714285714 1576.0000000000014
158 10727.142857142859 1576.0000000000014
159 10271.000000000004 1576.0000000000014
160 10271.000000000004 1286.0000000000032
161 10281.000000000011 1286.0000000000032
162 10288.071067811874 1283.071067811868
163 10291.000000000011 1276.0000000000014
164 10744.285714285721 1276.0000000000014
165 11197.571428571431 1276.0000000000014
166 11650.857142857141 1276.0000000000014
167 12104.142857142859 1276.0000000000014
168 12557.428571428569 1276.0000000000014
169 13010.714285714279 1276.0000000000014
170 13463.999999999989 1276.0000000000014
171 10093.032226562504 2367.110595703128
172 9690.391601562496 2367.1107788085965
173 9287.750976562496 2367.110961914065
174 8885.110351562496 2367.111145019533
175 8482.469726562489 2367.1113281250014
176 8482.469726562489 2204.3173828125014
177 8508.107029688468 2189.7272862049786
178 8532.839328790902 2173.6507314839573
179 8556.580541398154 2156.143674206177
180 8579.248034583445 2137.2670488911203
181 8600.762912574446 2117.086556934218
182 8621.050291355456 2095.6724379286134
183 8640.03955930637 2073.0992251914167
184 8657.664622971297 2049.4454863453593
185 8673.864137101391 2024.793549858766
186 8688.581718171223 1999.2292184956484
187 8701.766140625496 1972.8414706732697
188 8713.371515173163 1945.7221507666318
189 8723.357448508246 1917.965649437797
190 8731.689183901504 1889.6685751026841
191 8738.33772217367 1860.9294176788178
192 8743.279922629055 1831.8482057843821
193 8746.498583598343 1802.5261585817216
194 8747.982502310184 1773.0653334770698
195 8747.72651388324 1743.568270902713
196 8745.731509302863 1714.1376374179486
197 8742.004432320009 1684.875868371049
198 8736.558255282984 1655.884811365972
199 8729.411933986328 1627.265371774756
200 8720.590341693864 1599.1171615294177
201 8710.124182565563 1571.538152415757
202 8698.049884789634 1544.624335075804
203 8684.409473791664 1518.469384905775
204 8669.250425962262 1493.1643360123974
205 8652.625503412204 1468.797264362428
206 8634.592570330246 1445.452981228181
207 8615.214391582853 1423.2127379960482
208 8594.55841425675 1402.1539433654489
209 8572.696532904676 1382.349893922517
210 8549.70483931145 1363.8695190262804
211 8525.663357651265 1346.7771408952763
212 8500.655765958032 1331.1322507296372
213 8474.769104878233 1316.9893016478668
214 8448.09347471991 1304.39751915901
215 8420.721721852384 1293.4007298298743
216 8392.749115548035 1284.0372087436451
217 8364.27301639105 1276.3395462808185
218 8335.392537407173 1270.3345346861374
219 8306.208199094031 1266.043074816337
220 8276.821579552565 1263.4801033932713
221 8247.334960937489 1262.6545410156245
222 7763.003681968232 1262.6547636144296
223 7278.672402998967 1262.654986213235
224 6794.34112402971 1262.65520881204
225 6310.009845060453 1262.6554314108453
226 5825.6785660911955 1262.6556540096503
227 5341.347287121935 1262.6558766084554
228 4857.016008152674 1262.6560992072605
229 4372.6847291834165 1262.6563218060658
230 3888.3534502141556 1262.6565444048708
231 3404.0221712448983 1262.6567670036761
232 2919.6908922756375 1262.6569896024812
233 2435.35961330638 1262.6572122012863
234 1951.0283343371193 1262.6574348000913
235 1466.697055367862 1262.6576573988966
236 982.3657763986012 1262.6578799977017
237 498.0344974293439 1262.658102596507
238 13.703218460083008 1262.658325195312
239 13.7056303024292 848.7753531138096
240 13.70804214477539 434.8923810323074
241 13.710453987121582 21.009408950804982
242 23.71045303343999 21.009403228759084
243 30.787607039746945 18.082196592073387
244 33.71826171875 11.006469726564092
245 530.69260951451 11.006238664901048
246 1027.66695731027 11.006007603238004
247 1524.6413051060263 11.00577654157496
248 2021.6156529017862 11.005545479911916
249 2518.590000697546 11.005314418248872
250 3015.564348493306 11.005083356585828
251 3512.538696289066 11.004852294922784
252 4009.513044084826 11.00462123325974
253 4506.487391880582 11.004390171596697
254 5003.461739676342 11.004159109933653
255 5500.436087472102 11.003928048270609
256 5997.410435267859 11.003696986607565
257 6494.384783063619 11.003465924944521
258 6991.359130859379 11.003234863281705
259 7488.333478655139 11.00300380161866
260 7985.307826450899 11.002772739955617
261 8482.282174246659 11.002541678292573
262 8979.256522042419 11.00231061662953
263 9476.230869838178 11.002079554966485
264 9973.205217633938 11.001848493303442
265 10470.179565429698 11.001617431640398
266 10967.153913225451 11.001386369977354
267 11464.128261021218 11.00115530831431
268 11961.102608816971 11.000924246651266
269 12458.076956612731 11.000693184988222
270 12955.051304408491 11.000462123325178
271 13452.025652204251 11.000231061662134
272 13949.000000000011 10.99999999999909
273 13951.92789753481 18.07295930809255
274 13958.999999999989 21.002925872802052
275 13969.006835937489 21.002920150757973
276 13969.007161458325 434.7058855692553
277 13969.007486979168 848.4088509877524
278 13969.007812500004 1262.1118164062495
279 13513.897583007816 1262.1120300292964
280 13058.787353515629 1262.1122436523433
281 12603.677124023441 1262.1124572753902
282 12148.566894531254 1262.112670898437
283 11693.456665039066 1262.112884521484
284 11238.346435546879 1262.1130981445308
285 10783.236206054691 1262.1133117675777
286 10328.125976562504 1262.1135253906245
287 10298.637562965963 1262.9382680670333
288 10269.249112309928 1265.5006312264663
289 10240.06292540755 1269.7916953162103
290 10211.18059899448 1275.796523198177
291 10182.702672071991 1283.4942121448867
292 10154.728275931997 1292.8579666015878
293 10127.354789082321 1303.8551914612356
294 10100.67749827341 1316.4476055276327
295 10074.789266806361 1330.591374771774
296 10049.780211277011 1346.2372649175295
297 10025.73738788124 1363.330812825517
298 10002.744489373468 1381.8125160785787
299 9980.881553733288 1401.6180401089198
300 9960.224685554309 1422.6784421458983
301 9940.84579112504 1444.9204112049108
302 9922.812328124044 1468.2665232819713
303 9906.18707080065 1492.6355108656605
304 9891.027891458612 1517.9425458282712
305 9877.387559003346 1544.099534711414
306 9865.313555254103 1571.015425378195
307 9854.84790966033 1598.5965239645184
308 9846.027052997739 1626.7468210262016
309 9838.881690553248 1655.3683257465996
310 9833.436695240252 1684.361407041357
311 9829.71102101637 1713.6251403729143
312 9827.717636904952 1743.0576590675028
313 9827.463481850067 1772.5565089117088
314 9828.949440562148 1802.0190047942533
315 9832.170340438304 1831.3425881515225
316 9837.114969568112 1860.4251839725903
317 9843.766115762115 1889.1655561209982
318 9852.100626467214 1917.4636597364263
319 9862.089489360438 1945.2209894895445
320 9873.697933340434 1972.3409224777795
321 9886.885549565213 1998.729054568377
322 9901.606432114833 2024.2935290179557
323 9917.809337789284 2048.9453562246317
324 9935.437864485397 2072.598723499663
325 9954.430647531834 2095.171293780294
326 9974.721573298706 2116.5844922440037
327 9996.240009338264 2136.7637798264313
328 10018.911050255523 2155.638912690889
329 10042.655778452954 2173.144186746239
330 10067.391538841632 2189.2186663619786
331 10093.032226562504 2203.8063964843745
332 12724.531250000011 1037.4815673828139
333 12747.1728220673 1028.1094838344322
334 12756.545898437504 1005.4683227539058
335 12747.172282184398 982.828148301493
336 12724.531250000011 973.4566040039058
337 12701.89461615909 982.8305883130312
338 12692.523437499989 1005.4683837890639
339 12701.894119519911 1028.107086909874
340 2808.765625 1037.4860839843764
341 2831.407785323492 1028.1143891304869
342 2840.78125 1005.4729614257827
343 2831.407288624898 982.8324414260516
344 2808.765625 973.4612426757809
345 2786.129012751444 982.8352054123244
346 2776.7578125 1005.4729614257827
347 2786.12851611352 1028.1116250835444
348 12218.343749999989 1107.5135498046907
349 12236.73672863471 1099.8979389851802
350 12244.351562500011 1081.5046386718764
351 12236.736815348853 1063.1102036144384
352 12218.342773437511 1055.4945068359389
353 12199.945531146612 1063.1085190903993
354 12192.329101562489 1081.5047607421907
355 12199.946394549912 1099.900400794837
356 11968.750976562504 1111.0136718750032
357 11993.512279215214 1104.3838648735943
358 12011.637344088278 1086.2576828905494
359 12018.265625000011 1061.495971679687
360 12011.637609003013 1036.7334366081395
361 11993.512085680628 1018.6066844579183
362 11968.750000000011 1011.9769897460951
363 11943.984576567953 1018.6040986540642
364 11925.85583854964 1036.7312503363014
365 11919.226562500004 1061.4960937500032
366 11925.856510150366 1086.2605742546853
367 11943.985581087876 1104.3871428062882
368 11668.632812500004 1163.532836914062
369 11697.63475641963 1159.7229325392004
370 11724.661071779974 1148.5333659476782
371 11747.868289554495 1130.7273791559078
372 11765.67344193612 1107.519521195079
373 11776.8620368089 1080.4928035394748
374 11780.670898437489 1051.4907226562514
375 11776.861955275363 1022.4885202000215
376 11765.673218247943 995.4617194449244
377 11747.867879630827 972.2538390579853
378 11724.66045513422 954.4479062388757
379 11697.633940861157 943.2584772287607
380 11668.631835937511 939.4487915039077
381 11639.629711351914 943.2584824800807
382 11612.603181480586 954.4479265648654
383 11589.395749056766 972.2538822007263
384 11571.590412908223 995.4617899144716
385 11560.40169025239 1022.4886184584037
386 11556.592773437504 1051.4908447265657
387 11560.40174543719 1080.4932163812246
388 11571.590595875732 1107.5201558149329
389 11589.39611579169 1130.728113282401
390 11612.603762865674 1148.5340377621555
391 11639.630507248632 1159.723359338879
392 11103.921875000004 1134.0213623046907
393 11132.520132977628 1129.49964012886
394 11158.319513176077 1116.3581671457323
395 11178.792297991156 1095.884491054085
396 11191.932647817976 1070.084538782441
397 11196.453125000004 1041.4860839843764
398 11191.932285599938 1012.8877352932192
399 11178.791637728547 987.0879889715522
400 11158.318643952462 966.6145900698941
401 11132.519157664243 953.4734316732284
402 11103.920898437489 948.952026367187
403 11075.320981027067 953.4717480119385
404 11049.519595039248 966.6122061750609
405 11029.04488627474 987.0858345940242
406 11015.903066686962 1012.8865271729375
407 11011.381835937489 1041.486206054687
408 11015.90288529493 1070.0863043699856
409 11029.04477105397 1095.8873963940375
410 11049.519752738986 1116.3612977305063
411 11075.321538168118 1129.501822058179
412 7468.539062499989 1151.5299072265639
413 7494.693401125329 1148.095240137238
414 7519.066324670141 1138.0052963900014
415 7539.995269630792 1121.948346811163
416 7556.05259848991 1101.0196928445644
417 7566.142983931601 1076.6469521578529
418 7569.578125000004 1050.4926757812514
419 7566.143155192225 1024.3382446259932
420 7556.052863167311 999.9653233097602
421 7539.995550353404 979.0364917171523
422 7519.06655386413 962.979393829069
423 7494.6935289286885 952.889352098137
424 7468.539062499989 949.4546508789058
425 7442.3845764091275 952.8893573487882
426 7418.011535875037 962.9794141541087
427 7397.082531458229 979.0365348590324
428 7381.025221112828 999.9653937787789
429 7370.934943459815 1024.338342884215
430 7367.499999999989 1050.492797851562
431 7370.935167416017 1076.6470504160518
432 7381.025567229426 1101.0197633136531
433 7397.082898557022 1121.9483899532352
434 7418.011835590256 1138.0053167153008
435 7442.384743536601 1148.0952453880966
436 6322.101562499989 1020.4761962890639
437 6335.544059934484 1014.9115718678105
438 6341.109375000004 1001.4693603515639
439 6335.544059934484 988.027148835316
440 6322.101562499989 982.462524414062
441 6308.659065065509 988.027148835322
442 6303.093750000004 1001.4693603515639
443 6308.659065065509 1014.9115718678045
444 5091.1328125 1085.5070800781245
445 5115.189207800315 1075.549577016392
446 5125.1484375 1051.4938964843782
447 5115.189056634692 1027.4384922077206
448 5091.1328125 1017.481140136722
449 5067.081619724275 1027.4412561272975
450 5057.125 1051.4938964843782
451 5067.081468576027 1075.546813079438
452 3300.953125 1138.0269775390657
453 3327.6985921008163 1133.8010301214972
454 3351.8271243195923 1121.5131265173677
455 3370.974389472023 1102.3673468466563
456 3383.264165049797 1078.239768056715
457 3387.4921875 1051.494628906255
458 3383.2642405521874 1024.7494167655946
459 3370.974497179832 1000.621753893198
460 3351.827223144246 981.4758978180921
461 3327.69865018153 969.1879413311381
462 3300.953125 964.9619750976558
463 3274.2094451053053 969.1898817112507
464 3250.0830083323854 981.4786838207098
465 3230.9376866924904 1000.6243430662965
466 3218.649310023109 1024.7509965324239
467 3214.421875 1051.4947509765657
468 3218.6494459198548 1078.2383740408031
469 3230.9378805568995 1102.3648761630648
470 3250.083186209755 1121.5103978833822
471 3274.2095496481343 1133.799104801673
472 959.5699462890625 247.1110229492199
473 982.1579063475583 242.62237339742205
474 1001.3067447852118 229.82839430990953
475 1014.0989514296416 210.67837176242097
476 1018.5855102539026 188.08999633788994
477 1014.0992085360012 165.50132563768807
478 1001.3070471000538 146.35098483385718
479 982.158075628613 133.55677369396426
480 959.5698852539135 129.06805419921807
481 936.9792813811328 133.55453573924729
482 917.8276504780406 146.3482425397624
483 905.033478272635 165.4995625340689
484 900.5464477539026 188.09005737304597
485 905.0337821230096 210.68024764597953
486 917.8280391457047 229.83122290952133
487 936.9795634614638 242.62465804987346
488 5937.959960937489 1037.484741210937
489 5960.59774442307 1028.110584623402
490 5969.968750000004 1005.4714965820363
491 5960.597204589631 982.8333951193174
492 5937.959960937489 973.4597778320327
493 5915.318928753102 982.8313221296238
494 5905.945312500004 1005.4714965820363
495 5915.318388870208 1028.112657662555
496 9899.959960937504 186.18058776855605
497 9922.602261407006 176.80972918720659
498 9931.976562500004 154.16885375976494
499 9922.602420673877 131.52768727346597
500 9899.959960937504 122.15666961669808
501 9877.318753294927 131.5283891722097
502 9867.945312500011 154.16888427734307
503 9877.318934151775 176.809048863538
GTSP_SET_SECTION
1 1 -1
2 2 3 4 5 6 7 8 9 10 11 12 13 14 15 16 17 18 19 20 21 22 23 24 25 26 27 28 29 30 31 32 33 34 35 36 37 38 39 40 -1
3 41 42 43 44 45 46 47 48 49 50 51 52 53 54 55 56 57 58 59 60 61 62 63 64 65 66 67 68 69 70 71 72 73 74 75 76 77 78 79 -1
4 80 81 82 83 84 85 86 87 88 89 90 91 92 93 94 95 96 97 98 99 100 101 102 103 104 105 106 107 108 109 110 111 112 113 114 115 116 117 118 -1
5 119 120 121 122 123 124 125 126 127 128 129 130 131 132 -1
6 133 134 135 136 137 138 139 140 141 142 143 144 145 146 147 148 149 150 151 -1
7 152 153 154 155 156 157 158 159 160 161 162 163 164 165 166 167 168 169 170 -1
8 171 172 173 174 175 176 177 178 179 180 181 182 183 184 185 186 187 188 189 190 191 192 193 194 195 196 197 198 199 200 201 202 203 204 205 206 207 208 209 210 211 212 213 214 215 216 217 218 219 220 221 222 223 224 225 226 227 228 229 230 231 232 233 234 235 236 237 238 239 240 241 242 243 244 245 246 247 248 249 250 251 252 253 254 255 256 257 258 259 260 261 262 263 264 265 266 267 268 269 270 271 272 273 274 275 276 277 278 279 280 281 282 283 284 285 286 287 288 289 290 291 292 293 294 295 296 297 298 299 300 301 302 303 304 305 306 307 308 309 310 311 312 313 314 315 316 317 318 319 320 321 322 323 324 325 326 327 328 329 330 331 -1
9 332 333 334 335 336 337 338 339 -1
10 340 341 342 343 344 345 346 347 -1
11 348 349 350 351 352 353 354 355 -1
12 356 357 358 359 360 361 362 363 364 365 366 367 -1
13 368 369 370 371 372 373 374 375 376 377 378 379 380 381 382 383 384 385 386 387 388 389 390 391 -1
14 392 393 394 395 396 397 398 399 400 401 402 403 404 405 406 407 408 409 410 411 -1
15 412 413 414 415 416 417 418 419 420 421 422 423 424 425 426 427 428 429 430 431 432 433 434 435 -1
16 436 437 438 439 440 441 442 443 -1
17 444 445 446 447 448 449 450 451 -1
18 452 453 454 455 456 457 458 459 460 461 462 463 464 465 466 467 468 469 470 471 -1
19 472 473 474 475 476 477 478 479 480 481 482 483 484 485 486 487 -1
20 488 489 490 491 492 493 494 495 -1
21 496 497 498 499 500 501 502 503 -1
GTSP_SET_ORDERING
9 8 -1
10 8 -1
11 8 -1
12 8 -1
13 8 -1
14 8 -1
15 8 -1
16 8 -1
17 8 -1
18 8 -1
19 8 -1
20 8 -1
21 8 -1
EOF