NAME: Mc21v490
TYPE: PCGTSP 
COMMENT: 
DIMENSION: 491
GTSP_SETS: 22
EDGE_WEIGHT_TYPE: EUC_2D
NODE_COORD_SECTION
1 0.0 0.0
2 7903.999999999996 1390.9999999997672
3 7853.999999999996 1390.9999999997672
4 7847.999999999996 1396.9999999998836
5 7813.999999999996 1396.9999999998836
6 7798.999999999996 1381.9999999998836
7 7798.999999999996 1260.3203124998836
8 7816.999999999996 1249.927734375
9 7819.928086021315 1246.9997341656126
10 7820.999999999996 1242.9999999998836
11 7818.65685424949 1237.3431457503466
12 7812.999999999996 1234.9999999998836
13 7786.999999999996 1234.9999999998836
14 7786.999999999996 1336.9804687498836
15 7761.511705982262 1333.1482408338925
16 7737.849566822802 1322.9285405871924
17 7717.585550951411 1307.0003026589984
18 7702.065876180266 1286.4217021785444
19 7692.321575190585 1262.5598560437793
20 7688.999999999996 1236.9999999998836
21 7692.407417371065 1211.118095489568
22 7702.3974596215085 1186.9999999997672
23 7718.289321881301 1166.2893218811369
24 7738.99999999996 1150.3974596213084
25 7763.1180954897245 1140.4074173708213
26 7788.999999999996 1136.9999999997672
27 7803.999999999996 1136.9999999997672
28 7829.881904510268 1140.4074173708213
29 7854.000000000033 1150.3974596213084
30 7874.710678118692 1166.2893218811369
31 7890.602540378484 1186.9999999997672
32 7900.592582628928 1211.118095489568
33 7903.999999999996 1236.9999999998836
34 7028.999999999996 739.9995117188664
35 7013.999999999996 754.9995727537898
36 6724.999999999996 754.9997863768367
37 6435.999999999996 754.9999999998836
38 6420.999999999996 739.9999999998836
39 6420.999999999996 650.0000000002328
40 6498.942382812496 604.9999389648438
41 6863.999999999996 604.9996948241023
42 6893.2635670094205 602.1174831636017
43 6921.402550097988 593.5816101025557
44 6947.335582530042 579.7201048794668
45 6970.066071125981 561.0656580540817
46 6988.720494828722 538.3351504819002
47 7002.581973671364 512.4021039492218
48 7011.1178181078685 484.2631121776067
49 7013.999999999996 454.9995422362117
50 7028.999999999996 454.9995422362117
51 6891.057617187496 591.9999999998836
52 6525.999999999996 592.0001831051195
53 6496.7364442147555 594.8823925331235
54 6468.5974710479095 603.4182590678101
55 6442.664446016173 617.279753975803
56 6419.933961242776 635.934187506442
57 6401.2795369612395 658.6646798703587
58 6387.418052605401 684.5977105423808
59 6378.882197520539 712.7366871824488
60 6375.999999999996 742.0002441405086
61 6360.999999999996 742.0002441405086
62 6360.999999999996 457.00024414039217
63 6375.999999999996 442.00021362293046
64 6664.999999999996 442.000106811407
65 6953.999999999996 441.9999999998836
66 6968.999999999996 457.0
67 6968.999999999996 547.0
68 7883.999999999996 1543.9999999998836
69 7689.999023437496 1544.0001220700797
70 7664.11713857904 1540.5927099647233
71 7639.9990586761305 1530.6026827936294
72 7619.288388477184 1514.7108433471294
73 7603.396523749125 1494.0001925474498
74 7593.406467137003 1469.8821248393506
75 7589.999023437496 1444.0002441403922
76 7589.999023437496 1422.0002441403922
77 7593.406414480163 1396.1183158189524
78 7603.396442368958 1372.0001925474498
79 7619.288302160483 1351.2894871098688
80 7639.998988198848 1335.3976020368282
81 7664.117099275445 1325.4075447070645
82 7689.999023437496 1322.0001220703125
83 7715.558879481458 1325.3216972608352
84 7739.420725616179 1335.0659982505022
85 7759.999326096589 1350.5856730217347
86 7775.927564024812 1370.8496888930677
87 7786.14726427152 1394.5118280525785
88 7789.979492187496 1420.0001220703125
89 7687.999023437496 1420.0001220703125
90 7687.999023437496 1451.000122070196
91 7690.927955625677 1458.071189882001
92 7697.999023437496 1461.0001220700797
93 7702.998967993026 1459.6603516613832
94 7706.659179687496 1456.000122070429
95 7719.938476562496 1433.000122070429
96 7874.999999999996 1432.9999999998836
97 7889.999999999996 1447.9999999998836
98 7889.999999999996 1487.9999999998836
99 7883.999999999996 1493.9999999997672
100 8096.999999999996 2451.0000000001164
101 7935.999999999996 2451.0000000001164
102 7920.999999999996 2436.0
103 7920.999999999996 2350.9999999998836
104 8071.999999999996 2350.9999999998836
105 8089.677669529654 2358.3223304700805
106 8096.999999999996 2375.999999999767
107 11150.000000000011 2228.9999999998836
108 10916.172851562496 2363.9999999998836
109 10455.948486328121 2363.9999999998836
110 9995.724121093746 2363.9999999998836
111 9535.499755859371 2363.9999999998836
112 9075.275390624996 2363.9999999998836
113 8615.051025390621 2363.9999999998836
114 8154.826660156246 2363.9999999998836
115 7920.999999999996 2228.9999999998836
116 7920.999999999996 2214.0
117 8382.285714285714 2214.0
118 8843.571428571431 2214.0
119 9304.857142857149 2214.0
120 9766.142857142859 2214.0
121 10227.428571428576 2214.0
122 10688.714285714294 2214.0
123 11150.000000000011 2214.0
124 11150.000000000011 2068.9999999998836
125 10916.172851562496 2203.9999999998836
126 10455.948567708332 2204.000203450443
127 9995.72428385416 2204.000406901003
128 9535.499999999996 2204.0006103515625
129 9075.275716145832 2204.0008138020057
130 8615.05143229166 2204.0010172525654
131 8154.827148437496 2204.001220703125
132 7920.999999999996 2069.001220702892
133 7920.999999999996 2054.0012207030086
134 8382.285714285714 2054.0010463168146
135 8843.571428571431 2054.000871930737
136 9304.857142857149 2054.000697544543
137 9766.142857142859 2054.000523158349
138 10227.428571428576 2054.000348772155
139 10688.714285714294 2054.0001743860776
140 11150.000000000011 2053.9999999998836
141 11335.999999999996 2284.0
142 11174.999999999996 2284.0
143 11159.999999999996 2269.0000000001164
144 11159.999999999996 2184.0
145 11310.999999999996 2184.0
146 11328.67766952961 2191.322330470197
147 11335.999999999996 2208.999999999767
148 11273.999999999996 1908.9999999997672
149 11040.172851562496 2043.9999999997672
150 10559.281819661457 2043.9999999997672
151 10078.39078776041 2043.9999999997672
152 9597.499755859371 2043.9999999997672
153 9116.608723958332 2043.9999999997672
154 8635.717692057286 2043.9999999997672
155 8154.826660156246 2043.9999999997672
156 7920.999999999996 1908.9999999997672
157 7920.999999999996 1893.9999999998836
158 8399.999999999996 1893.9999999998836
159 8878.999999999996 1893.9999999998836
160 9357.999999999996 1893.9999999998836
161 9836.999999999996 1893.9999999998836
162 10315.999999999996 1893.9999999998836
163 10794.999999999996 1893.9999999998836
164 11273.999999999996 1893.9999999998836
165 11273.999999999996 1748.9999999998836
166 11040.172851562496 1884.0000000001164
167 10559.281819661457 1884.0000000001164
168 10078.39078776041 1884.0000000001164
169 9597.499755859371 1884.0000000001164
170 9116.608723958332 1884.0000000001164
171 8635.717692057286 1884.0000000001164
172 8154.826660156246 1884.0000000001164
173 7920.999999999996 1748.9999999998836
174 7920.999999999996 1733.9999999998836
175 8399.999999999996 1733.9999999998836
176 8878.999999999996 1733.9999999998836
177 9357.999999999996 1733.9999999998836
178 9836.999999999996 1733.9999999998836
179 10315.999999999996 1733.9999999998836
180 10794.999999999996 1733.9999999998836
181 11273.999999999996 1733.9999999998836
182 11251.999999999996 1588.9999999997672
183 11018.172851562496 1724.000122070196
184 10537.28190104166 1724.0003051756648
185 10056.390950520832 1724.00048828125
186 9575.499999999996 1724.0006713867188
187 9094.60904947916 1724.0008544921875
188 8613.718098958332 1724.0010375977727
189 8132.827148437496 1724.0012207032414
190 7898.999999999996 1589.001342773321
191 7898.999999999996 1574.0013427734375
192 8377.999999999996 1574.001150948694
193 8856.999999999996 1574.000959123834
194 9335.999999999996 1574.0007672990905
195 9814.999999999996 1574.0005754742306
196 10293.999999999996 1574.000383649487
197 10772.999999999996 1574.000191824627
198 11251.999999999996 1573.9999999998836
199 11397.270507812496 1830.9680175782414
200 11305.778320312496 1883.791259765625
201 11296.536800681188 1886.927116515697
202 11286.798828124996 1886.285888671875
203 11248.999999999996 1876.1577148438664
204 11215.999999999996 1818.9999999998836
205 11221.490234374996 1798.509643554571
206 11360.920898437496 1718.009033203125
207 11406.420898437496 1796.8173828123836
208 11408.918513176304 1815.787803323823
209 11820.999999999996 1588.9999999997672
210 11587.172851562496 1724.000122070196
211 11396.999999999996 1724.000122070196
212 11261.999999999996 1589.0002441405086
213 11261.999999999996 1574.000244140625
214 11541.499999999996 1574.0001220703125
215 11820.999999999996 1573.9999999998836
216 11809.999999999996 2443.9992675782414
217 11319.999999999989 2443.999633789179
218 10829.999999999989 2444.0000000001164
219 10829.999999999989 2428.999999999767
220 11063.827148437496 2293.999755859375
221 11319.999999999996 2293.9996337890625
222 11576.172851562496 2293.99951171875
223 11809.999999999996 2428.9992675782414
224 11873.999999999996 2383.0
225 11866.677669529661 2400.6776695296867
226 11848.999999999996 2408.0000000001164
227 11799.351562499996 2408.0000000001164
228 11789.787601953522 2406.0959097386803
229 11781.679687499996 2400.6777343748836
230 11753.999999999996 2373.0000000001164
231 11753.999999999996 2322.9999999998836
232 11768.999999999996 2307.9999999998836
233 11873.999999999996 2307.9999999998836
234 11937.999999999996 2595.999999999767
235 11922.999999999996 2611.000000000233
236 11425.249999999996 2611.0001831057016
237 10927.499999999996 2611.000366211054
238 10429.749999999996 2611.0005493165227
239 9931.999999999996 2611.000732421875
240 9434.249999999996 2611.0009155273438
241 8936.499999999996 2611.0010986328125
242 8438.749999999996 2611.001281738165
243 7940.999999999996 2611.0014648436336
244 7938.071067811859 2603.9303970317123
245 7930.999999999996 2601.0014648436336
246 7923.999999999996 2601.0014648436336
247 7923.999999999996 2461.00146484375
248 8405.124999999996 2461.0012817382812
249 8886.249999999996 2461.0010986328125
250 9367.374999999996 2461.0009155273438
251 9848.499999999996 2461.000732421875
252 10329.624999999996 2461.0005493164062
253 10810.749999999996 2461.0003662109375
254 11291.874999999996 2461.0001831054688
255 11772.999999999996 2461.0
256 11802.263548302395 2458.1177920604823
257 11830.402514854726 2449.581929876702
258 11856.33553495289 2435.7204418454785
259 11879.066017177927 2417.06601717812
260 11897.720441845337 2394.3355349530466
261 11911.581929876655 2368.4025148549117
262 11920.117792060457 2340.2635483025806
263 11922.999999999996 2311.000000000233
264 11937.999999999996 2311.000000000233
265 11906.956054687496 2287.784423828125
266 11742.315429687496 2299.5598144532414
267 11730.342816803477 2277.654444999527
268 11711.843902249337 2260.892021830776
269 11688.868164062496 2251.1296386717586
270 11220.525390624996 2139.095947265625
271 11158.001953124996 2030.8020019528922
272 11174.320387018768 2009.542607216863
273 11170.816406249996 1982.9724121092586
274 11509.408203124996 1787.486206054571
275 11847.999999999996 1591.9999999998836
276 11868.115067654933 1611.3061040375615
277 11895.441406249996 1616.8389892580453
278 11895.962187085988 1623.3700625108322
279 11896.478515624996 1629.9014892578125
280 11898.743736824745 1658.6080274062697
281 11900.979594170687 1687.3168675340712
282 11903.186085323603 1716.0279796048999
283 11905.36320797497 1744.7413335802266
284 11907.510959847004 1773.4568994190777
285 11909.629338692674 1802.1746470783837
286 11911.718342295633 1830.894546512398
287 11913.777968470295 1859.6165676733945
288 11915.80821506181 1888.340680511319
289 11917.809079946059 1917.0668549741386
290 11919.780561029667 1945.7950610074913
291 11921.722656249996 1974.5252685546875
292 11923.53746531683 2002.1057452702662
293 11925.347269228372 2029.6865508713527
294 11927.152067925028 2057.267684449791
295 11928.951861347337 2084.8491450971924
296 11930.746649436045 2112.430931905168
297 11932.536432132041 2140.0130439655622
298 11934.321209376361 2167.595480369753
299 11936.100981110274 2195.178240209585
300 11937.875747275135 2222.761322576669
301 11939.645507812496 2250.3447265625
302 11915.501226461984 2262.2546061180765
303 11938.000976562496 1548.5859374997672
304 11922.991210937496 1563.5937499998836
305 11510.337646484371 1563.5939331053523
306 11097.684082031246 1563.594116210821
307 10685.030517578121 1563.5942993162898
308 10272.376953124996 1563.5944824217586
309 9806.202050781245 1563.5947021483444
310 9340.027148437493 1563.5949218749302
311 8873.85224609375 1563.5951416013995
312 8407.677343749998 1563.5953613279853
313 7941.502441406246 1563.595581054571
314 7938.572128285046 1556.5231318164151
315 7931.498535156246 1553.5955810546875
316 7924.495605468746 1553.5955810546875
317 7924.495483398434 1169.9491052627563
318 7924.495361328121 786.3026294708252
319 7924.495239257809 402.6561536787776
320 7924.495117187496 19.009677886846475
321 7931.498046874996 19.009675979381427
322 7938.57164202724 16.082123194937594
323 7941.501953124996 9.009670257451944
324 8407.676757812496 9.009453582693823
325 8873.851562499996 9.009236907935701
326 9340.026367187496 9.00902023317758
327 9806.201171874996 9.008803558419459
328 10272.375976562496 9.008586883661337
329 10685.030761718746 9.00839495670516
330 11097.685546874996 9.008203029632568
331 11510.340332031246 9.008011102676392
332 11922.995117187496 9.007819175720215
333 11937.999999999996 23.999999999883585
334 11938.000244140621 405.1464843748836
335 11938.000488281246 786.2929687497672
336 11938.000732421871 1167.4394531247672
337 11897.985351562496 1036.390625
338 11880.29584109467 1043.715024232748
339 11872.975585937496 1061.40625
340 11872.976562499996 1111.4218749997672
341 11880.299582053794 1129.1080492150504
342 11897.986328124996 1136.4296874998836
343 11915.673074196198 1129.1080492150504
344 11922.996093749996 1111.4218749997672
345 11922.995117187496 1061.40625
346 11915.674862030322 1043.715024232748
347 7907.666015624996 2595.965820312267
348 7414.009769439694 2595.9662017819937
349 6920.353523254391 2595.9665832517203
350 6426.697277069088 2595.966964721447
351 5933.041030883785 2595.9673461911734
352 5439.384784698486 2595.9677276609
353 4945.728538513184 2595.9681091306265
354 4452.072292327881 2595.968490600353
355 3958.416046142578 2595.9688720700797
356 3464.7597999572754 2595.9692535398062
357 2971.1035537719727 2595.969635009533
358 2477.4473075866736 2595.9700164792594
359 1983.7910614013708 2595.970397948986
360 1490.134815216068 2595.9707794187125
361 996.4785690307654 2595.971160888439
362 502.8223228454626 2595.9715423581656
363 9.166076660159888 2595.971923827892
364 9.165740966800513 2164.9769611356314
365 9.165405273441138 1733.981998443487
366 9.165069580081763 1302.9870357513428
367 9.16473388671875 871.992073059082
368 9.164398193359375 440.9971103668213
369 9.1640625 10.002147674676962
370 468.8033854166679 10.001789728878066
371 928.4427083333321 10.00143178307917
372 1388.08203125 10.001073837280273
373 1847.7213541666679 10.000715891481377
374 2307.360677083332 10.000357945682481
375 2767.0 9.999999999883585
376 2774.3675452808347 31.274599014082924
377 2788.6466065678505 48.68142800265923
378 2808.0701176525 60.0663524128031
379 2830.234375 64.0204620360164
380 2852.3986510768154 60.066339781624265
381 2871.8221716248845 48.681390667450614
382 2886.1012275275352 31.27453054441139
383 2893.46875 9.999901771428995
384 3372.04296875 9.99952888477128
385 3850.6171875 9.999155998113565
386 3857.31364655001 35.01375144557096
387 3875.6253710175515 53.32367488159798
388 3900.640625 60.01767349243164
389 3925.6525990949376 53.32105576666072
390 3943.9611178368323 35.0114495838061
391 3950.65625 9.99907779681962
392 4445.2822265625 9.998692631605081
393 4939.908203125 9.998307466506958
394 5434.5341796875 9.99792230129242
395 5929.160156249996 9.99753713607788
396 6423.786132812496 9.997151970863342
397 6918.412109374996 9.996766805765219
398 7413.038085937496 9.99638164055068
399 7907.664062499996 9.995996475336142
400 7907.664388020832 381.80197779345326
401 7907.664713541661 753.6079591115704
402 7907.665039062496 1125.4139404296875
403 7807.625976562496 1125.4140625001164
404 7779.620345988511 1126.9761945673963
405 7751.965974101895 1131.6656845181715
406 7725.010976613976 1139.4235006328672
407 7699.094665448505 1150.1519868269097
408 7674.5432774527035 1163.7160919548478
409 7651.665867698644 1179.9450698458822
410 7630.7504190703 1198.6346286720363
411 7612.0602171091705 1219.5495025921846
412 7595.8305357523095 1242.4264132991666
413 7582.265675682942 1266.9773841911228
414 7571.536392575119 1292.893365446711
415 7563.777747606033 1319.8481243712595
416 7559.087407293777 1347.502352044452
417 7557.524414062496 1375.5079345700797
418 7559.087436568505 1403.5135329078184
419 7563.777809672352 1431.1677726869239
420 7571.536490463786 1458.1225394265493
421 7582.265811852474 1484.0385236862348
422 7595.830712011597 1508.5894923286978
423 7612.060434550356 1531.4663951769471
424 7630.750678013395 1552.3812553702155
425 7651.666167649 1571.0707944473252
426 7674.543617072468 1587.2997465233784
427 7699.095042542776 1600.8638198417611
428 7725.0113881322795 1611.592268420034
429 7751.96641615521 1619.3500414184527
430 7779.620813882026 1624.0394831738668
431 7807.626464843746 1625.6015625001164
432 7907.665527343746 1625.601440429571
433 7907.665771484371 2110.783630370861
434 6301.547363281246 603.2199096679688
435 6303.110326279053 631.224913832848
436 6307.800507596989 658.8785810546251
437 6315.558869250421 685.8328188672895
438 6326.287752320601 711.7483389213448
439 6339.852106243172 736.2989277996821
440 6356.081188766522 759.1755532512907
441 6374.770715181843 780.0902541570831
442 6395.685429771107 798.7797652598238
443 6418.5620671048855 815.0088310340652
444 6443.112665914272 828.5731669819215
445 6469.028193823473 839.302031078143
446 6495.982437316397 847.0603729970753
447 6523.636107972063 851.7505340684438
448 6551.641113281246 853.3134765625
449 6851.758300781246 853.3132324217586
450 6879.763332095437 851.7502870217431
451 6907.417027775973 847.060117254965
452 6934.371294350163 839.3017610708484
453 6960.286842474397 828.5728775011376
454 6984.83745777042 815.0085173679981
455 7007.714107079188 798.7794233195018
456 7028.628828444609 780.0898805899778
457 7047.318355861495 759.1751455410849
458 7063.547433160962 736.2984843502054
459 7077.111775319358 711.7478591231629
460 7087.840639915095 685.8323031438049
461 7095.598976364763 658.8780308893183
462 7100.289125884938 631.2243317748653
463 7101.852050781246 603.2192993164062
464 7100.289189387589 575.214219701942
465 7095.599092863838 547.560467433068
466 7087.840798420566 520.6061377755832
467 7077.111964615662 494.69052192068193
468 7063.547642064263 470.1398361121537
469 7047.318573471308 447.2631153559778
470 7028.6290443851285 426.3483234017622
471 7007.714311726089 407.65872796077747
472 6984.8376424589405 391.4295867884066
473 6960.286999685119 377.8651863466948
474 6934.371417869053 367.1362703210907
475 6907.417112825988 359.3778903615894
476 6879.763375437218 354.6877061026171
477 6851.758300781246 353.12475585914217
478 6551.641113281246 353.1249694824219
479 6523.636010453087 354.68792287411634
480 6495.982245953925 359.3781165529508
481 6469.027915906034 367.13651196623687
482 6443.112312190238 377.86544908815995
483 6418.561651555803 391.42987573042046
484 6395.68496931568 407.6590475332923
485 6374.77022931576 426.34867723681964
486 6356.080699144539 447.26350617944263
487 6339.851636210824 470.1402656530263
488 6326.287326403999 494.6909908396192
489 6315.558512613166 520.6066456135595
490 6307.800245474111 547.5610125828534
491 6303.110183398097 575.2147994021652
GTSP_SET_SECTION
1 1 -1
2 2 3 4 5 6 7 8 9 10 11 12 13 14 15 16 17 18 19 20 21 22 23 24 25 26 27 28 29 30 31 32 33 -1
3 34 35 36 37 38 39 40 41 42 43 44 45 46 47 48 49 50 -1
4 51 52 53 54 55 56 57 58 59 60 61 62 63 64 65 66 67 -1
5 68 69 70 71 72 73 74 75 76 77 78 79 80 81 82 83 84 85 86 87 88 89 90 91 92 93 94 95 96 97 98 99 -1
6 100 101 102 103 104 105 106 -1
7 107 108 109 110 111 112 113 114 115 116 117 118 119 120 121 122 123 -1
8 124 125 126 127 128 129 130 131 132 133 134 135 136 137 138 139 140 -1
9 141 142 143 144 145 146 147 -1
10 148 149 150 151 152 153 154 155 156 157 158 159 160 161 162 163 164 -1
11 165 166 167 168 169 170 171 172 173 174 175 176 177 178 179 180 181 -1
12 182 183 184 185 186 187 188 189 190 191 192 193 194 195 196 197 198 -1
13 199 200 201 202 203 204 205 206 207 208 -1
14 209 210 211 212 213 214 215 -1
15 216 217 218 219 220 221 222 223 -1
16 224 225 226 227 228 229 230 231 232 233 -1
17 234 235 236 237 238 239 240 241 242 243 244 245 246 247 248 249 250 251 252 253 254 255 256 257 258 259 260 261 262 263 264 -1
18 265 266 267 268 269 270 271 272 273 274 275 276 277 278 279 280 281 282 283 284 285 286 287 288 289 290 291 292 293 294 295 296 297 298 299 300 301 302 -1
19 303 304 305 306 307 308 309 310 311 312 313 314 315 316 317 318 319 320 321 322 323 324 325 326 327 328 329 330 331 332 333 334 335 336 -1
20 337 338 339 340 341 342 343 344 345 346 -1
21 347 348 349 350 351 352 353 354 355 356 357 358 359 360 361 362 363 364 365 366 367 368 369 370 371 372 373 374 375 376 377 378 379 380 381 382 383 384 385 386 387 388 389 390 391 392 393 394 395 396 397 398 399 400 401 402 403 404 405 406 407 408 409 410 411 412 413 414 415 416 417 418 419 420 421 422 423 424 425 426 427 428 429 430 431 432 433 -1
22 434 435 436 437 438 439 440 441 442 443 444 445 446 447 448 449 450 451 452 453 454 455 456 457 458 459 460 461 462 463 464 465 466 467 468 469 470 471 472 473 474 475 476 477 478 479 480 481 482 483 484 485 486 487 488 489 490 491 -1
GTSP_SET_ORDERING
3 22 21 -1
4 22 21 -1
20 19 -1
22 21 -1
EOF