NAME: Mc22v536
TYPE: PCGTSP 
COMMENT: 
DIMENSION: 537
GTSP_SETS: 23
EDGE_WEIGHT_TYPE: EUC_2D
NODE_COORD_SECTION
1 0.0 0.0
2 1339.16943359375 523.7896118164062
3 1324.0 509.0000000000582
4 1323.5098876953198 465.98358154308517
5 1329.4401855468786 459.91445922857383
6 1328.8591308593786 409.90383911138633
7 1543.3726806640698 406.91616821300704
8 1569.3406414600759 409.974102598615
9 1593.628198394701 419.6591699064593
10 1614.5748453228516 435.3092156915809
11 1630.748489422811 455.85426831105724
12 1641.0433613704517 479.88969138183165
13 1644.7556152343786 505.772216796875
14 1645.0520019531286 531.9185791016789
15 1641.9488868610715 557.7956371784676
16 1632.26447318172 581.9919920624816
17 1616.6565761262136 602.8641028203419
18 1596.1853643776594 618.9942282857955
19 1572.2413479787465 629.2867273347802
20 1546.4509277343786 633.0424804688082
21 1520.8264878101982 630.071957402688
22 1496.8144959082274 620.645389967307
23 1476.01279624163 605.3900558282039
24 1459.8056086440483 585.32109972951
25 1449.2714176085683 561.7739821152063
26 1445.1112060546911 536.3156127930852
27 1547.0621337890698 534.8958740234957
28 1546.6763916015589 500.8859558106633
29 1543.356862471428 493.1614063185989
30 1535.5510253906286 490.0378112793551
31 1530.0640699226424 491.5838336892775
32 1526.0877685546911 495.6686706542969
33 1511.646972656261 521.3872680664645
34 1166.0494384765698 675.8610839844914
35 1151.0 661.0000000000582
36 1151.0242516597136 639.4945075372816
37 1151.1617431640698 617.9894409180852
38 1157.4207763671911 612.2712402344914
39 1159.7308349609411 561.9081420899602
40 1370.4156494140698 559.9551391602727
41 1396.3284998989475 563.1228706626571
42 1420.5384714777465 572.8895292149391
43 1441.3956295467033 588.589506934979
44 1457.4785372105944 609.1528341024532
45 1467.6911276773862 633.1780987021048
46 1471.33740234375 659.0279541016789
47 1471.5794677734411 685.0300292969914
48 1468.4121188637255 710.9423857996007
49 1458.646088789188 735.152032125392
50 1442.9469152317433 756.0091236831504
51 1422.3844691110426 772.0922865614411
52 1398.3600447730096 782.3054816472577
53 1372.5108642578198 785.9526977539062
54 1346.9212746077246 782.8679954997497
55 1322.9701444856255 773.3450835326803
56 1302.2486492254138 758.0166093542939
57 1286.13340579551 737.90090862941
58 1275.6950182849287 714.334352821752
59 1271.626953125011 688.8825683594914
60 1373.5603027343786 687.9377441406832
61 1373.2449951171911 653.934997558652
62 1369.951275096184 646.1864586816519
63 1362.14306640625 643.0368041991605
64 1356.657371372963 644.5619049384259
65 1352.6690673828198 648.625427246152
66 1338.1800537109411 674.2657470703707
67 3950.0859375 1231.0000000000582
68 3768.015625000011 1231.0000000000582
69 3763.6211920998685 1220.3874781225459
70 3753.0078125 1215.9951171875582
71 3742.394432900139 1220.3874781225459
72 3738.0 1231.0000000000582
73 3274.76171875 1231.0000000000582
74 2811.5234375000036 1231.0000000000582
75 2348.2851562500036 1231.0000000000582
76 1885.0468750000073 1231.0000000000582
77 1421.8085937500073 1231.0000000000582
78 958.5703125000073 1231.0000000000582
79 495.3320312500109 1231.0000000000582
80 32.093750000010914 1231.0000000000582
81 29.16585381441837 1223.9270382257528
82 22.09375 1220.9970703125582
83 12.085937500010914 1220.9970703125582
84 12.085937500010914 820.5130208333721
85 12.085937500010914 420.02897135418607
86 12.085937500010914 19.544921875
87 22.09375 19.544921875
88 29.16585381441473 16.614953961863648
89 32.093750000010914 9.541992187558208
90 495.3320312500109 9.541992187558208
91 958.5703125000073 9.541992187558208
92 1421.8085937500073 9.541992187558208
93 1885.0468750000073 9.541992187558208
94 2348.2851562500036 9.541992187558208
95 2811.5234375000036 9.541992187558208
96 3274.76171875 9.541992187558208
97 3738.0 9.541992187558208
98 3742.394432900139 20.154514065070543
99 3753.0078125 24.546875000058208
100 3763.6211920998685 20.154514065070543
101 3768.015625000011 9.541992187558208
102 3950.0859375 9.541992187558208
103 3950.0859375 416.69466145837214
104 3950.0859375 823.8473307292443
105 1129.515625 595.7617187500582
106 1131.5426381358775 624.238448460761
107 1137.6035135166749 652.1364538892522
108 1147.5747558188232 678.8872902167495
109 1161.2531927747696 703.9458871390088
110 1178.3601149751084 726.8016551221954
111 1198.5469548021792 746.9888890849543
112 1221.4023887821204 764.0962575225276
113 1246.4607186391258 777.7751837247633
114 1273.2113602810605 787.7469483136083
115 1301.1092473705212 793.8083683793666
116 1329.5859375 795.8359375000582
117 1529.6640625 795.8359375000582
118 1558.1415351015858 793.8093798657064
119 1586.0403191767655 787.7487504638848
120 1612.7919258185539 777.7775457371608
121 1637.8512419647195 764.0989472743822
122 1660.7076380764593 746.9916816131445
123 1680.895373152005 726.8043406753568
124 1698.003085053977 703.9482785670552
125 1711.6821727675888 678.8892294840771
126 1721.653899785826 652.1378175233258
127 1727.7150738771634 624.2391517800861
128 1729.742187500011 595.7617187500582
129 1727.7152003149276 567.2841879108455
130 1721.6541250580776 539.3854100437602
131 1711.682468023555 512.6338774571777
132 1698.0034212777937 487.5747050871141
133 1680.8957222227618 464.71852271148236
134 1660.7079737747918 444.53106986696366
135 1637.8515408965613 427.42370549286716
136 1612.7921682292836 413.7450256856391
137 1586.0404896323234 403.7737603702117
138 1558.1416230169634 397.7130936309113
139 1529.6640625 395.6865234375582
140 1329.5859375 395.6865234375582
141 1301.1091594555946 397.7141051204526
142 1273.2111898271105 403.7755625259597
143 1246.460476231554 413.7473877049051
144 1221.4020898550698 427.42639525217237
145 1198.5466191100604 444.5338624023716
146 1178.3597659115221 464.7212082708138
147 1161.2528565583998 487.57709651993355
148 1147.5744605697582 512.6358167276485
149 1137.603288249884 539.3867736794637
150 1131.5425117012383 567.2848912306363
151 2211.421875000011 350.6699218750582
152 2214.857042416039 376.82417443953454
153 2224.947442229437 401.196887337137
154 2241.0047735570333 422.1255139767309
155 2261.933710590263 438.182440738834
156 2286.3066185366115 448.27236941159936
157 2312.4609375 451.7070312500582
158 2338.615256463392 448.27236941159936
159 2362.988164409744 438.182440738834
160 2383.917101442974 422.1255139767309
161 2399.974432770574 401.196887337137
162 2410.0648325839757 376.82417443953454
163 2413.5 350.6699218750582
164 2410.0650433661976 324.5154788137297
165 2399.974758527227 300.1425436029094
166 2383.917446947573 279.2136983467499
167 2362.988446494539 263.1565890502534
168 2338.615413759777 253.06653978209943
169 2312.4609375 249.6318359375582
170 2286.306461240227 253.06653978209943
171 2261.9334285054683 263.1565890502534
172 2241.0044280524344 279.2136983467499
173 2224.947116472784 300.1425436029094
174 2214.8568316338133 324.5154788137297
175 2790.640625000011 350.6699218750582
176 2794.8681959198584 377.41354493930703
177 2807.1566305568995 401.5400470615714
178 2826.301936209751 420.68556878191885
179 2850.4282996481343 432.9742757001659
180 2877.171875 437.2021484375582
181 2903.9173188686 432.97620854643174
182 2928.0458347898566 420.6883260954055
183 2947.193096389041 401.5425769864232
184 2959.482884848938 377.41503182944143
185 2963.7109375 350.6699218750582
186 2959.483126457395 323.9245783520746
187 2947.1934410551803 299.79676413093694
188 2928.046151029772 280.6507705276017
189 2903.917504727433 268.3627188515966
190 2877.171875 264.1367187500582
191 2850.4281137936705 268.3646517113084
192 2826.301619982307 280.65352785831783
193 2807.156285907924 299.7992940682452
194 2794.8679543248545 323.9260652465746
195 3400.78125 2726.537109375058
196 2916.8113839285725 2726.537109375058
197 2432.841517857145 2726.537109375058
198 1948.8716517857174 2726.537109375058
199 1464.9017857142935 2726.537109375058
200 980.931919642866 2726.537109375058
201 496.96205357143845 2726.537109375058
202 12.992187500010914 2726.537109375058
203 12.992187500010914 2235.693196614622
204 12.992187500010914 1744.8492838542443
205 12.992187500010914 1254.0053710938082
206 23.000000000010914 1254.0053710938082
207 30.07262196692318 1251.0748853749828
208 33.000000000010914 1244.0009765625582
209 33.000000000010914 1241.0000000000582
210 514.111607142866 1241.0000000000582
211 995.223214285721 1241.0000000000582
212 1476.334821428576 1241.0000000000582
213 1957.4464285714348 1241.0000000000582
214 2438.55803571429 1241.0000000000582
215 2919.669642857145 1241.0000000000582
216 3400.78125 1241.0000000000582
217 3400.78125 1736.1790364583721
218 3400.78125 2231.3580729167443
219 6804.008300781257 2726.537109375058
220 6320.03843470983 2726.537283761194
221 5836.068568638395 2726.537458147388
222 5352.098702566967 2726.5376325335237
223 4868.12883649554 2726.5378069197177
224 4384.158970424109 2726.5379813058535
225 3900.1891043526775 2726.5381556920474
226 3416.21923828125 2726.538330078183
227 3416.2190755208358 2231.3593343099346
228 3416.218912760425 1736.1803385417443
229 3416.218750000011 1241.0013427734957
230 3897.330357142866 1241.001150948694
231 4378.441964285721 1241.0009591239505
232 4859.553571428576 1241.0007672991487
233 5340.665178571435 1241.0005754744052
234 5821.77678571429 1241.0003836496035
235 6302.888392857145 1241.00019182486
236 6784.0 1241.0000000000582
237 6784.0 1244.0009765625582
238 6786.927378033091 1251.0748853749828
239 6794.0 1254.0053710938082
240 6804.0078125 1254.0053710938082
241 6804.0079752604215 1744.8492838542443
242 6804.008138020836 2235.693196614622
243 7806.3671875 1535.0989990234957
244 7781.91706135132 1545.5184363145381
245 7771.835937500007 1570.1099853515625
246 7576.763183593757 1570.1101074219914
247 7572.610593969148 1546.222686521709
248 7557.708513722071 1527.09728764568
249 7535.56103515625 1517.231079101679
250 7177.735595703125 1454.1367797852727
251 6819.91015625 1391.0424804688664
252 6819.91015625 1275.9995117188082
253 6844.671089349002 1265.747776444361
254 6854.921875 1240.9864501953707
255 7202.052246093757 1240.9863281250582
256 7452.14599609375 1240.9862060547457
257 7702.23974609375 1240.9860839844914
258 7752.2919921875 1240.9860839844914
259 7759.102846378766 1266.1982263018144
260 7777.696387091237 1284.5372584141442
261 7803.000000000007 1291.0000000000582
262 7806.089843750007 1736.0008544921875
263 7781.32895383791 1746.252546623582
264 7771.078125000007 1771.0137939453707
265 7423.94775390625 1771.0139160156832
266 7173.853759765625 1771.0139770508395
267 6923.759765625 1771.0140380859957
268 6873.7080078125 1771.0140380859957
269 6866.897194664569 1745.8018439795705
270 6848.303648355046 1727.462761586241
271 6823.0 1721.0000000000582
272 6819.632812500007 1476.901000976679
273 6844.082938648717 1466.4815636855783
274 6854.164062500007 1441.8900146484957
275 7049.23681640625 1441.8900146484957
276 7053.389446243862 1465.7773859641165
277 7068.291522103798 1484.9027350590331
278 7090.43896484375 1494.7689208984957
279 7448.264404296875 1557.8633422852145
280 7806.089843750007 1620.9577636719914
281 7803.089843750007 2075.0007324219914
282 7778.328867463904 2085.252510839491
283 7768.078125 2110.013916015683
284 7420.94775390625 2110.013916015683
285 7170.853759765625 2110.013916015683
286 6920.759765625 2110.013916015683
287 6870.7080078125 2110.013916015683
288 6863.897153621248 2084.80177369836
289 6845.303612908785 2066.4627415860305
290 6820.000000000007 2060.000000000058
291 6816.6328125 1815.901000976679
292 6841.082938648709 1805.4815636855783
293 6851.164062500007 1780.8900146484957
294 7046.23681640625 1780.8900146484957
295 7050.389446243862 1804.7773859641165
296 7065.291522103798 1823.9027350590331
297 7087.43896484375 1833.7689208984957
298 7445.264404296875 1896.8633422852145
299 7803.089843750007 1959.9577636719914
300 7803.7275390625 2435.1186523438664
301 7788.9287109375 2450.1225585938664
302 7523.8291015625 2450.1228027344914
303 7509.997071732745 2426.8311161302263
304 7486.0478515625 2414.1716308594914
305 7151.52099609375 2342.1136474609957
306 6816.994140625 2270.055664062558
307 6816.994140625 2135.004882812558
308 6832.0 2120.000000000058
309 7308.17822265625 2119.999267578183
310 7784.3564453125 2119.998535156308
311 7799.570312500007 2135.0024414063664
312 7802.0048828125 2726.995117187558
313 7789.000000000007 2740.000000000058
314 7312.82177734375 2740.0006103516207
315 6836.6435546875 2740.001220703183
316 6821.429687500007 2724.998291015683
317 6817.2724609375 2424.881103515567
318 6830.098632812507 2411.877197265683
319 7097.7509765625 2411.877197265683
320 7111.764582857533 2433.8788547242293
321 7134.952148437507 2445.828369140683
322 7468.478515625 2517.6710205078707
323 7802.0048828125 2589.513671875058
324 7973.0 2517.000000000058
325 7948.251262658472 2527.2512626585085
326 7938.0 2552.000000000058
327 7673.0 2552.000000000058
328 7673.0 2537.000000000058
329 7702.263548302428 2534.1177920605405
330 7730.402514854781 2525.58192987676
331 7756.335534952959 2511.7204418454203
332 7779.066017178004 2493.0660171780037
333 7797.720441845406 2470.3355349529884
334 7811.581929876709 2444.4025148547953
335 7820.117792060497 2416.263548302406
336 7823.0 2387.0
337 7823.0 2001.9615478515625
338 7853.0 1952.0000000000582
339 7943.000000000007 1952.0000000000582
340 7952.463716542879 1971.9317322755232
341 7973.0 1980.0000000000582
342 7973.0 2248.500000000058
343 7970.0 1891.0000000000582
344 7945.251262658472 1901.2512626585085
345 7935.0 1926.0000000000582
346 7670.0 1926.0000000000582
347 7670.0 1911.0000000000582
348 7699.2635483024205 1908.1177920605405
349 7727.402514854766 1899.5819298767601
350 7753.335534952937 1885.7204418454203
351 7776.066017177982 1867.0660171780619
352 7794.720441845384 1844.3355349529884
353 7808.581929876695 1818.4025148547953
354 7817.117792060482 1790.2635483024642
355 7820.0 1761.0000000000582
356 7820.0 1355.9615478515625
357 7850.0 1306.0
358 7940.000000000007 1306.0
359 7949.463716542858 1325.9317322755232
360 7970.0 1334.0000000000582
361 7970.0 1612.5000000000582
362 6640.893554687507 423.0547790527926
363 6639.66748046875 595.906921386777
364 6614.0439453125 610.5448608399602
365 6609.985682919942 614.5514787118882
366 6608.479003906257 620.051696777402
367 6611.659299939143 627.8306335397065
368 6619.40380859375 631.0938720702543
369 6653.41796875 631.2205810548039
370 6654.14111328125 529.2408447266789
371 6679.6348265333 533.2189337609452
372 6703.262054375598 543.5875745700905
373 6723.449803227733 559.6564701147727
374 6738.854064407882 580.3558262698352
375 6748.449292130084 604.3075738616753
376 6751.5966796875 629.9171142578707
377 6748.020808576635 655.7199405633146
378 6737.902029831261 679.7237530990387
379 6721.926976152303 700.2997186779394
380 6701.179671069804 716.051608449081
381 6677.067970065582 725.9105421759887
382 6651.22802734375 729.2075195313082
383 6625.037597656257 729.111022949277
384 6599.110926037531 725.5917016334715
385 6574.98459289749 715.4675733764307
386 6554.310233741009 699.4317136483733
387 6538.5031695547 678.5819020050694
388 6528.6455170566915 654.3454705231707
389 6525.412109375 628.381591796875
390 6526.9345703125 413.6551208496676
391 6576.95654296875 413.8229675293551
392 6582.976562500007 407.84283447265625
393 6626.0 408.0000000000582
394 6515.019042968757 716.0939941406832
395 6495.011230468757 716.0939941406832
396 6264.9248046875 481.00808715826133
397 6264.9248046875 466.0000915527926
398 6465.0 466.0000000000582
399 6471.69424899351 491.01519936608383
400 6490.004366447676 509.3267467535916
401 6515.019042968757 516.0229492188082
402 6515.0751953125 765.999938964902
403 6315.0 766.0000000000582
404 6308.305771368599 740.9847748330794
405 6289.995651184545 722.6732023727382
406 6264.98095703125 715.9769897460938
407 6264.98095703125 515.9060058594914
408 6284.988769531257 515.9060058594914
409 6515.0751953125 750.991943359375
410 7916.9140625 1220.9956054688664
411 7906.90625 1220.9956054688664
412 7899.834146185596 1223.925573382061
413 7896.906250000007 1230.9985351563664
414 7433.667968750007 1230.9987182618352
415 6970.429687500007 1230.998901367304
416 6507.191406250007 1230.9990844727727
417 6043.953125 1230.9992675781832
418 5580.714843750004 1230.999450683652
419 5117.4765625 1230.9996337891207
420 4654.23828125 1230.9998168945895
421 4191.0 1231.0000000000582
422 4186.605567099865 1220.3874781225459
423 4175.992187500011 1215.9951171875582
424 4165.37880790015 1220.3874781225459
425 4160.984375000011 1231.0000000000582
426 3978.914062500011 1231.0001220703707
427 3978.9138997395894 823.8474397659884
428 3978.9137369791715 416.69475746166427
429 3978.91357421875 9.542075157281943
430 4160.983886718761 9.542003631708212
431 4165.378321643369 20.15452180930879
432 4175.99169921875 24.546880722104106
433 4186.605080843063 20.154517764924094
434 4190.99951171875 9.541992187558208
435 4654.23779296875 9.541811823903117
436 5117.47607421875 9.541631460248027
437 5580.71435546875 9.541451096592937
438 6043.95263671875 9.541270732937846
439 6507.19091796875 9.541090369340964
440 6970.42919921875 9.540910005685873
441 7433.66748046875 9.540729642030783
442 7896.90576171875 9.540549278375693
443 7899.8336595908695 16.613507969945204
444 7906.90576171875 19.54347419750411
445 7916.91357421875 19.543470382806845
446 7916.913736979164 420.02751541149337
447 7916.913899739586 820.5115604401799
448 6799.483886718757 595.7606811524602
449 6797.456988164231 567.2838628026075
450 6791.39620235005 539.3857557629235
451 6781.425023469317 512.6348101196345
452 6767.746623639978 487.57610146992374
453 6750.639713082426 464.72022449580254
454 6730.452861137463 444.5328891185345
455 6707.597393839191 427.4254312226549
456 6682.53901276143 413.7464313014643
457 6655.788305911541 403.7746118028299
458 6627.890344021114 397.7131578978733
459 6599.41357421875 395.68557739269454
460 6399.33544921875 395.6856689453707
461 6370.857883207056 397.7122399236541
462 6342.9590114329185 403.7729089964996
463 6316.2073283387435 413.74417809874285
464 6291.147952138876 427.4228629900026
465 6268.29151696273 444.5302335337037
466 6248.103767678986 464.71769337233854
467 6230.996069426888 487.573883264733
468 6217.317025241631 512.6330633402686
469 6207.345372581112 539.3846034659655
470 6201.284303501445 567.2833883407875
471 6199.25732421875 595.7609252930852
472 6201.284452023152 624.2383961685118
473 6207.345650960255 652.1370961747598
474 6217.317412646866 678.8885365744936
475 6230.996543593326 703.9476062129252
476 6248.104305654902 726.8036791879567
477 6268.2920958482355 746.9910198177677
478 6291.148549795929 764.0982728857198
479 6316.207924053204 777.7768457802013
480 6342.9595865107185 787.7480117277591
481 6370.858421488891 793.8085893780808
482 6399.3359375 795.8350830078707
483 6599.4140625 795.8350219726562
484 6627.890714714027 793.807388065441
485 6655.7885560593495 787.7459139170824
486 6682.539146383388 777.7741067641182
487 6707.597421662809 764.0951499106013
488 6730.452800105748 746.9877627106034
489 6750.639585651741 726.8005214454024
490 6767.746456890149 703.9447568111937
491 6781.424848052862 678.8861727375188
492 6791.3960513121565 652.1353573080269
493 6797.456895668802 624.2373791328282
494 5717.57763671875 350.66934204107383
495 5714.142673497961 324.51490493281744
496 5704.052385066017 300.1419766692561
497 5687.995072869242 279.2131382448715
498 5667.066074398088 263.15603465255117
499 5642.693045562988 253.065989152994
500 5616.53857421875 249.63128662109375
501 5590.38409304342 253.06599177833414
502 5566.011056408985 263.1560448150849
503 5545.0820539740635 279.21315981581574
504 5529.024743011538 300.14201190380845
505 5518.9344617655515 324.5149540619459
506 5515.49951171875 350.6694030762883
507 5518.9346857216915 376.82364968775073
508 5529.025089128027 401.19635563803604
509 5545.082421072744 422.12497544585494
510 5566.01135612412 438.1818965037237
511 5590.384260170853 448.2718214078923
512 5616.53857421875 451.70648193365196
513 5642.692898097626 448.27181878249394
514 5667.06580994359 438.18188634107355
515 5687.994748958674 422.1249538747943
516 5704.052079669156 401.1963204034837
517 5714.142475889625 376.8236005586223
518 5138.35888671875 350.6695556640625
519 5134.131549843994 323.9257063344703
520 5121.843215040455 299.79894356417935
521 5102.697881854252 280.65318499458954
522 5078.571392117083 268.36431413597893
523 5051.82763671875 264.13638305669883
524 5025.082001183193 268.36238503979985
525 5000.953350806416 280.6504420040874
526 4981.806059892682 299.7964432478766
527 4969.5163777110465 323.9242658772855
528 4965.288574218761 350.66961669927696
529 4969.516634420026 377.41471935465233
530 4981.806426100447 401.5422561034211
531 5000.953686811317 420.6879975719494
532 5025.082198658201 432.9758747346932
533 5051.82763671875 437.20181274419883
534 5078.571217878536 432.9739381247782
535 5102.697585391044 420.68522591807414
536 5121.842891932061 401.5396965574473
537 5134.131323348691 377.41318602720276
GTSP_SET_SECTION
1 1 -1
2 2 3 4 5 6 7 8 9 10 11 12 13 14 15 16 17 18 19 20 21 22 23 24 25 26 27 28 29 30 31 32 33 -1
3 34 35 36 37 38 39 40 41 42 43 44 45 46 47 48 49 50 51 52 53 54 55 56 57 58 59 60 61 62 63 64 65 66 -1
4 67 68 69 70 71 72 73 74 75 76 77 78 79 80 81 82 83 84 85 86 87 88 89 90 91 92 93 94 95 96 97 98 99 100 101 102 103 104 -1
5 105 106 107 108 109 110 111 112 113 114 115 116 117 118 119 120 121 122 123 124 125 126 127 128 129 130 131 132 133 134 135 136 137 138 139 140 141 142 143 144 145 146 147 148 149 150 -1
6 151 152 153 154 155 156 157 158 159 160 161 162 163 164 165 166 167 168 169 170 171 172 173 174 -1
7 175 176 177 178 179 180 181 182 183 184 185 186 187 188 189 190 191 192 193 194 -1
8 195 196 197 198 199 200 201 202 203 204 205 206 207 208 209 210 211 212 213 214 215 216 217 218 -1
9 219 220 221 222 223 224 225 226 227 228 229 230 231 232 233 234 235 236 237 238 239 240 241 242 -1
10 243 244 245 246 247 248 249 250 251 252 253 254 255 256 257 258 259 260 261 -1
11 262 263 264 265 266 267 268 269 270 271 272 273 274 275 276 277 278 279 280 -1
12 281 282 283 284 285 286 287 288 289 290 291 292 293 294 295 296 297 298 299 -1
13 300 301 302 303 304 305 306 307 308 309 310 311 -1
14 312 313 314 315 316 317 318 319 320 321 322 323 -1
15 324 325 326 327 328 329 330 331 332 333 334 335 336 337 338 339 340 341 342 -1
16 343 344 345 346 347 348 349 350 351 352 353 354 355 356 357 358 359 360 361 -1
17 362 363 364 365 366 367 368 369 370 371 372 373 374 375 376 377 378 379 380 381 382 383 384 385 386 387 388 389 390 391 392 393 -1
18 394 395 396 397 398 399 400 401 -1
19 402 403 404 405 406 407 408 409 -1
20 410 411 412 413 414 415 416 417 418 419 420 421 422 423 424 425 426 427 428 429 430 431 432 433 434 435 436 437 438 439 440 441 442 443 444 445 446 447 -1
21 448 449 450 451 452 453 454 455 456 457 458 459 460 461 462 463 464 465 466 467 468 469 470 471 472 473 474 475 476 477 478 479 480 481 482 483 484 485 486 487 488 489 490 491 492 493 -1
22 494 495 496 497 498 499 500 501 502 503 504 505 506 507 508 509 510 511 512 513 514 515 516 517 -1
23 518 519 520 521 522 523 524 525 526 527 528 529 530 531 532 533 534 535 536 537 -1
GTSP_SET_ORDERING
2 5 4 -1
3 5 4 -1
5 4 -1
6 4 -1
7 4 -1
17 21 20 -1
18 21 20 -1
19 21 20 -1
21 20 -1
22 20 -1
23 20 -1
EOF