NAME: Mc23v610
TYPE: PCGTSP 
COMMENT: 
DIMENSION: 611
GTSP_SETS: 24
EDGE_WEIGHT_TYPE: EUC_2D
NODE_COORD_SECTION
1 0.0 0.0
2 170.0000610351599 1040.0
3 10.000058174129663 1040.0
4 10.000035285949707 920.0000610351854
5 40.000034332268115 920.0
6 47.07110214413842 917.071067811863
7 50.00003433227903 910.0
8 50.00002670287722 870.0
9 47.07109316604328 862.9289308394364
10 40.000022888179956 860.0
11 10.000022888179956 860.0000610351854
12 10.0 740.0000610351854
13 170.0 740.0000000000873
14 170.00003051757812 860.0
15 140.00003051757085 860.0
16 132.92896270571146 862.928932188137
17 130.00003051757812 870.0
18 130.00003051757812 910.0
19 132.92896270571146 917.071067811863
20 140.00003051757085 920.0
21 170.00003051757812 920.0
22 310.0 1210.0
23 190.0 1210.0
24 190.0 1180.0000000000873
25 187.07106781186667 1172.9289321882243
26 180.0 1170.0000000000873
27 140.0 1170.0000000000873
28 132.92893218813333 1172.9289321882243
29 130.0 1180.0000000000873
30 130.0 1210.0
31 10.0 1210.0
32 10.0 1050.0
33 130.0 1050.0
34 130.0 1080.0
35 132.92893218812242 1087.0710678118921
36 140.0 1090.0000000000873
37 180.0 1090.0000000000873
38 187.07106781187758 1087.0710678118921
39 190.0 1080.0
40 190.0 1050.0
41 310.0 1050.0
42 310.0 1380.0000000000873
43 190.0 1380.0000000000873
44 190.0 1350.0
45 187.07106781186667 1342.928932188137
46 180.0 1340.0
47 140.0 1340.0
48 132.92893218813333 1342.928932188137
49 130.0 1350.0
50 130.0 1380.0000000000873
51 10.0 1380.0000000000873
52 10.0 1220.0000000000873
53 130.0 1220.0000000000873
54 130.0 1250.0
55 132.92893218813333 1257.071067811863
56 140.0 1260.0
57 180.0 1260.0
58 187.07106781186667 1257.071067811863
59 190.0 1250.0
60 190.0 1220.0000000000873
61 310.0 1220.0000000000873
62 3775.0 170.0
63 3655.0 170.0
64 3655.0 140.0
65 3652.0710678118667 132.92893218813697
66 3645.0 130.0
67 3605.0 130.0
68 3597.9289321881333 132.92893218813697
69 3595.0 140.0
70 3595.0 170.0
71 3475.0 170.0
72 3475.0 10.0
73 3595.0 10.0
74 3595.0 40.00000000008731
75 3597.928932188159 47.071067811892135
76 3605.0 50.0
77 3645.0 50.0
78 3652.071067811841 47.071067811892135
79 3655.0 40.00000000008731
80 3655.0 10.0
81 3775.0 10.0
82 3860.0 340.0000000000873
83 3739.999999999989 340.0000000000873
84 3739.999999999989 310.0
85 3737.0710678118594 302.92893218813697
86 3730.0 300.0
87 3690.0 300.0
88 3682.9289321881333 302.92893218813697
89 3680.0 310.0
90 3680.0 340.0000000000873
91 3560.0 340.0000000000873
92 3560.0 180.0000000000873
93 3680.0 180.0000000000873
94 3680.0 210.0
95 3682.9289321881333 217.07106781186303
96 3690.0 220.0
97 3730.0 220.0
98 3737.0710678118594 217.07106781186303
99 3739.999999999989 210.0
100 3739.999999999989 180.0000000000873
101 3860.0 180.0000000000873
102 4528.0 361.0000000000873
103 4408.0 361.00006103518535
104 4408.0 331.00006103518535
105 4405.071067811867 323.9289932233223
106 4398.0 321.00006103518535
107 4358.0 321.00006103518535
108 4350.928932188133 323.9289932233223
109 4348.0 331.00006103518535
110 4348.0 361.00006103518535
111 4228.0 361.0001220703998
112 4228.0 201.0001220703998
113 4348.0 201.00007629400352
114 4348.0 231.00007629400352
115 4350.928937582936 238.0711342418508
116 4358.0 241.00006103518535
117 4398.0 241.0000457763963
118 4405.071067811867 238.07111358825932
119 4408.0 231.0000457763963
120 4408.0 201.0000457763963
121 4528.0 201.0
122 4809.0 521.0
123 4439.0 521.0
124 4430.2132101393945 499.7867898606055
125 4409.0 491.0
126 4387.7867898606055 499.7867898606055
127 4379.0 521.0
128 4009.0 521.0
129 4009.0 371.0
130 4379.0 371.0
131 4387.7867898606055 392.2132101393945
132 4409.0 401.0
133 4430.2132101393945 392.2132101393945
134 4439.0 371.0
135 4809.0 371.0
136 4733.0 681.0
137 4363.0 681.0
138 4354.2132101393945 659.7867898606055
139 4333.0 651.0
140 4311.7867898606055 659.7867898606055
141 4303.0 681.0
142 3933.0 681.0
143 3933.0 531.0
144 4303.0 531.0
145 4311.7867898606055 552.2132101393945
146 4333.0 561.0
147 4354.2132101393945 552.2132101393945
148 4363.0 531.0
149 4733.0 531.0
150 4810.0 841.0
151 4440.0 841.0
152 4431.2132101393945 819.7867898606055
153 4410.0 811.0
154 4388.7867898606055 819.7867898606055
155 4380.0 841.0
156 4009.999999999989 841.0
157 4009.999999999989 691.0
158 4380.0 691.0
159 4388.7867898606055 712.2132101393945
160 4410.0 721.0
161 4431.2132101393945 712.2132101393945
162 4440.0 691.0
163 4810.0 691.0
164 4954.0 1001.0
165 4583.999999999989 1001.0
166 4575.213210139376 979.7867898606346
167 4554.0 971.0000000000873
168 4532.786789860616 979.7867898606346
169 4524.0 1001.0
170 4154.0 1001.0
171 4154.0 851.0000000000873
172 4524.0 851.0000000000873
173 4532.786789860627 872.2132101394236
174 4554.0 881.0
175 4575.213210139365 872.2132101394236
176 4583.999999999989 851.0000000000873
177 4954.0 851.0000000000873
178 4953.0 1491.0000000000873
179 4833.0 1491.0000000000873
180 4833.0 1461.0000000000873
181 4830.0710678118885 1453.928932188166
182 4823.0 1451.0
183 4783.0 1451.0
184 4775.9289321881115 1453.928932188166
185 4773.0 1461.0000000000873
186 4773.0 1491.0000000000873
187 4653.0 1491.0000000000873
188 4653.0 1331.0
189 4773.0 1331.0
190 4773.0 1361.0
191 4775.928932188133 1368.071067811863
192 4783.0 1371.0
193 4823.0 1371.0
194 4830.071067811867 1368.071067811863
195 4833.0 1361.0
196 4833.0 1331.0
197 4953.0 1331.0
198 5098.0 1161.0
199 4728.0 1161.0
200 4719.2132101393945 1139.7867898606055
201 4698.0 1131.0
202 4676.7867898606055 1139.7867898606055
203 4668.0 1161.0
204 4298.0 1161.0
205 4298.0 1011.0
206 4668.0 1011.0
207 4676.7867898606055 1032.2132101393945
208 4698.0 1041.0
209 4719.2132101393945 1032.2132101393945
210 4728.0 1011.0
211 5098.0 1011.0
212 4972.96728515625 807.4033813476854
213 4881.0419921875 730.2688598632812
214 4900.32568359375 707.2875366210938
215 4902.627254326286 699.9881351513322
216 4899.093261718739 693.1992187500873
217 4868.451171875 667.4877319335938
218 4861.151712782408 665.18618875026
219 4854.36279296875 668.7202758789062
220 4835.0791015625 691.7015991210938
221 4743.15380859375 614.5671386719041
222 4846.0 492.0
223 4937.92529296875 569.1345214844041
224 4918.6416015625 592.1158447265043
225 4916.340262552458 599.4153484093258
226 4919.87451171875 606.2041625978018
227 4950.51611328125 631.9156494140916
228 4957.815572373835 634.2171925974253
229 4964.6044921875 630.6831054688082
230 4983.88818359375 607.7017822265916
231 5075.8134765625 684.8362426757812
232 5236.0 1077.0000000000873
233 5127.2431640625 1026.285888671904
234 5139.92138671875 999.096618652402
235 5140.25522049085 991.4502389037807
236 5135.08447265625 985.8073730469041
237 5098.83251953125 968.9026489257812
238 5091.185958466784 968.5686730189191
239 5085.54296875 973.7395629882812
240 5072.86474609375 1000.9287719726854
241 4964.107421875 950.2146606445895
242 5031.7265625 805.2053833007812
243 5140.4833984375 855.9194946289936
244 5127.8046875 883.1087646484957
245 5127.4708537279 890.755144397117
246 5132.6416015625 896.3980102539936
247 5168.89404296875 913.302734375
248 5176.5406040331945 913.6367102818913
249 5182.18359375 908.4658203125873
250 5194.86181640625 881.2766113280959
251 5303.61865234375 931.9907226563082
252 5242.0 1321.0000000000873
253 4872.0 1321.0000000000873
254 4863.213210139416 1299.7867898606346
255 4842.0 1291.0
256 4820.786789860584 1299.7867898606346
257 4812.0 1321.0000000000873
258 4442.0 1321.0000000000873
259 4442.0 1171.0000000000873
260 4812.0 1171.0000000000873
261 4820.786789860627 1192.2132101394236
262 4842.0 1201.0
263 4863.213210139373 1192.2132101394236
264 4872.0 1171.0000000000873
265 5242.0 1171.0000000000873
266 5676.0 1521.0
267 5556.0 1521.0
268 5556.0 1491.0000000000873
269 5553.071067811867 1483.9289321882243
270 5546.0 1481.0000000000873
271 5506.0 1481.0000000000873
272 5498.928932188133 1483.9289321882243
273 5496.0 1491.0000000000873
274 5496.0 1521.0
275 5376.0 1521.0
276 5376.0 1361.0
277 5496.0 1361.0
278 5496.0 1391.0
279 5498.928932188133 1398.071067811863
280 5506.0 1401.0
281 5546.0 1401.0
282 5553.071067811867 1398.071067811863
283 5556.0 1391.0
284 5556.0 1361.0
285 5676.0 1361.0
286 5676.0 1691.0
287 5556.0 1691.0
288 5556.0 1661.0000000000873
289 5553.0710678118885 1653.928932188166
290 5546.0 1651.0
291 5506.0 1651.0
292 5498.9289321881115 1653.928932188166
293 5496.0 1661.0000000000873
294 5496.0 1691.0
295 5376.0 1691.0
296 5376.0 1531.0000000000873
297 5496.0 1531.0000000000873
298 5496.0 1561.0
299 5498.928932188133 1568.071067811863
300 5506.0 1571.0
301 5546.0 1571.0
302 5553.071067811867 1568.071067811863
303 5556.0 1561.0
304 5556.0 1531.0000000000873
305 5676.0 1531.0000000000873
306 9288.999999999996 920.0
307 9168.999999999996 920.0
308 9168.999999999996 890.0000000000873
309 9166.07106781186 882.9289321882243
310 9158.999999999996 880.0000000000873
311 9118.999999999996 880.0000000000873
312 9111.928932188133 882.9289321882243
313 9108.999999999996 890.0000000000873
314 9108.999999999996 920.0
315 8988.999999999996 920.0
316 8988.999999999996 760.0
317 9108.999999999996 760.0
318 9108.999999999996 790.0
319 9111.928932188133 797.071067811863
320 9118.999999999996 800.0
321 9158.999999999996 800.0
322 9166.07106781186 797.071067811863
323 9168.999999999996 790.0
324 9168.999999999996 760.0
325 9288.999999999996 760.0
326 9269.999999999996 750.0000000000873
327 9149.999999999996 750.0000000000873
328 9149.999999999996 720.0
329 9147.07106781186 712.928932188137
330 9139.999999999996 710.0
331 9099.999999999996 710.0
332 9092.928932188133 712.928932188137
333 9089.999999999996 720.0
334 9089.999999999996 750.0000000000873
335 8969.999999999996 750.0000000000873
336 8969.999999999996 590.0000000000873
337 9089.999999999996 590.0000000000873
338 9089.999999999996 620.0000000000873
339 9092.928932188155 627.0710678118921
340 9099.999999999996 630.0
341 9139.999999999996 630.0
342 9147.071067811838 627.0710678118921
343 9149.999999999996 620.0000000000873
344 9149.999999999996 590.0000000000873
345 9269.999999999996 590.0000000000873
346 9254.999999999989 580.0
347 9134.999999999996 580.0
348 9134.999999999996 550.0000000000873
349 9132.071067811888 542.9289321881661
350 9124.999999999996 540.0
351 9084.999999999996 540.0
352 9077.928932188104 542.9289321881661
353 9074.999999999996 550.0000000000873
354 9074.999999999996 580.0
355 8954.999999999996 580.0
356 8954.999999999996 420.0
357 9074.999999999996 420.0
358 9074.999999999996 450.0000000000873
359 9077.928932188155 457.07106781189214
360 9084.999999999996 460.0
361 9124.999999999996 460.0
362 9132.071067811838 457.07106781189214
363 9134.999999999996 450.0000000000873
364 9134.999999999996 420.0
365 9254.999999999989 420.0
366 9258.999999999996 410.0
367 9138.999999999996 410.0
368 9138.999999999996 380.0000000000873
369 9136.071067811888 372.9289321881661
370 9128.999999999996 370.0
371 9088.999999999996 370.0
372 9081.928932188104 372.9289321881661
373 9078.999999999996 380.0000000000873
374 9078.999999999996 410.0
375 8958.999999999989 410.0
376 8958.999999999989 250.0
377 9078.999999999996 250.0
378 9078.999999999996 280.0
379 9081.928932188133 287.07106781186303
380 9088.999999999996 290.0
381 9128.999999999996 290.0
382 9136.07106781186 287.07106781186303
383 9138.999999999996 280.0
384 9138.999999999996 250.0
385 9258.999999999996 250.0
386 5366.12451171875 1690.6236572265916
387 5009.157389322918 1690.6237386067805
388 4652.190266927082 1690.6238199869986
389 4295.22314453125 1690.6239013671875
390 3879.0670410156235 1690.6239746093925
391 3462.910937499997 1690.6240478515974
392 3046.7548339843706 1690.6241210937733
393 2630.598730468744 1690.6241943359782
394 2214.4426269531177 1690.6242675781832
395 1794.0351715087818 1690.6243591309176
396 1373.6277160644495 1690.6244506836229
397 953.2202606201135 1690.6245422363572
398 532.8128051757776 1690.6246337890916
399 92.54817962645757 1690.6246337890916
400 92.54817199707031 1670.6168212890916
401 171.9768676757776 1624.7593994140916
402 196.0070293320714 1609.3228747858375
403 218.46034318260354 1591.6711423225352
404 239.133298637189 1571.9641924164898
405 257.8385217788418 1550.380643379147
406 274.4064736688415 1527.1161224943935
407 288.6869870004848 1502.3814929072978
408 300.55062717380497 1476.400942419219
409 309.8898654547593 1449.409951511916
410 316.62005358576425 1421.653159018053
411 320.6801910139475 1393.3821447827795
412 322.0334777831995 1364.8531494140916
413 322.03338623046875 900.3287353515916
414 320.0064281332998 871.8514695660269
415 313.9454566701934 843.9529418150487
416 303.97397371495026 817.2016286992002
417 290.2951639941457 792.1426305075292
418 273.18775487716266 769.2865639374941
419 253.00033686547977 749.0991574728105
420 230.14426051019836 731.9917614292644
421 205.0852544943773 718.3129660419654
422 178.33393567494568 708.3414983882103
423 150.4354044571519 702.2805428827705
424 121.95813751219976 700.2536010743061
425 92.56751251221067 700.2536010743061
426 72.11722187596388 702.8276561595267
427 54.44287788314978 713.4322641726758
428 42.547988891597925 730.2653198241896
429 19.222793579097925 730.2653198241896
430 14.338447570797143 377.63299465179443
431 9.4541015625 25.00066947939922
432 500.53208705357247 25.00057383949752
433 991.6100725446413 25.000478199566714
434 1482.6880580357138 25.000382559665013
435 1973.7660435267862 25.000286919734208
436 2464.8440290178587 25.000191279832507
437 2955.9220145089275 25.0000956399017
438 3447.0 25.0
439 3447.0330741921825 54.27821728133131
440 3448.7797858144186 83.50430322493776
441 3452.234145636383 112.57804566196864
442 3457.3843091404633 141.3997547881736
443 3464.2126171349446 169.8706049863249
444 3472.6956563049134 197.8929736855498
445 3482.804339493254 225.37077609536937
446 3494.5040054364435 252.20979466705467
447 3507.754537613182 278.3180021525768
448 3522.510501798355 303.60587715308066
449 3538.721301850641 327.9867110752093
450 3556.3313531996173 351.3769054429722
451 3575.2802734375 373.6962585449801
452 3876.593587239582 708.3374633789645
453 4177.906901041668 1042.9786682129197
454 4479.22021484375 1377.619873046904
455 4499.50018904508 1398.894767118356
456 4520.995212991842 1418.941273469478
457 4543.631008610711 1437.6901195155515
458 4567.329355784754 1455.0765168587677
459 4592.008362650384 1471.0403851708106
460 4617.582748582376 1485.526559805934
461 4643.964138889078 1498.4849824276753
462 4671.0613701994625 1509.8708739900321
463 4698.780805486695 1519.6448894757195
464 4727.026657639693 1527.7732538566634
465 4755.7013204644645 1534.2278788065305
466 4784.70570597149 1538.9864597628475
467 4813.939586783556 1542.0325530023547
468 4843.3019424808845 1543.3556324638776
469 4872.691308686666 1542.9511261221487
470 4902.006127686742 1540.820431786764
471 4931.145099371821 1536.9709122720524
472 4960.007531289521 1531.4158699541294
473 4988.493686596594 1524.1745008032303
474 5016.505128708934 1515.2718280503468
475 5043.94506145846 1504.7386157169822
476 5070.718663581341 1492.6112623072986
477 5096.733416381798 1478.9316750295693
478 5121.8994234391175 1463.74712498195
479 5146.129721253194 1447.1100838027196
480 5169.340579755055 1429.0780423496617
481 5191.451791643991 1409.71331203499
482 5212.386949551397 1389.082809502317
483 5232.073710073615 1367.2578253901156
484 5250.444043761363 1344.313777979958
485 5267.434470201875 1320.3299525818438
486 5282.986277381435 1295.389227556152
487 5297.0457245702455 1269.5777879197558
488 5309.564228028565 1242.9848275256518
489 5320.498528892389 1215.7022408451885
490 5329.810842658513 1187.824305418064
491 5337.468989752426 1159.4473560674523
492 5343.446506727858 1130.6694520060846
493 5347.722737713699 1101.590037983202
494 5350.282905792297 1072.3096006441338
495 5351.1181640625 1042.9293212890916
496 5351.1181640625 990.3609619140916
497 5366.1240234375 990.3609619140916
498 5366.124267578125 1340.4923095703416
499 9248.545898437496 1674.9984130859957
500 8757.467912946424 1674.9986397879838
501 8266.389927455351 1674.998866490001
502 7775.311941964279 1674.9990931919892
503 7284.233956473214 1674.9993198940065
504 6793.155970982141 1674.9995465959946
505 6302.077985491069 1674.9997732980119
506 5810.999999999996 1675.0
507 5810.966927469159 1645.7217803448148
508 5809.220217227772 1616.4956919424585
509 5805.7658585023855 1587.421946986462
510 5800.615695808778 1558.600235305872
511 5793.787388338747 1530.1293825426546
512 5785.304349409194 1502.1070112923626
513 5775.195666181138 1474.6292063697474
514 5763.495999923838 1447.7901853474032
515 5750.245467166173 1421.6819754967
516 5735.489502142624 1396.394098239165
517 5719.278701005573 1372.0132621898083
518 5701.668648338167 1348.6230658455752
519 5682.7197265625 1326.3037109375873
520 5381.406412760418 991.6625976563373
521 5080.093098958332 657.0214843750582
522 4778.77978515625 322.3803710938082
523 4758.4998146722355 301.10542022125446
524 4737.004789552571 281.0588586067024
525 4714.368988069462 262.30995920757414
526 4690.670630565288 244.92351077593048
527 4665.991609154142 228.9595939742867
528 4640.417204735219 214.47337376064388
529 4614.035792295865 201.51490876023308
530 4586.938535522728 190.12897828302812
531 4559.219071776246 180.35492758391774
532 4530.9731885171095 172.2265319013386
533 4502.298492302827 165.7718797433772
534 4473.294071498225 161.0132758250984
535 4444.060153865394 157.96716399220168
536 4414.697760216342 156.64407039777143
537 4385.308355325178 157.04856712790206
538 4355.993497306139 159.17925640253816
539 4326.8544866690645 163.02877540545887
540 4297.992016265074 168.5838217275159
541 4269.505823332031 175.82519933424192
542 4241.494344842264 184.72788489976665
543 4214.0543773434765 195.26111427764408
544 4187.280742468298 207.3884888093453
545 4161.265959268381 221.0681011036795
546 4136.099924505295 236.25267985201208
547 4111.8696020029965 252.88975317924633
548 4088.658722135402 270.9218299657223
549 4066.5474924874543 290.28659851371776
550 4045.61232068955 310.9171418719052
551 4025.925550383101 332.74216907378286
552 4007.555211229661 355.6862614909769
553 3990.5647838273944 379.67013345006853
554 3975.0129803473465 404.6109062123287
555 3960.9535416475082 430.4223943698744
556 3948.435051565717 457.01540366807603
557 3937.5007690332277 484.2980392255413
558 3928.188478589018 512.1760230863583
559 3920.530359811415 540.5530200072681
560 3914.5528761182504 569.3309703539999
561 3910.2766833198184 598.4104289564712
562 3907.716558240558 627.6909087517124
563 3906.88134765625 657.071228027402
564 3906.88134765625 709.6395874022855
565 3891.87548828125 709.6395874022855
566 3891.875366210934 359.50822830197285
567 3891.8752441406177 9.37686920168926
568 4248.842285156246 9.376703262358205
569 4605.809326171871 9.37653732302715
570 4962.7763671875 9.376371383696096
571 5378.932421875001 9.376177787809866
572 5795.088476562498 9.375984191923635
573 6211.244531249995 9.375790596066508
574 6627.400585937499 9.375597000180278
575 7043.556640624996 9.375403404294048
576 7463.964111328129 9.375207901059184
577 7884.371582031254 9.375012397853425
578 8304.779052734379 9.374816894618561
579 8725.186523437511 9.374621391383698
580 9165.451171874996 9.374417305109091
581 9165.451171874996 29.382228851289256
582 9086.022460937511 75.23968505868106
583 9061.99229164165 90.67621101092664
584 9039.538970732847 108.32794605390518
585 9018.866008967063 128.0348996919347
586 9000.160780412214 149.61845349043142
587 8983.592824140887 172.88298002447118
588 8969.312307574608 197.61761599231977
589 8957.44866540741 223.5981734226225
590 8948.109426445193 250.58917165294406
591 8941.37923899406 278.34597166182357
592 8937.319103631231 306.61699341022177
593 8935.965820312496 335.1459960938082
594 8935.966796874996 799.6704101563082
595 8937.99375428529 828.1476711340074
596 8944.054723706457 856.0461943710689
597 8954.026203348225 882.7975035519048
598 8967.705008620487 907.8564986526326
599 8984.812412339106 930.7125632120005
600 9004.999824230912 950.8999689454213
601 9027.855894009092 968.0073656915629
602 9052.914893282676 981.6861633193039
603 9079.666205505415 991.6576348002709
604 9107.564730591464 997.7185957106994
605 9136.041992187496 999.7455444336811
606 9165.432617187496 999.7454833984957
607 9185.882910741788 997.1714304593916
608 9203.557257700977 986.5668222838722
609 9215.452148437496 969.7337646484957
610 9238.777343749996 969.7337646484957
611 9243.661621093746 1322.3660888672457
GTSP_SET_SECTION
1 1 -1
2 2 3 4 5 6 7 8 9 10 11 12 13 14 15 16 17 18 19 20 21 -1
3 22 23 24 25 26 27 28 29 30 31 32 33 34 35 36 37 38 39 40 41 -1
4 42 43 44 45 46 47 48 49 50 51 52 53 54 55 56 57 58 59 60 61 -1
5 62 63 64 65 66 67 68 69 70 71 72 73 74 75 76 77 78 79 80 81 -1
6 82 83 84 85 86 87 88 89 90 91 92 93 94 95 96 97 98 99 100 101 -1
7 102 103 104 105 106 107 108 109 110 111 112 113 114 115 116 117 118 119 120 121 -1
8 122 123 124 125 126 127 128 129 130 131 132 133 134 135 -1
9 136 137 138 139 140 141 142 143 144 145 146 147 148 149 -1
10 150 151 152 153 154 155 156 157 158 159 160 161 162 163 -1
11 164 165 166 167 168 169 170 171 172 173 174 175 176 177 -1
12 178 179 180 181 182 183 184 185 186 187 188 189 190 191 192 193 194 195 196 197 -1
13 198 199 200 201 202 203 204 205 206 207 208 209 210 211 -1
14 212 213 214 215 216 217 218 219 220 221 222 223 224 225 226 227 228 229 230 231 -1
15 232 233 234 235 236 237 238 239 240 241 242 243 244 245 246 247 248 249 250 251 -1
16 252 253 254 255 256 257 258 259 260 261 262 263 264 265 -1
17 266 267 268 269 270 271 272 273 274 275 276 277 278 279 280 281 282 283 284 285 -1
18 286 287 288 289 290 291 292 293 294 295 296 297 298 299 300 301 302 303 304 305 -1
19 306 307 308 309 310 311 312 313 314 315 316 317 318 319 320 321 322 323 324 325 -1
20 326 327 328 329 330 331 332 333 334 335 336 337 338 339 340 341 342 343 344 345 -1
21 346 347 348 349 350 351 352 353 354 355 356 357 358 359 360 361 362 363 364 365 -1
22 366 367 368 369 370 371 372 373 374 375 376 377 378 379 380 381 382 383 384 385 -1
23 386 387 388 389 390 391 392 393 394 395 396 397 398 399 400 401 402 403 404 405 406 407 408 409 410 411 412 413 414 415 416 417 418 419 420 421 422 423 424 425 426 427 428 429 430 431 432 433 434 435 436 437 438 439 440 441 442 443 444 445 446 447 448 449 450 451 452 453 454 455 456 457 458 459 460 461 462 463 464 465 466 467 468 469 470 471 472 473 474 475 476 477 478 479 480 481 482 483 484 485 486 487 488 489 490 491 492 493 494 495 496 497 498 -1
24 499 500 501 502 503 504 505 506 507 508 509 510 511 512 513 514 515 516 517 518 519 520 521 522 523 524 525 526 527 528 529 530 531 532 533 534 535 536 537 538 539 540 541 542 543 544 545 546 547 548 549 550 551 552 553 554 555 556 557 558 559 560 561 562 563 564 565 566 567 568 569 570 571 572 573 574 575 576 577 578 579 580 581 582 583 584 585 586 587 588 589 590 591 592 593 594 595 596 597 598 599 600 601 602 603 604 605 606 607 608 609 610 611 -1
GTSP_SET_ORDERING
EOF