NAME: Mc24v496
TYPE: PCGTSP 
COMMENT: 
DIMENSION: 497
GTSP_SETS: 25
EDGE_WEIGHT_TYPE: EUC_2D
NODE_COORD_SECTION
1 0.0 0.0
2 2011.5882568359411 1394.8710937499418
3 1991.0 1400.0
4 1789.490234375 1278.9207763671293
5 1797.2158203125 1266.0632324219332
6 2119.8078613281286 1185.6275634766207
7 2132.67041015625 1193.3562011717004
8 2331.588378906261 1432.4975585936918
9 2305.9457878108296 1428.8874133498757
10 2281.9363049753047 1438.5889782102313
11 2266.000000000011 1459.0
12 2081.830078125 1380.824462890625
13 2087.6940917968786 1367.0095214844332
14 2391.3447265625 1240.5134277344332
15 2409.762207031261 1248.3311767578125
16 6679.280761718757 25.005706787109375
17 6650.501764087901 31.18213162169559
18 6621.917012363381 38.20287924725562
19 6593.551271771779 46.061867036041804
20 6565.429117793021 54.752286126604304
21 6537.574914868739 64.26660732296295
22 6510.012795293413 74.59658761770697
23 6482.766638306661 85.7332773336093
24 6455.860049404786 97.66702787729446
25 6429.316339889432 110.38750009884825
26 6403.158506671214 123.8836732491036
27 6377.409212345643 138.14385452808347
28 6352.090765558743 153.15568921522936
29 6327.225101679309 168.90617137320805
30 6302.833763794566 185.38165511621628
31 6278.937884045685 202.5678664323059
32 6255.558165319366 220.4499155501253
33 6232.714863311259 239.0123098391923
34 6210.427768976886 258.2389672321151
35 6188.716191385145 278.1132301581092
36 6167.598940989359 298.6178799745976
37 6147.094313330308 319.73515188496094
38 6127.220073185323 341.4467503299238
39 6107.993439177291 363.7338648379664
40 6089.431068856764 386.577186322771
41 6071.549044270265 409.9569238119293
42 6054.3628580270815 433.8528215935221
43 6037.8873998768395 458.24417676526355
44 6022.13694380931 483.1098571710172
45 6007.125135687755 508.42831970914267
46 5992.864981426392 534.1776289973059
47 5979.368835722395 560.3354763764655
48 5966.648391352013 586.8791992388433
49 5954.714669040222 613.785800662241
50 5943.578007912554 641.0319693342317
51 5933.2480565375445 668.5940997483558
52 5923.733764567405 696.448312655557
53 5915.043374984212 724.5704757527565
54 5907.184416958371 752.9362245904631
55 5900.163699325531 781.5209836815484
56 5893.9873046875 810.299987793027
57 5878.9814453125 810.299987793027
58 5878.981201171875 435.1595039368258
59 5878.98095703125 60.019020080624614
60 5903.994498535874 53.323471792275086
61 5922.304440265732 35.01353844080586
62 5929.0 10.0
63 6304.140380859375 9.999854087887798
64 6679.280761718757 9.999708175717387
65 6244.875 1299.998046875
66 5773.224609375 1299.9982299804688
67 5301.57421875 1299.9984130859375
68 4829.923828125 1299.9985961914062
69 4358.2734375 1299.9987792968168
70 3886.623046875 1299.9989624022855
71 3414.97265625 1299.9991455077543
72 2943.322265625 1299.999328613223
73 2471.671875 1299.9995117186918
74 2460.4615493116253 1275.0768723302754
75 2446.5979466766694 1251.5267156831105
76 2430.2467225856562 1229.6304414144251
77 2411.603256992752 1209.6496870039846
78 2390.890319730519 1191.8232014811365
79 2368.355408644409 1176.3639926247415
80 2344.2677922534313 1163.4567817437346
81 2318.9152922741887 1153.2557964517619
82 2292.6008444536565 1145.8829278088524
83 2265.6388788051627 1141.4262738515972
84 2238.351562500011 1139.9390869140043
85 1938.2420654296911 1139.9392089843168
86 1910.953993722589 1141.425644667237
87 1883.9912079223795 1145.881711365888
88 1857.6759018218036 1153.2541609835462
89 1832.3225321073041 1163.4548958909
90 1808.2340607356891 1176.3620216557756
91 1785.6983346679663 1191.8213036291418
92 1764.984646220877 1209.6480099835899
93 1746.3405151385632 1229.6291191799683
94 1729.9887308371617 1251.525865483738
95 1716.124690166289 1275.076592113881
96 1704.9140625 1299.9998779297457
97 1317.000000000011 1300.0
98 1309.7696070006314 1272.9868200811325
99 1289.9969012372967 1253.2123269384028
100 1262.984375 1245.9794921875
101 1235.9685462939087 1253.2097209326457
102 1216.192631340884 1272.984563439095
103 1208.960937500011 1300.0
104 809.9765625000073 1300.000162760436
105 410.99218750000364 1300.0003255208721
106 12.0078125 1300.0004882813082
107 12.007644971214177 869.8390366236563
108 12.007477442424715 439.67758496606257
109 12.007309913638892 9.516133308410645
110 499.7338736057318 9.515943368256558
111 987.4604372978247 9.515753428160679
112 1475.1870009899176 9.515563488006592
113 1962.9135646820105 9.515373547852505
114 2450.6401283740997 9.515183607756626
115 2938.3666920661926 9.514993667602539
116 3426.0932557582855 9.514803727448452
117 3913.8198194503784 9.514613787352573
118 4401.546383142471 9.514423847198486
119 4889.272946834564 9.5142339070444
120 5376.999510526657 9.51404396694852
121 5864.72607421875 9.513854026794434
122 5864.726318359375 392.1569209099398
123 5864.726562500007 774.799987793027
124 5866.753431148958 803.2776103282231
125 5872.814413747881 831.1764933114173
126 5882.7860051722455 857.9281389849493
127 5896.465013510402 882.9874269369175
128 5913.572700521363 905.843722063466
129 5933.7604615060845 926.0312798206578
130 5956.61692885316 943.1387367382413
131 5981.676354509349 956.817492805887
132 6008.4281005647135 966.7888149230857
133 6036.327044561949 972.8495166659122
134 6064.8046875 974.8760986328125
135 6244.875 974.8760375977145
136 5426.562500000011 1218.9681396484957
137 5417.1888841512955 1196.3269882029854
138 5394.546875 1186.9554443359375
139 5371.909917267247 1196.3297522314242
140 5362.5390625 1218.9681396484957
141 5371.910262751448 1241.6058956619236
142 5394.546875 1250.9798583984375
143 5417.188538624905 1241.60865964822
144 5176.46875 1218.9682617188082
145 5167.095134151292 1196.3271102732979
146 5144.453125000011 1186.9555664063082
147 5121.816167267276 1196.329874301795
148 5112.4453125 1218.9682617188082
149 5121.816512751473 1241.606017732236
150 5144.453125000011 1250.9799804686918
151 5167.09478862488 1241.6087817184743
152 5864.72705078125 2600.4826660155086
153 5377.000489473343 2600.4828491209773
154 4889.273928165436 2600.4830322265043
155 4401.547366857529 2600.483215331973
156 3913.8208055496216 2600.483398437442
157 3426.0942442417145 2600.4835815429105
158 2938.3676829338074 2600.4837646483793
159 2450.6411216259003 2600.4839477539062
160 1962.9145603179932 2600.484130859375
161 1475.1879990100897 2600.4843139648438
162 987.4614377021826 2600.4844970703125
163 499.7348763942755 2600.4846801758395
164 12.008315086368384 2600.484863281308
165 12.008147557578923 2170.3234049479943
166 12.007980028789461 1740.1619466146221
167 12.0078125 1310.0004882813082
168 410.99218750000364 1310.0003255208721
169 809.9765625000073 1310.000162760436
170 1208.960937500011 1310.0
171 1216.192631340884 1337.015436560905
172 1235.9685462939087 1356.7902790673543
173 1262.984375 1364.0205078125
174 1289.9969012372967 1356.7876730615972
175 1309.7696070006314 1337.0131799188675
176 1317.000000000011 1310.0
177 1704.9140625 1309.9998779297457
178 1716.124719444986 1334.9231582077919
179 1729.9887892718361 1358.4738757507876
180 1746.340602173681 1380.370609383448
181 1764.9847608596174 1400.3517023427412
182 1785.6984754701698 1418.178388966713
183 1808.2342258224817 1433.6376478432794
184 1832.32271917244 1446.5447473271051
185 1857.6761081497934 1456.7454530045507
186 1883.9914304132253 1464.1178707305808
187 1910.9542289229794 1468.5739032122656
188 1938.2423095703198 1470.0603027344332
189 2238.351562500011 1470.060180663946
190 2265.6388933828566 1468.5729817940155
191 2292.6008719480924 1464.1163127422915
192 2318.9153305115688 1456.743426082423
193 2344.26783858168 1446.5424201642163
194 2368.3554599776617 1433.6351864298922
195 2390.8903726028148 1418.1759529376868
196 2411.603307620091 1400.3494414965971
197 2430.246766935441 1380.3686604321701
198 2446.5979805434145 1358.4723593579256
199 2460.461568397681 1334.9221763651003
200 2471.671875 1309.9995117188082
201 2873.242187500011 1309.9993896484375
202 2888.6772985914467 1328.4447748351959
203 2907.3829314520735 1343.5634450272773
204 2928.655343958151 1354.786606581125
205 2951.694226766209 1361.6920224302448
206 2975.6328125 1364.0198974609375
207 2999.571409307566 1361.6920038377284
208 3022.6102986744445 1354.7865652147448
209 3043.882712053528 1343.563377839222
210 3062.58833921525 1328.4446801994927
211 3078.0234375 1309.9992675780086
212 3530.4308035714275 1309.9990931918728
213 3982.8381696428587 1309.998918805737
214 4435.245535714286 1309.9987444196013
215 4887.652901785714 1309.9985700334073
216 5340.060267857145 1309.9983956472715
217 5792.4676339285725 1309.9982212611358
218 6244.875 1309.998046875
219 6244.875 1635.1201171874418
220 6064.8046875 1635.1202392578125
221 6036.32703906719 1637.146822009643
222 6008.4280899111545 1643.2075260860147
223 5981.6763393585425 1653.1788519900292
224 5956.616910169745 1666.8576131416485
225 5933.7604405247475 1683.9650762288366
226 5913.572678704237 1704.152640980261
227 5896.464992496214 1727.008943623514
228 5882.785986718569 1752.068239280954
229 5872.814399668234 1778.8198924936005
230 5866.753423246526 1806.7187824845896
231 5864.726562500007 1835.1964111328125
232 5864.726806640625 2217.8395385741605
233 5426.562500000011 1391.0286865234375
234 5417.188538624883 1368.3881665237714
235 5394.546875 1359.0169677734957
236 5371.910262751469 1368.3909305100096
237 5362.5390625 1391.0286865234375
238 5371.90991726725 1413.667073940509
239 5394.546875 1423.0413818359375
240 5417.1888841512955 1413.6698379689478
241 6677.28076171875 2610.999755859317
242 6302.140380859375 2610.9998779296293
243 5927.0 2611.0
244 5920.304447900664 2585.986451884033
245 5901.994505147253 2567.6765091306297
246 5876.980957031257 2560.980957031308
247 5876.980712890625 2185.8405151367188
248 5876.98046875 1810.7000732421293
249 5891.98681640625 1810.7000732421293
250 5898.163234448417 1839.4790676871198
251 5905.183975060958 1868.0638164589182
252 5913.042955624034 1896.429554341128
253 5921.733367284571 1924.5517058638507
254 5931.247680855369 1952.4059065949987
255 5941.577653338165 1979.9680242494796
256 5952.714335065226 2007.2141795967473
257 5964.648077453159 2034.1207671490847
258 5977.368541362201 2060.664475613332
259 5990.8647060538715 2086.82230808679
260 6005.124878739072 2112.5716019816464
261 6020.136704708479 2137.8900486591156
262 6035.887178036413 2162.7557127572945
263 6052.362652848889 2187.147051195323
264 6069.54885514608 2211.0429318381357
265 6087.430895169069 2234.422651804576
266 6105.9932802999465 2257.2659554043203
267 6125.219928484352 2279.5530516864383
268 6145.094182164561 2301.264631586324
269 6165.598822711283 2322.381884654518
270 6186.716085341497 2342.886515353457
271 6208.427674509483 2362.7607589088148
272 6230.714779757684 2381.9873966999003
273 6253.558092013693 2400.5497711781645
274 6276.937820319225 2418.4318002983346
275 6300.833708976577 2435.617991451989
276 6325.225055097719 2452.093454889895
277 6350.0907265408605 2467.843916622107
278 6375.409180218878 2482.8557307845913
279 6401.158480763763 2497.115891461959
280 6427.31631953099 2510.612043955305
281 6453.860033927231 2523.3324954860145
282 6480.766627044737 2535.266225326457
283 6508.012787585401 2546.4028943476733
284 6535.5749100571265 2556.7328539772425
285 6563.4291152251535 2566.2471545586013
286 6591.551270800504 2574.93755310477
287 6619.91701234768 2582.796520439908
288 6648.501764393499 2589.817247722298
289 6677.28076171875 2595.993652343808
290 7018.0048828125 784.9951171875
291 7005.0 798.0
292 6528.82177734375 798.0005798340426
293 6052.6435546875 798.001159668027
294 6037.4296875 782.998229980527
295 6033.2724609375 482.88104248052696
296 6046.0986328125 469.87713623041054
297 6313.7509765625 469.8770751951961
298 6327.764582857519 491.8787326538004
299 6350.952148437507 503.8282470703125
300 6684.478515625 575.6709594726562
301 7018.0048828125 647.513671875
302 7255.000000000007 294.99917602544883
303 6903.6666666666715 294.99945068365196
304 6552.333333333343 294.9997253417969
305 6201.000000000007 295.0
306 6201.000000000007 280.0
307 6434.826660156257 144.99981689453125
308 6727.633056640625 144.9995880126371
309 7020.439453125 144.99935913074296
310 7254.26611328125 279.9991760253324
311 7278.7275390625 620.1187133789062
312 7265.901367187507 633.1226196289062
313 6998.2490234375 633.1227416993352
314 6984.235417142481 611.1210842407309
315 6961.0478515625 599.1715698242188
316 6627.521484375 527.3289489746094
317 6293.995117187507 455.486328125
318 6293.995117187507 318.0048828125
319 6307.0 305.0
320 6783.17822265625 304.99928283697227
321 7259.3564453125 304.99856567394454
322 7274.570312500007 320.0014953613281
323 7169.0 1108.0
324 7154.0 1108.0
325 7151.117781641529 1078.7364603531896
326 7142.581912358823 1050.5975038885372
327 7128.720420652047 1024.6644943641732
328 7110.065995598779 1001.9340222780593
329 7087.3355159220955 983.279606473865
330 7061.402500757467 969.4181253192364
331 7033.263540819615 960.882267486304
332 7004.0 958.0000610352145
333 6740.5 958.0001525879488
334 6477.000000000007 958.000244140625
335 6447.736436731982 960.8824550569989
336 6419.597456950658 969.4183259425336
337 6393.664426985386 983.2798277272377
338 6370.933939663628 1001.9342701210408
339 6352.2795157679575 1024.6647726238007
340 6338.418035087576 1050.5978138695937
341 6329.882187101619 1078.7368005974567
342 6327.000000000007 1108.0003662109957
343 6312.000000000007 1108.0003662109957
344 6312.000000000007 843.0003051758395
345 6336.748737341535 832.7490425173892
346 6347.000000000007 808.0003051758395
347 6740.5 808.0001525879488
348 7134.0 808.0
349 7144.251262658472 832.7487373415497
350 7169.0 843.0
351 7279.000000000007 1246.0
352 7251.000000000007 1246.0
353 7226.251262658479 1256.2512626584503
354 7216.000000000007 1281.0
355 6891.5 1281.0001220703125
356 6567.0 1281.000244140625
357 6556.748737341528 1256.2515067990753
358 6532.0 1246.000244140625
359 6504.0 1246.000244140625
360 6504.0 981.0003051758395
361 6522.000000000007 981.000244140625
362 6524.882207939518 1010.263792443031
363 6533.418070123313 1038.402758995362
364 6547.279558154623 1064.3357790935552
365 6565.933982822018 1087.0662613186287
366 6588.664465047063 1105.720685985987
367 6614.597485145241 1119.582174017327
368 6642.7364516975795 1128.1180362011073
369 6672.0 1131.000244140625
370 7111.000000000007 1131.0
371 7140.263548302428 1128.1177920604823
372 7168.402514854766 1119.581929876702
373 7194.335534952945 1105.720441845362
374 7217.066017177982 1087.0660171780037
375 7235.720441845384 1064.3355349529302
376 7249.581929876687 1038.402514854737
377 7258.117792060482 1010.263548302406
378 7261.0 981.0
379 7279.000000000007 981.0
380 7185.000000000007 1306.0
381 6951.173339843757 1441.0
382 6488.82666015625 1441.0
383 6255.0 1306.0
384 6255.0 1290.9999999999418
385 6720.0 1290.9999999999418
386 7185.000000000007 1290.9999999999418
387 7195.000000000007 1600.999267578125
388 6728.0 1600.9996337890625
389 6261.0 1601.0
390 6261.0 1586.0
391 6494.826660156257 1450.9998779297457
392 6959.99267578125 1450.9995117186918
393 7193.8193359375 1585.999267578125
394 7239.0 1761.0
395 6858.666666666664 1761.000162760436
396 6478.333333333336 1761.0003255208721
397 6098.0 1761.0004882813082
398 6098.0 1746.0004882811918
399 6331.82666015625 1611.0003662109375
400 6668.499755859375 1611.000244140625
401 7005.172851562507 1611.0001220703125
402 7239.0 1746.0
403 7028.0 1786.0
404 6794.17333984375 1920.9999999999418
405 6457.5 1920.9999999999418
406 6120.82666015625 1920.9999999999418
407 5887.0 1786.0
408 5887.0 1771.0
409 6267.333333333336 1771.0
410 6647.666666666664 1771.0
411 7028.0 1771.0
412 7081.0 1946.0
413 6847.17333984375 2080.999999999942
414 6510.5 2080.999999999942
415 6173.82666015625 2080.999999999942
416 5940.0 1946.0
417 5940.0 1931.0
418 6320.333333333336 1931.0
419 6700.666666666664 1931.0
420 7081.0 1931.0
421 7165.0 2106.0
422 6931.17333984375 2241.0
423 6589.5 2241.0001220703125
424 6247.82666015625 2241.000244140625
425 6014.0 2106.000488281308
426 6014.0 2091.000488281192
427 6397.666666666664 2091.000325520814
428 6781.333333333336 2091.000162760378
429 7165.0 2091.0
430 7279.000000000007 2266.0
431 7045.173339843757 2401.0
432 6703.5 2401.0001220703707
433 6361.82666015625 2401.0002441407414
434 6128.0 2266.000488281192
435 6128.0 2251.000488281192
436 6511.6666666666715 2251.000325520814
437 6895.333333333336 2251.000162760378
438 7279.000000000007 2251.0
439 7279.000000000007 2427.0
440 7045.173339843757 2562.0
441 6586.82666015625 2562.0
442 6353.0 2427.0
443 6353.0 2412.0
444 6816.0 2412.0
445 7279.000000000007 2412.0
446 9635.0068359375 2576.994140625
447 9620.0 2592.0
448 9204.84521484375 2592.0
449 8789.6904296875 2592.0
450 8294.504557291664 2592.0
451 7799.318684895836 2592.0
452 7304.1328125 2592.0
453 7289.1279296875 2576.994140625
454 7289.1279296875 2151.501302083314
455 7289.1279296875 1726.008463541686
456 7289.1279296875 1300.515625
457 7289.1279296875 875.0227864583139
458 7289.1279296875 449.52994791668607
459 7289.1279296875 24.037109375
460 7304.1328125 9.03125
461 7767.306640625 9.03125
462 8230.48046875 9.03125
463 8693.654296875 9.03125
464 9156.828125 9.03125
465 9620.001953125 9.03125
466 9635.0068359375 24.037109375
467 9635.0068359375 449.52994791668607
468 9635.0068359375 875.0227864583139
469 9635.0068359375 1300.515625
470 9635.0068359375 1726.008463541686
471 9635.0068359375 2151.501302083314
472 11990.8720703125 2576.993164062442
473 11975.8671875 2591.9990234375
474 11480.681315104164 2591.999267578125
475 10985.495442708336 2591.999511718808
476 10490.3095703125 2591.999755859433
477 10075.15478515625 2591.9998779297457
478 9660.0 2592.0
479 9644.993164062507 2576.994140625
480 9644.993001302086 2151.5013030369882
481 9644.992838541672 1726.0084654490347
482 9644.99267578125 1300.515627861023
483 9644.992513020836 875.0227902730112
484 9644.992350260422 449.52995268505765
485 9644.9921875 24.0371150970459
486 9659.9970703125 9.03125
487 10123.1708984375 9.031069564807694
488 10586.3447265625 9.030889129615389
489 11049.5185546875 9.03070869448129
490 11512.6923828125 9.030528259288985
491 11975.8662109375 9.03034782409668
492 11990.871093750007 24.03620147710899
493 11990.871256510422 449.52902857464505
494 11990.871419270836 875.0218556722393
495 11990.87158203125 1300.5146827697754
496 11990.871744791672 1726.0075098673115
497 11990.871907552086 2151.5003369649057
GTSP_SET_SECTION
1 1 -1
2 2 3 4 5 6 7 -1
3 8 9 10 11 12 13 14 15 -1
4 16 17 18 19 20 21 22 23 24 25 26 27 28 29 30 31 32 33 34 35 36 37 38 39 40 41 42 43 44 45 46 47 48 49 50 51 52 53 54 55 56 57 58 59 60 61 62 63 64 -1
5 65 66 67 68 69 70 71 72 73 74 75 76 77 78 79 80 81 82 83 84 85 86 87 88 89 90 91 92 93 94 95 96 97 98 99 100 101 102 103 104 105 106 107 108 109 110 111 112 113 114 115 116 117 118 119 120 121 122 123 124 125 126 127 128 129 130 131 132 133 134 135 -1
6 136 137 138 139 140 141 142 143 -1
7 144 145 146 147 148 149 150 151 -1
8 152 153 154 155 156 157 158 159 160 161 162 163 164 165 166 167 168 169 170 171 172 173 174 175 176 177 178 179 180 181 182 183 184 185 186 187 188 189 190 191 192 193 194 195 196 197 198 199 200 201 202 203 204 205 206 207 208 209 210 211 212 213 214 215 216 217 218 219 220 221 222 223 224 225 226 227 228 229 230 231 232 -1
9 233 234 235 236 237 238 239 240 -1
10 241 242 243 244 245 246 247 248 249 250 251 252 253 254 255 256 257 258 259 260 261 262 263 264 265 266 267 268 269 270 271 272 273 274 275 276 277 278 279 280 281 282 283 284 285 286 287 288 289 -1
11 290 291 292 293 294 295 296 297 298 299 300 301 -1
12 302 303 304 305 306 307 308 309 310 -1
13 311 312 313 314 315 316 317 318 319 320 321 322 -1
14 323 324 325 326 327 328 329 330 331 332 333 334 335 336 337 338 339 340 341 342 343 344 345 346 347 348 349 350 -1
15 351 352 353 354 355 356 357 358 359 360 361 362 363 364 365 366 367 368 369 370 371 372 373 374 375 376 377 378 379 -1
16 380 381 382 383 384 385 386 -1
17 387 388 389 390 391 392 393 -1
18 394 395 396 397 398 399 400 401 402 -1
19 403 404 405 406 407 408 409 410 411 -1
20 412 413 414 415 416 417 418 419 420 -1
21 421 422 423 424 425 426 427 428 429 -1
22 430 431 432 433 434 435 436 437 438 -1
23 439 440 441 442 443 444 445 -1
24 446 447 448 449 450 451 452 453 454 455 456 457 458 459 460 461 462 463 464 465 466 467 468 469 470 471 -1
25 472 473 474 475 476 477 478 479 480 481 482 483 484 485 486 487 488 489 490 491 492 493 494 495 496 497 -1
GTSP_SET_ORDERING
6 5 -1
7 5 -1
9 8 -1
EOF