NAME: Mc25v524
TYPE: PCGTSP 
COMMENT: 
DIMENSION: 525
GTSP_SETS: 26
EDGE_WEIGHT_TYPE: EUC_2D
NODE_COORD_SECTION
1 0.0 0.0
2 7773.066894531246 1127.9998779296875
3 7608.006347656246 1288.0620117188664
4 7592.999999999996 1288.0620117188664
5 7592.999999999996 1123.0000000002328
6 7608.005859374996 1107.9919433594914
7 7773.066894531246 1107.9918212890625
8 7772.999999999996 1321.0
9 7757.994140624996 1336.0080566408578
10 7592.933105468746 1336.0080566408578
11 7592.933105468746 1316.000122070429
12 7757.994140624996 1155.93798828125
13 7772.999999999996 1155.93798828125
14 7906.458007812496 1097.9990234376164
15 7721.209960937496 1097.9990234376164
16 7705.999999999996 1083.0
17 7705.308593749996 1032.9990234375
18 7732.986328124996 1005.3212890626164
19 7741.096949271709 999.9019927624613
20 7750.664062499996 997.9990234373836
21 7881.458007812496 997.9989624023438
22 7899.135677342161 1005.3212928727735
23 7906.458007812496 1022.9989624024602
24 7883.322265624996 1207.6777343748836
25 7875.211644478284 1213.0970306750387
26 7865.644531249996 1215.0000000001164
27 7807.999999999996 1215.0000000001164
28 7790.322330470288 1207.6776695296867
29 7782.999999999996 1189.9999999998836
30 7782.999999999996 1108.0000000001164
31 7895.999999999996 1108.0000000001164
32 7910.999999999996 1123.0000000002328
33 7910.999999999996 1180.0000000001164
34 7044.999999999996 2127.9999999998836
35 7029.999999999996 2127.9999999998836
36 7027.117792060479 2098.7364516974194
37 7018.581929876691 2070.5974851450883
38 7004.72044184538 2044.6644650469534
39 6986.066017177978 2021.93398282188
40 6963.335534952934 2003.2795581545215
41 6937.402514854763 1989.4180701231817
42 6909.263548302417 1980.8822079394013
43 6879.999999999996 1977.9999999998836
44 6468.641113281246 1977.9999999998836
45 6435.999999999996 1958.0
46 6435.999999999996 1858.0
47 6455.93173227544 1848.5362834573025
48 6463.999999999996 1828.0000000002328
49 6736.999999999996 1828.0000000002328
50 7009.999999999996 1828.0000000002328
51 7020.2512626584685 1852.7487373417243
52 7044.999999999996 1863.0000000002328
53 6969.999999999996 2125.0000000001164
54 6950.068267724546 2134.4637165429303
55 6941.999999999996 2155.0
56 6668.999999999996 2155.000122070429
57 6395.999999999996 2155.0002441407414
58 6385.748737341524 2130.25150679925
59 6360.999999999996 2120.000244140858
60 6360.999999999996 1855.000244140625
61 6375.999999999996 1855.000244140625
62 6378.882228777391 1884.263775131898
63 6387.418105158995 1912.4027215087553
64 6401.279600541235 1938.3357204593485
65 6419.934025980361 1961.0661824066192
66 6442.664503108692 1979.7205893476494
67 6468.597513339784 1993.5820636255667
68 6496.736466663166 2002.117917107651
69 6525.999999999996 2005.0001220703125
70 6937.358886718746 2005.0
71 6969.999999999996 2025.0000000001164
72 7889.007812499996 1421.994018554804
73 7873.999999999996 1437.0000000001164
74 7688.930175781246 1437.0001220703125
75 7688.930175781246 1421.994140625
76 7868.999999999996 1236.9250488282414
77 7889.007812499996 1236.9250488282414
78 11283.999999999996 2292.0
79 11050.172851562496 2427.0
80 10569.28190104166 2427.0002034505596
81 10088.390950520832 2427.000406901003
82 9607.499999999996 2427.000610351446
83 9126.60904947916 2427.0008138020057
84 8645.718098958332 2427.0010172525654
85 8164.827148437496 2427.0012207030086
86 7930.999999999996 2292.001220703125
87 7930.999999999996 2277.001220703358
88 8409.999999999996 2277.001046317164
89 8888.999999999996 2277.00087193097
90 9367.999999999996 2277.000697544776
91 9846.999999999996 2277.0005231586983
92 10325.999999999996 2277.0003487725044
93 10804.999999999996 2277.0001743863104
94 11283.999999999996 2277.0000000001164
95 11941.999999999996 2600.9968261719914
96 11934.999999999996 2600.9968261719914
97 11927.928932188177 2603.92575836007
98 11924.999999999996 2610.996826171875
99 11427.249999999996 2610.9972229003906
100 10929.499999999996 2610.9976196290227
101 10431.749999999996 2610.9980163575383
102 9933.999999999996 2610.998413086054
103 9436.249999999996 2610.9988098145695
104 8938.499999999996 2610.999206543085
105 8440.749999999996 2610.999603271717
106 7942.999999999996 2611.000000000233
107 7927.999999999996 2596.0
108 7927.999511718746 2311.000000000233
109 7942.999511718746 2311.000000000233
110 7945.8817315655215 2340.2636081650853
111 7954.417628556188 2368.402627633419
112 7968.279171601167 2394.335687200073
113 7986.9336671741585 2417.0661898120306
114 8009.6642305101595 2435.720611392404
115 8035.597335198789 2449.582070019911
116 8063.736382453044 2458.1178754123393
117 8092.999999999996 2461.0
118 8574.124999999996 2460.9996032714844
119 9055.249999999996 2460.9992065429688
120 9536.374999999996 2460.998809814453
121 10017.499999999996 2460.998413086054
122 10498.624999999996 2460.9980163575383
123 10979.749999999996 2460.9976196290227
124 11460.874999999996 2460.997222900507
125 11941.999999999996 2460.9968261719914
126 11963.999999999996 2451.000000000233
127 11511.999999999996 2451.000122070429
128 11059.999999999996 2451.0002441405086
129 11061.286132812496 2436.0002441405086
130 11295.112304687496 2301.0002441407414
131 11730.172851562496 2301.0
132 11963.999999999996 2435.9999999998836
133 11980.999999999989 2417.0000000001164
134 11965.999999999996 2417.0000000001164
135 11963.1177920605 2387.7364516976522
136 11954.581929876727 2359.597485145321
137 11940.720441845424 2333.66446504707
138 11922.06601717803 2310.9339828219963
139 11899.335534952985 2292.279558154638
140 11873.402514854799 2278.418070123298
141 11845.263548302439 2269.8822079394013
142 11815.999999999996 2266.9999999998836
143 11334.874999999996 2267.0001831053523
144 10853.749999999996 2267.000366210821
145 10372.624999999996 2267.00054931629
146 9891.499999999996 2267.0007324217586
147 9410.374999999996 2267.0009155273438
148 8929.249999999996 2267.0010986328125
149 8448.124999999996 2267.0012817382812
150 7966.999999999996 2267.00146484375
151 7966.999999999996 2127.00146484375
152 7973.999999999996 2127.00146484375
153 7981.071067811859 2124.0725326556712
154 7983.999999999996 2117.0014648438664
155 8481.749999999996 2117.0012817383977
156 8979.499999999996 2117.001098632929
157 9477.249999999996 2117.0009155273438
158 9974.999999999996 2117.000732421875
159 10472.749999999996 2117.0005493164062
160 10970.499999999996 2117.000366210821
161 11468.249999999996 2117.0001831053523
162 11965.999999999996 2116.9999999998836
163 11980.999999999989 2132.0
164 11934.999999999996 2043.9999999998836
165 11453.874999999996 2043.9999999998836
166 10972.749999999996 2043.9999999998836
167 10491.624999999996 2043.9999999998836
168 10010.499999999996 2043.9999999998836
169 9529.374999999996 2043.9999999998836
170 9048.249999999996 2043.9999999998836
171 8567.124999999996 2043.9999999998836
172 8085.999999999996 2043.9999999998836
173 8056.736451697576 2046.8822079394013
174 8028.59748514523 2055.4180701231817
175 8002.664465047059 2069.2795581545215
176 7979.9339828220145 2087.93398282188
177 7961.2795581546125 2110.6644650469534
178 7947.418070123302 2136.5974851450883
179 7938.882207939514 2164.7364516974194
180 7935.999999999996 2193.9999999998836
181 7920.999999999996 2193.9999999998836
182 7920.999999999996 1909.0
183 7935.999999999996 1894.0
184 8433.749999999996 1894.0
185 8931.499999999996 1894.0
186 9429.249999999996 1894.0
187 9926.999999999996 1894.0
188 10424.749999999996 1894.0
189 10922.499999999996 1894.0
190 11420.249999999996 1894.0
191 11917.999999999996 1894.0
192 11920.928932188177 1901.0710678118048
193 11927.999999999996 1903.9999999998836
194 11934.999999999996 1903.9999999998836
195 11898.999999999996 1884.0000000002328
196 11430.978332519528 1884.0000000002328
197 10962.956665039059 1884.0000000002328
198 10494.93499755859 1884.0000000002328
199 10026.913330078121 1884.0000000002328
200 9558.891662597653 1884.0000000002328
201 9090.869995117184 1884.0000000002328
202 8622.848327636715 1884.0000000002328
203 8154.826660156246 1884.0000000002328
204 7920.999999999996 1748.9999999998836
205 7920.999999999996 1733.9999999998836
206 8416.124999999996 1733.9999999998836
207 8911.249999999996 1733.9999999998836
208 9406.374999999996 1733.9999999998836
209 9901.499999999996 1733.9999999998836
210 10396.624999999996 1733.9999999998836
211 10891.749999999996 1733.9999999998836
212 11386.874999999996 1733.9999999998836
213 11881.999999999996 1733.9999999998836
214 11884.928932188039 1741.0710678119212
215 11891.999999999996 1744.0000000002328
216 11898.999999999996 1744.0000000002328
217 11898.999999999996 1724.0000000001164
218 11430.978332519528 1724.0000000001164
219 10962.956665039059 1724.0000000001164
220 10494.93499755859 1724.0000000001164
221 10026.913330078121 1724.0000000001164
222 9558.891662597653 1724.0000000001164
223 9090.869995117184 1724.0000000001164
224 8622.848327636715 1724.0000000001164
225 8154.826660156246 1724.0000000001164
226 7920.999999999996 1588.9999999998836
227 7920.999999999996 1574.0
228 8416.124999999996 1574.0
229 8911.249999999996 1574.0
230 9406.374999999996 1574.0
231 9901.499999999996 1574.0
232 10396.624999999996 1574.0
233 10891.749999999996 1574.0
234 11386.874999999996 1574.0
235 11881.999999999996 1574.0
236 11884.92893218809 1581.0710678119212
237 11891.999999999996 1584.0000000001164
238 11898.999999999996 1584.0000000001164
239 11596.999999999996 955.0
240 11581.999999999996 970.0000000001164
241 11196.499999999996 970.000152588007
242 10810.999999999996 970.0003051758977
243 10800.748737341524 945.2515678344062
244 10775.999999999996 935.0003051758977
245 10775.999999999996 820.0003051760141
246 11186.499999999996 820.0001525882399
247 11596.999999999996 820.0000000003492
248 11590.999999999996 795.0000000001164
249 11575.999999999996 809.9999999998836
250 11490.999999999989 809.9999999998836
251 11490.999999999989 659.0000000002328
252 11498.322330470273 641.3223304704297
253 11515.999999999996 633.9999999998836
254 11590.999999999996 633.9999999998836
255 11480.999999999996 797.9999999998836
256 11465.999999999996 797.9999999998836
257 11463.117792060479 768.7364516974194
258 11454.581929876691 740.5974851450883
259 11440.720441845373 714.6644650469534
260 11422.066017177978 691.9339828218799
261 11399.335534952934 673.2795581545215
262 11373.402514854755 659.4180701231817
263 11345.26354830241 650.8822079394013
264 11315.999999999996 648.0
265 10950.942382812496 648.0
266 10872.999999999996 603.0000000002328
267 10872.999999999996 513.0000000001164
268 10887.999999999996 498.00000000023283
269 11176.999999999996 498.00000000023283
270 11465.999999999996 498.00000000023283
271 11480.999999999996 513.0000000001164
272 11420.999999999989 795.0000000001164
273 11405.999999999996 809.9999999998836
274 11116.999999999996 810.0001220703125
275 10827.999999999996 810.0002441407414
276 10812.999999999996 795.0002441408578
277 10812.999999999996 510.0002441407414
278 10827.999999999996 510.0002136232797
279 10830.882213149005 539.2637575978879
280 10839.418078882267 567.4027191062924
281 10853.279568751317 593.3357339175418
282 10871.933993611656 616.0662110731937
283 10894.664474562513 634.72063130897
284 10920.597492193909 648.5821159018669
285 10948.736455438997 657.1179759101942
286 10977.999999999996 660.0001831055852
287 11343.057617187496 660.0000000001164
288 11420.999999999989 705.0
289 11488.320312499996 1072.677734375
290 11480.212398046478 1078.0959097387968
291 11470.648437499996 1080.0000000001164
292 11420.999999999989 1080.0001220703125
293 11403.322330470375 1072.6777916001156
294 11395.999999999996 1055.0001220705453
295 11395.999999999996 980.0001220704289
296 11500.999999999996 980.0000000001164
297 11515.999999999996 994.9999999997672
298 11515.999999999996 1045.0000000001164
299 11385.999999999989 1079.999633789179
300 11117.999999999989 1079.9998168946477
301 10849.999999999996 1080.0000000001164
302 10849.999999999996 980.0000000001164
303 11117.999999999989 979.9997863769531
304 11385.999999999989 979.9995727537898
305 11937.505859374996 1553.591918945429
306 11930.502929687496 1553.591918945429
307 11923.429336558696 1556.5194697070401
308 11920.499023437496 1563.591918945196
309 11454.324218749996 1563.5921386717819
310 10988.149414062496 1563.5923583983677
311 10521.974609374996 1563.592578124837
312 10055.799804687496 1563.5927978514228
313 9589.624999999996 1563.5930175780086
314 9176.971313476566 1563.5932006834773
315 8764.317626953129 1563.593383788946
316 8351.663940429691 1563.5935668944148
317 7939.010253906261 1563.5937499998836
318 7924.000488281246 1548.5859374998836
319 7924.000366210934 1167.4394531248836
320 7924.000244140621 786.2929687498836
321 7924.000122070309 405.1464843748836
322 7923.999999999996 23.999999999883585
323 7939.004882812496 9.0078058243962
324 8351.659667968746 9.007613897440024
325 8764.314453124996 9.007421970483847
326 9176.969238281246 9.00723004352767
327 9589.624023437496 9.007038116571493
328 10055.798828124996 9.006821441813372
329 10521.973632812496 9.00660476705525
330 10988.148437499989 9.006388092180714
331 11454.323242187489 9.006171417422593
332 11920.498046874989 9.005954742664471
333 11923.42836201964 16.078400281374343
334 11930.501953124996 19.005949020269327
335 11937.504882812511 19.00594711326994
336 11937.505126953129 402.6524400713388
337 11937.505371093754 786.2989330292912
338 11937.505615234371 1169.94542598736
339 11615.383789062496 786.2951660158578
340 11615.383789062496 581.4436035157414
341 11612.022460548196 555.4670441828202
342 11602.030968736963 531.2544388802489
343 11586.094810062994 510.4669664298417
344 11565.307332762193 494.53081408294383
345 11541.09472441846 484.5393296411494
346 11515.118164062496 481.1780090332031
347 11190.224121093746 481.17816162121017
348 10865.330078124996 481.1783142091008
349 10839.353507906784 484.53963739727624
350 10815.140891728235 494.5311293612467
351 10794.353410440173 510.4672931272071
352 10778.417253001218 531.2547792656114
353 10768.425768406709 555.4673984852852
354 10765.064453124996 581.4439697265625
355 10765.064453124996 786.2955322266789
356 10765.064453124996 991.1470947265625
357 10768.425816305757 1017.1238178107888
358 10778.417424865456 1041.3365554300835
359 10794.353765626864 1062.1240985211916
360 10815.141463932308 1078.0602368173422
361 10839.354298865768 1088.051609551534
362 10865.331054687496 1091.4127197265625
363 11190.225097656246 1091.4125366210938
364 11515.119140624996 1091.412353515625
365 11541.095515377285 1088.0508198972093
366 11565.307904966943 1078.0592162273824
367 11586.095165251423 1062.1230384106748
368 11602.031140603514 1041.33562291204
369 11612.022508449078 1017.123136007227
370 11615.383789062496 991.1467285155086
371 7964.015136718746 1036.3906250001164
372 7946.32562625092 1043.7150242328644
373 7939.005371093746 1061.4062500001164
374 7939.005371093746 1111.4218749998836
375 7946.328390647544 1129.1080492151668
376 7964.015136718746 1136.4296875
377 7981.701882789948 1129.1080492151668
378 7989.024902343746 1111.4218749998836
379 7989.024902343746 1061.4062500001164
380 7981.704647186572 1043.7150242328644
381 7907.664062499996 2594.9999999998836
382 7413.038085937496 2594.9999999998836
383 6918.412109374996 2594.9999999998836
384 6423.786132812496 2594.9999999998836
385 5929.160156249996 2594.9999999998836
386 5434.5341796875 2594.9999999998836
387 4939.908203125 2594.9999999998836
388 4445.2822265625 2594.9999999998836
389 3950.65625 2594.9999999998836
390 3943.9611041581556 2569.987645547488
391 3925.652587249886 2551.6780562096974
392 3900.640625 2544.9814453125
393 3875.6253602738143 2551.6754501154646
394 3857.3136341427453 2569.985388829955
395 3850.6171875 2594.9999999998836
396 3372.04296875 2594.9999999998836
397 2893.46875 2594.9999999998836
398 2886.101215348248 2573.7253871175926
399 2871.8221565704334 2556.3185436198255
400 2852.3986410756697 2544.933607697254
401 2830.234375 2540.979492187733
402 2808.0701089243303 2544.933607697254
403 2788.6465934295666 2556.3185436198255
404 2774.367534651752 2573.7253871175926
405 2767.0 2594.9999999998836
406 2307.360677083332 2594.9999999998836
407 1847.7213541666679 2594.9999999998836
408 1388.08203125 2594.9999999998836
409 928.4427083333321 2594.9999999998836
410 468.8033854166679 2594.9999999998836
411 9.1640625 2594.9999999998836
412 9.1640625 2164.005045572878
413 9.1640625 1733.0100911458721
414 9.1640625 1302.0151367188664
415 9.1640625 871.0201822917443
416 9.1640625 440.02522786473855
417 9.1640625 9.03027343773283
418 502.8203125 9.03027343773283
419 996.4765625 9.03027343773283
420 1490.1328125 9.03027343773283
421 1983.7890625 9.03027343773283
422 2477.4453125 9.03027343773283
423 2971.1015625 9.03027343773283
424 3464.7578124999964 9.03027343773283
425 3958.4140624999964 9.03027343773283
426 4452.070312499996 9.03027343773283
427 4945.726562499996 9.03027343773283
428 5439.382812499996 9.03027343773283
429 5933.039062499996 9.03027343773283
430 6426.695312499996 9.03027343773283
431 6920.351562499996 9.03027343773283
432 7414.007812499996 9.03027343773283
433 7907.664062499996 9.03027343773283
434 7907.664062499996 494.2124023438664
435 7907.664062499996 979.3945312498836
436 7807.624999999996 979.3945312498836
437 7779.6193780943395 980.9566623487044
438 7751.965014549391 985.6461494013201
439 7725.010024755309 993.4039607611485
440 7699.093720328285 1004.1324404641055
441 7674.542337828145 1017.6965375303989
442 7651.664932065858 1033.9255059967982
443 7630.74948569632 1052.6150542806135
444 7612.059284069099 1073.5299168196507
445 7595.829600970963 1096.40681561362
446 7582.264736980182 1120.9577743893024
447 7571.535447714141 1146.8737436695956
448 7563.776794343674 1173.8284911136143
449 7559.086443431992 1201.4827081557596
450 7557.523437499996 1229.4882812502328
451 7559.086443432021 1257.493854344706
452 7563.776794343725 1285.1480713868514
453 7571.535447714206 1312.1028188307537
454 7582.264736980262 1338.018788111047
455 7595.8296009710575 1362.5697468867293
456 7612.059284069201 1385.4466456805822
457 7630.749485696422 1406.3615082196193
458 7651.66493206596 1425.0510565034347
459 7674.542337828239 1441.2800249697175
460 7699.093720328365 1454.8441220358945
461 7725.010024755382 1465.572601738968
462 7751.965014549442 1473.3304130986799
463 7779.619378094369 1478.0199001511792
464 7807.624999999996 1479.58203125
465 7907.664062499996 1479.58203125
466 7907.664062499996 1851.3880208332557
467 7907.664062499996 2223.194010416628
468 6301.546874999996 2001.77734375
469 6303.109717342832 2029.782437511254
470 6307.7997979676475 2057.436205726466
471 6315.558079808983 2084.390552604804
472 6326.286904376637 2110.30618642224
473 6339.851221045927 2134.8568904052954
474 6356.080287026929 2157.7336290309904
475 6374.769816613898 2178.6484380568145
476 6395.6845526610305 2197.3380493113073
477 6418.561227915703 2213.5672046208056
478 6443.111878932879 2227.1316171550425
479 6469.027470856501 2237.8605429173913
480 6495.98178744024 2245.6189300094265
481 6523.635537341488 2250.3091186160455
482 6551.640624999996 2251.8720703125
483 6851.757812499996 2251.8720703125
484 6879.762900158505 2250.3091186160455
485 6907.416650059753 2245.6189300094265
486 6934.370966643492 2237.8605429173913
487 6960.286558567113 2227.1316171550425
488 6984.83720958429 2213.5672046208056
489 7007.713884838962 2197.3380493113073
490 7028.628620886095 2178.6484380568145
491 7047.318150473064 2157.7336290309904
492 7063.547216454066 2134.8568904052954
493 7077.111533123356 2110.30618642224
494 7087.84035769101 2084.390552604804
495 7095.598639532345 2057.436205726466
496 7100.288720157161 2029.782437511254
497 7101.851562499996 2001.77734375
498 7100.288618552924 1973.7723254383309
499 7095.598453133858 1946.1186422702158
500 7087.840104082297 1919.1643872366985
501 7077.111230249331 1893.2488492199918
502 7063.5468822088405 1868.6982421673601
503 7047.317802297428 1845.8215988459997
504 7028.628275381325 1824.9068808687152
505 7007.713557403982 1806.217353952583
506 6984.836914082716 1789.988274041214
507 6960.286307030019 1776.4239260008326
508 6934.370769013305 1765.6950521678664
509 6907.416513979759 1757.9367031162838
510 6879.762830811673 1753.2465376972686
511 6851.757812499996 1751.6835937502328
512 6551.640624999996 1751.6835937502328
513 6523.63560668832 1753.2465376972686
514 6495.981923520234 1757.9367031162838
515 6469.027668486688 1765.6950521678664
516 6443.112130469974 1776.4239260008326
517 6418.5615234172765 1789.988274041214
518 6395.684880096011 1806.217353952583
519 6374.770162118668 1824.9068808687152
520 6356.080635202565 1845.8215988459997
521 6339.851555291152 1868.6982421673601
522 6326.287207250662 1893.2488492199918
523 6315.558333417695 1919.1643872366985
524 6307.799984366135 1946.1186422702158
525 6303.109818947069 1973.7723254383309
GTSP_SET_SECTION
1 1 -1
2 2 3 4 5 6 7 -1
3 8 9 10 11 12 13 -1
4 14 15 16 17 18 19 20 21 22 23 -1
5 24 25 26 27 28 29 30 31 32 33 -1
6 34 35 36 37 38 39 40 41 42 43 44 45 46 47 48 49 50 51 52 -1
7 53 54 55 56 57 58 59 60 61 62 63 64 65 66 67 68 69 70 71 -1
8 72 73 74 75 76 77 -1
9 78 79 80 81 82 83 84 85 86 87 88 89 90 91 92 93 94 -1
10 95 96 97 98 99 100 101 102 103 104 105 106 107 108 109 110 111 112 113 114 115 116 117 118 119 120 121 122 123 124 125 -1
11 126 127 128 129 130 131 132 -1
12 133 134 135 136 137 138 139 140 141 142 143 144 145 146 147 148 149 150 151 152 153 154 155 156 157 158 159 160 161 162 163 -1
13 164 165 166 167 168 169 170 171 172 173 174 175 176 177 178 179 180 181 182 183 184 185 186 187 188 189 190 191 192 193 194 -1
14 195 196 197 198 199 200 201 202 203 204 205 206 207 208 209 210 211 212 213 214 215 216 -1
15 217 218 219 220 221 222 223 224 225 226 227 228 229 230 231 232 233 234 235 236 237 238 -1
16 239 240 241 242 243 244 245 246 247 -1
17 248 249 250 251 252 253 254 -1
18 255 256 257 258 259 260 261 262 263 264 265 266 267 268 269 270 271 -1
19 272 273 274 275 276 277 278 279 280 281 282 283 284 285 286 287 288 -1
20 289 290 291 292 293 294 295 296 297 298 -1
21 299 300 301 302 303 304 -1
22 305 306 307 308 309 310 311 312 313 314 315 316 317 318 319 320 321 322 323 324 325 326 327 328 329 330 331 332 333 334 335 336 337 338 -1
23 339 340 341 342 343 344 345 346 347 348 349 350 351 352 353 354 355 356 357 358 359 360 361 362 363 364 365 366 367 368 369 370 -1
24 371 372 373 374 375 376 377 378 379 380 -1
25 381 382 383 384 385 386 387 388 389 390 391 392 393 394 395 396 397 398 399 400 401 402 403 404 405 406 407 408 409 410 411 412 413 414 415 416 417 418 419 420 421 422 423 424 425 426 427 428 429 430 431 432 433 434 435 436 437 438 439 440 441 442 443 444 445 446 447 448 449 450 451 452 453 454 455 456 457 458 459 460 461 462 463 464 465 466 467 -1
26 468 469 470 471 472 473 474 475 476 477 478 479 480 481 482 483 484 485 486 487 488 489 490 491 492 493 494 495 496 497 498 499 500 501 502 503 504 505 506 507 508 509 510 511 512 513 514 515 516 517 518 519 520 521 522 523 524 525 -1
GTSP_SET_ORDERING
6 26 25 -1
7 26 25 -1
16 23 22 -1
17 23 22 -1
18 23 22 -1
19 23 22 -1
20 23 22 -1
21 23 22 -1
23 22 -1
24 22 -1
26 25 -1
EOF