NAME: Mc26v484
TYPE: PCGTSP 
COMMENT: 
DIMENSION: 485
GTSP_SETS: 27
EDGE_WEIGHT_TYPE: EUC_2D
NODE_COORD_SECTION
1 0.0 0.0
2 2695.005859375 160.0556640625
3 2360.4790649414026 232.11392211911152
4 2025.9522705078089 304.17218017569394
5 2002.0030436520137 316.8316781919857
6 1988.1710205078089 340.12338256830117
7 1723.0714111328089 340.123504638701
8 1708.2725830078089 325.11959838858456
9 1712.4296875 25.003379821806448
10 1727.6435546875 9.999465942382812
11 2203.82177734375 9.999732971191406
12 2680.0 10.0
13 2695.005859375 25.00487518310547
14 3060.5703125 439.99786376950215
15 3045.3564453125 455.00079345700215
16 2569.17822265625 455.0003967284865
17 2093.0 455.0
18 2079.9951171875 441.9951171875
19 2079.9951171875 304.513671875
20 2413.521484375 232.67083740234375
21 2747.0478515625 160.8280029296875
22 2770.2354202883835 148.87848207200295
23 2784.2490234375 126.87681579589844
24 3051.901367187489 126.87677001950215
25 3064.7275390625 139.88067626950215
26 4057.004882812489 160.48632812488358
27 3723.478637695309 232.3292541503033
28 3389.9523925781286 304.17218017569394
29 3366.764820706303 316.12170747463824
30 3352.7512207031177 338.1233825683885
31 3085.0988769531177 338.123504638701
32 3072.2727050781177 325.11959838858456
33 3076.4296875 25.002403259190032
34 3091.6435546875 9.999465942382812
35 3567.82177734375 9.999732971191406
36 4044.0 10.0
37 4057.004882812489 23.004877090483205
38 4420.5703125 439.99786376950215
39 4405.3564453125 455.00079345700215
40 3929.17822265625 455.0003967284865
41 3453.0 455.0
42 3439.9951171875 441.9951171875
43 3439.9951171875 304.513671875
44 3773.521484375 232.67083740234375
45 4107.0478515625 160.8280029296875
46 4130.2354202883835 148.87848207200295
47 4144.2490234375 126.87681579589844
48 4411.9013671875 126.87677001950215
49 4424.7275390625 139.88067626950215
50 5419.0048828125 441.9951171875
51 5406.0 455.0
52 4929.82177734375 455.00057983395527
53 4453.6435546875 455.00115966788144
54 4438.4296875 439.99822998038144
55 4434.272460937489 139.88104248038144
56 4447.0986328125 126.87713623038144
57 4714.7509765625 126.87709045398515
58 4728.764586003454 148.87873909497284
59 4751.9521484375 160.8282470702834
60 5085.478515625 232.67095947262715
61 5419.0048828125 304.513671875
62 5780.727539062496 325.118682861299
63 5767.901367187496 338.122589111299
64 5500.249023437489 338.1227111815824
65 5486.2354108506115 316.12107135824044
66 5463.0478515625 304.17156982418965
67 5129.521484375 232.32894897452206
68 4795.9951171875 160.48632812488358
69 4795.9951171875 23.00488853448769
70 4809.0 10.0
71 5285.178222656246 9.99929046627949
72 5761.356445312496 9.998580932588084
73 5776.570312499996 25.001502990780864
74 6108.999999999996 1985.0
75 6058.999999999996 1985.0
76 6052.999999999996 1991.0
77 6000.999999999996 1991.0
78 5985.999999999996 1976.0
79 5985.999999999996 1837.6298828125
80 6006.499999999996 1825.7939453125
81 6009.7941578052305 1822.4998393604765
82 6010.999999999996 1818.0
83 6008.363961030675 1811.636038969329
84 6001.999999999996 1809.0
85 5972.999999999996 1809.0
86 5972.999999999996 1976.0
87 5957.999999999996 1991.0
88 5930.999999999996 1991.0
89 5924.999999999996 1985.0
90 5874.999999999996 1985.0
91 5874.999999999996 1811.0
92 5878.407417371087 1785.1180954897427
93 5888.397459621552 1761.0
94 5904.289321881344 1740.2893218813406
95 5924.999999999996 1724.3974596215703
96 5949.118095489746 1714.4074173710833
97 5974.999999999996 1711.0
98 6008.999999999996 1711.0
99 6034.881904510246 1714.4074173710833
100 6058.999999999996 1724.3974596215703
101 6079.7106781186485 1740.2893218813406
102 6095.602540378441 1761.0
103 6105.592582628906 1785.1180954897427
104 6108.999999999996 1811.0
105 6108.999999999996 1695.0
106 6058.999999999996 1695.0
107 6052.999999999996 1701.0
108 6000.999999999996 1701.0
109 5985.999999999996 1686.0
110 5985.999999999996 1547.6298828125
111 6006.499999999996 1535.7939453125
112 6009.7941578052305 1532.4998393604765
113 6010.999999999996 1528.0
114 6008.363961030675 1521.636038969329
115 6001.999999999996 1519.0
116 5972.999999999996 1519.0
117 5972.999999999996 1686.0
118 5957.999999999996 1701.0
119 5930.999999999996 1701.0
120 5924.999999999996 1695.0
121 5874.999999999996 1695.0
122 5874.999999999996 1520.9999999998836
123 5878.4074173711015 1495.1180954896554
124 5888.397459621574 1470.9999999999127
125 5904.289321881366 1450.2893218812824
126 5925.000000000018 1434.397459621512
127 5949.118095489761 1424.4074173710833
128 5974.999999999996 1421.0
129 6008.999999999996 1421.0
130 6034.881904510232 1424.4074173710833
131 6058.9999999999745 1434.397459621512
132 6079.710678118627 1450.2893218812824
133 6095.602540378419 1470.9999999999127
134 6105.592582628891 1495.1180954896554
135 6108.999999999996 1520.9999999998836
136 6108.999999999996 1405.0
137 6058.999999999996 1405.0
138 6052.999999999996 1411.0
139 6000.999999999996 1411.0
140 5985.999999999996 1396.0
141 5985.999999999996 1257.6298828125
142 6006.499999999996 1245.7939453123836
143 6009.794157805216 1242.4998393604183
144 6010.999999999996 1238.0
145 6008.363961030696 1231.6360389692709
146 6001.999999999996 1228.9999999998836
147 5972.999999999996 1228.9999999998836
148 5972.999999999996 1396.0
149 5957.999999999996 1411.0
150 5930.999999999996 1411.0
151 5924.999999999996 1405.0
152 5874.999999999996 1405.0
153 5874.999999999996 1231.0
154 5878.40741737108 1205.1180954897427
155 5888.39745962153 1180.999999999971
156 5904.289321881315 1160.2893218812824
157 5924.9999999999745 1144.397459621483
158 5949.118095489732 1134.407417370996
159 5974.999999999996 1130.9999999998836
160 6008.999999999996 1130.9999999998836
161 6034.881904510261 1134.407417370996
162 6059.000000000018 1144.397459621483
163 6079.710678118678 1160.2893218812824
164 6095.602540378462 1180.999999999971
165 6105.592582628913 1205.1180954897427
166 6108.999999999996 1231.0
167 6093.007812499996 1105.9940185546002
168 6077.999999999996 1120.9999999998836
169 5892.930175781246 1121.0001220702834
170 5892.930175781246 1105.994140625
171 6072.999999999996 920.9249877928814
172 6093.007812499996 920.9249877928814
173 6038.999999999996 941.0
174 6018.4637165428685 949.0682677245059
175 6008.999999999996 969.0
176 5918.999999999996 969.0000610351854
177 5888.999999999996 919.0385742186918
178 5888.999999999996 514.000061035098
179 5886.117764524784 484.73646585355164
180 5877.581856885747 456.5974615168525
181 5863.720308327571 430.6644178109418
182 5845.0658121757915 407.93393040727824
183 5822.3352526623385 389.2795221215929
184 5796.402155374035 375.4180738091527
185 5768.263118041508 366.88227494305465
186 5738.999511718746 364.0001525878906
187 5738.999511718746 349.0001525878033
188 6003.999511718746 349.00003051760723
189 6014.2507851668015 373.74874813115457
190 6038.999511718746 384.0
191 6038.999755859371 662.5
192 6777.089843749996 160.04154968258808
193 6419.264404296871 223.1362075804791
194 6061.438964843746 286.2308654783992
195 6039.29168904063 296.0972077664628
196 6024.389799069326 315.2225890941336
197 6020.237304687496 339.109893798799
198 5825.164062499996 339.1099853515043
199 5815.083112401135 314.518605935853
200 5790.633300781246 304.098999023292
201 5793.999999999996 60.0
202 5819.303644201198 53.537240757606924
203 5837.8971898548225 35.19816425649333
204 5844.708007812496 9.985976219089935
205 5894.759765624996 9.985953330993652
206 6144.853759765621 9.985836982697947
207 6394.947753906246 9.985720634402242
208 6742.078124999996 9.985559463500977
209 6752.328938317642 34.746835149708204
210 6777.089843749996 44.998542785586324
211 7040.999999999996 399.0
212 7015.696360506536 405.46275658608647
213 6997.102815596274 423.80182640918065
214 6990.291992187496 449.01400756830117
215 6940.240234374996 449.01400756830117
216 6690.146240234371 449.0140686034865
217 6440.052246093746 449.014129638701
218 6092.921874999996 449.014190673799
219 6082.671067755498 424.2529038884968
220 6057.910156249996 414.0011901856051
221 6057.910156249996 298.95819091788144
222 6415.735595703121 235.8636245726666
223 6773.561035156246 172.76905822748085
224 6795.708507004714 162.90285394061357
225 6810.6105864292 143.77746439853217
226 6814.763183593746 119.89005279538105
227 7009.835937499996 119.8900146484084
228 7019.917066712693 144.48155385648715
229 7044.367187499996 154.90098571780254
230 8039.089843749996 160.04154968258808
231 7681.264404296871 223.1362075804791
232 7323.438964843746 286.2308654783992
233 7301.29168904063 296.0972077664628
234 7286.389799069326 315.2225890941336
235 7282.237304687496 339.109893798799
236 7087.164062499996 339.1099853515043
237 7077.083112401135 314.518605935853
238 7052.633300781246 304.098999023292
239 7055.999999999996 60.0
240 7081.303644201198 53.537240757606924
241 7099.8971898548225 35.19816425649333
242 7106.708007812496 9.985976219089935
243 7156.759765624996 9.985953330993652
244 7406.853759765621 9.985836982697947
245 7656.947753906246 9.985720634402242
246 8004.078124999996 9.985559463500977
247 8014.328938317642 34.746835149708204
248 8039.089843749996 44.998542785586324
249 8296.000000000011 405.0
250 8270.696360506543 411.46275658608647
251 8252.102815596281 429.80182640918065
252 8245.291992187496 455.01400756830117
253 8195.240234374996 455.01400756830117
254 7945.146240234371 455.0140686034283
255 7695.052246093746 455.01412963858456
256 7347.921874999996 455.014190673799
257 7337.67106775552 430.2529038884386
258 7312.910156249996 420.00119018548867
259 7312.910156249996 304.95819091799785
260 7670.735595703121 241.8636245727248
261 8028.561035156246 178.76905822748085
262 8050.708507004714 168.90285394061357
263 8065.6105864292 149.77746439853217
264 8069.763183593746 125.89005279538105
265 8264.835937499996 125.8900146484084
266 8274.917066712722 150.48155385642895
267 8299.367187499996 160.90098571768613
268 8609.093749999996 190.00779724109452
269 8361.999999999996 360.11398315418046
270 8323.985351562511 360.1140136719041
271 8308.977539062496 345.1080322265043
272 8308.976562499996 220.0190429686918
273 8333.99196827369 213.32495687305345
274 8352.3037162441 195.01481757956208
275 8358.999999999996 170.0
276 8609.093749999996 169.99980163568398
277 9194.007812499996 279.99398803708027
278 9178.999999999996 294.9999999998836
279 8993.929687499996 295.00009155270527
280 8993.929687499996 279.99407958978554
281 9173.999999999996 94.9250030516996
282 9194.007812499996 94.92499542239239
283 9274.999999999996 25.0
284 9041.172851562496 160.0
285 8692.499999999996 160.0
286 8343.827148437496 160.0
287 8109.999999999996 25.0
288 8109.999999999996 10.0
289 8498.333333333332 10.0
290 8886.66666666666 10.0
291 9274.999999999996 10.0
292 9422.999999999996 455.0
293 9034.66666666666 455.0001525878615
294 8646.333333333332 455.00030517572304
295 8257.999999999996 455.00045776358456
296 8257.999999999996 440.00045776358456
297 8491.827148437496 305.0003662109084
298 8840.499999999989 305.00022888186504
299 9189.172851562489 305.0000915527926
300 9422.999999999996 440.0
301 9583.420898437496 340.356964111299
302 9580.216701395915 366.1501169241965
303 9570.473582024173 390.2462833333411
304 9554.849740269387 411.0176381166093
305 9534.400650402607 427.06096490161144
306 9510.507758073367 437.29245095464285
307 9484.785156249996 441.02090454110294
308 9459.129259360485 438.03444474053686
309 9435.09408815145 428.57640412429464
310 9414.283134618596 413.27777018531924
311 9398.084789013945 393.159182088275
312 9387.579714225012 369.5628393414663
313 9383.468749999996 344.06295776358456
314 9485.442382812489 342.67562866208027
315 9485.188476562496 306.64324951160233
316 9481.587925325508 298.22847243602155
317 9473.101562499996 294.8000488280959
318 9467.101489814773 296.47728149799514
319 9462.750976562489 300.9367675780959
320 9446.759765624996 329.200714111299
321 9256.097656249996 331.79586791989277
322 9240.999999999996 317.0
323 9240.858848122549 293.9742679948977
324 9240.731445312496 270.9484558106051
325 9246.722656249996 264.94039916989277
326 9246.655273437496 214.86320495599648
327 9481.863281249996 211.66168212890625
328 9507.89354630648 214.74516859080177
329 9532.22828453541 224.48699095629854
330 9553.195498445511 240.21780557348393
331 9569.354567277831 260.85677556094015
332 9579.595229549599 284.9858332281583
333 9583.213867187496 310.94711303708027
334 9893.093749999996 455.0
335 9642.999999999996 455.0
336 9636.30370606363 429.9851953210018
337 9617.991959458192 411.67506856369437
338 9592.976562499996 404.980987548799
339 9592.976562499996 279.8919982909865
340 9607.985351562496 264.8859863280959
341 9645.999999999996 264.8859863280959
342 9893.093749999996 434.99200439450215
343 10249.367187499996 305.0989990234084
344 10224.917050628454 315.51844717390486
345 10214.835937499996 340.1100158690824
346 10019.762695312496 340.1101074217877
347 10015.610286121166 316.2229313075368
348 10000.7085875218 297.09757997328416
349 9978.561523437496 287.2311096190824
350 9620.735839843746 224.13677978506894
351 9262.910156249996 161.04244995108456
352 9262.910156249996 45.99945831298828
353 9287.671073828675 35.74773854308296
354 9297.921874999996 10.98644065859844
355 9645.051757812496 10.98627948758076
356 9895.145996093746 10.986163139343262
357 10145.240234374996 10.986046791105764
358 10195.291992187496 10.986023902893066
359 10202.10282617775 36.1981917101657
360 10220.696369645022 54.537248570180964
361 10245.999999999996 61.0
362 5862.109374999989 1987.7421875
363 5374.382812499989 1987.7421875
364 4886.656249999989 1987.7421875
365 4398.929687499993 1987.7421875
366 3911.2031249999927 1987.7421875
367 3423.4765624999927 1987.7421875
368 2935.7499999999964 1987.7421875
369 2448.0234374999964 1987.7421875
370 1960.2968749999964 1987.7421875
371 1472.5703124999964 1987.7421875
372 984.8437499999964 1987.7421875
373 497.1171875 1987.7421875
374 9.390625 1987.7421875
375 9.390625 1493.306640625
376 9.390625 998.87109375
377 9.390625 504.435546875
378 9.390625 10.0
379 413.29296875 10.0
380 817.1953125 10.0
381 1221.09765625 10.0
382 1625.0 10.0
383 1625.0 112.0400390625
384 1626.1857603103817 140.95708807383198
385 1629.7565605999662 169.67730980570195
386 1635.6879852885468 198.00432786621968
387 1643.9394778724054 225.74445441918215
388 1654.4546182320628 252.708014537493
389 1667.1615084085133 278.7106431176944
390 1681.9732642102354 303.5745454885473
391 1698.7886092895023 327.1297130936
392 1717.4925676260536 349.2150859358371
393 1737.9572496831206 369.67965383600676
394 1760.042726860498 388.38348897438846
395 1783.5979882654756 405.19870265666395
396 1808.461973259702 420.01031976091326
397 1834.4646727217914 432.7170648878673
398 1861.428291495824 443.23205483771744
399 1889.1684640773055 451.4833926799183
400 1917.4955152243783 457.4146593530604
401 1946.2157568746552 460.98529943384347
402 1975.1328125 462.1708984375
403 2461.0048828125 462.1708984375
404 2946.8769531249964 462.1708984375
405 3432.7490234374964 462.1708984375
406 3918.6210937499964 462.1708984375
407 4404.493164062493 462.1708984375
408 4890.365234374993 462.1708984375
409 5376.237304687489 462.1708984375
410 5862.109374999989 462.1708984375
411 5862.109374999989 843.563720703125
412 5862.109374999989 1224.95654296875
413 5862.109374999989 1606.349365234375
414 1014.7734375 424.6567382813082
415 1025.7546870485749 451.18515987339197
416 1052.28125 462.1708984375
417 1127.3125 462.1708984375
418 1153.8441142692427 451.18792367816786
419 1164.828125 424.6567382813082
420 1153.84411426929 398.12555288433214
421 1127.3125 387.1425781248836
422 1052.28125 387.1425781248836
423 1025.7546870485276 398.12831668910803
424 11990.610351562496 1987.7415771484084
425 11502.883789062496 1987.7417704263935
426 11015.157226562496 1987.7419637043786
427 10527.430664062496 1987.7421569823928
428 10039.704101562496 1987.7423502603779
429 9551.977539062496 1987.742543538363
430 9064.250976562496 1987.742736816348
431 8576.524414062496 1987.7429300943331
432 8088.797851562496 1987.7431233723182
433 7601.071289062496 1987.7433166503033
434 7113.344726562496 1987.7435099283175
435 6625.618164062496 1987.7437032063026
436 6137.891601562496 1987.7438964842877
437 6137.891357421871 1606.3510589598736
438 6137.891113281246 1224.9582214354887
439 6137.890869140621 843.5653839111037
440 6137.890624999996 462.17254638668965
441 6623.762695312496 462.17235565182636
442 7109.634765624996 462.1721649169631
443 7595.506835937496 462.1719741820998
444 8081.378906249996 462.1717834472365
445 8567.250976562496 462.17159271237324
446 9053.123046874996 462.17140197750996
447 9538.995117187496 462.1712112426467
448 10024.867187499996 462.1710205077834
449 10053.784249530883 460.9854209792975
450 10082.504497455873 457.41477931890404
451 10110.831554616783 451.48351003296557
452 10138.571732824155 443.23216858063824
453 10165.535356713484 432.71717407304095
454 10191.53806066349 420.01042350384523
455 10216.402049408669 405.1988001485297
456 10239.957313726536 388.3835794941406
457 10262.04279288735 369.67973676123074
458 10282.507475917828 349.21516075287946
459 10301.211434149005 327.12977940624114
460 10318.026777988092 303.5746030258306
461 10332.838531372272 278.710691740067
462 10345.54541792542 252.70805424181162
463 10356.060553442217 225.74448534220573
464 10364.312039964872 198.0043502865592
465 10370.243457390312 169.6773241442861
466 10373.81424924648 140.95709489277215
467 10374.999999999996 112.0400390625
468 10374.999999999996 10.0
469 10778.902343749996 9.99984264370869
470 11182.804687499996 9.999685287446482
471 11586.707031249996 9.999527931184275
472 11990.609374999996 9.999370574892964
473 11990.609619140621 504.43492221826455
474 11990.609863281246 998.8704738616652
475 11990.610107421871 1493.3060255050368
476 10985.226562499996 424.6564941405959
477 10974.245302155312 398.1280922796286
478 10947.718749999996 387.1423645018949
479 10872.687499999996 387.14239501950215
480 10846.155885730728 398.1253697788634
481 10835.171874999996 424.65655517578125
482 10846.15588573075 451.1877405726409
483 10872.687499999996 462.17071533200215
484 10947.718749999996 462.1706848143949
485 10974.245323747567 451.18493546385434
GTSP_SET_SECTION
1 1 -1
2 2 3 4 5 6 7 8 9 10 11 12 13 -1
3 14 15 16 17 18 19 20 21 22 23 24 25 -1
4 26 27 28 29 30 31 32 33 34 35 36 37 -1
5 38 39 40 41 42 43 44 45 46 47 48 49 -1
6 50 51 52 53 54 55 56 57 58 59 60 61 -1
7 62 63 64 65 66 67 68 69 70 71 72 73 -1
8 74 75 76 77 78 79 80 81 82 83 84 85 86 87 88 89 90 91 92 93 94 95 96 97 98 99 100 101 102 103 104 -1
9 105 106 107 108 109 110 111 112 113 114 115 116 117 118 119 120 121 122 123 124 125 126 127 128 129 130 131 132 133 134 135 -1
10 136 137 138 139 140 141 142 143 144 145 146 147 148 149 150 151 152 153 154 155 156 157 158 159 160 161 162 163 164 165 166 -1
11 167 168 169 170 171 172 -1
12 173 174 175 176 177 178 179 180 181 182 183 184 185 186 187 188 189 190 191 -1
13 192 193 194 195 196 197 198 199 200 201 202 203 204 205 206 207 208 209 210 -1
14 211 212 213 214 215 216 217 218 219 220 221 222 223 224 225 226 227 228 229 -1
15 230 231 232 233 234 235 236 237 238 239 240 241 242 243 244 245 246 247 248 -1
16 249 250 251 252 253 254 255 256 257 258 259 260 261 262 263 264 265 266 267 -1
17 268 269 270 271 272 273 274 275 276 -1
18 277 278 279 280 281 282 -1
19 283 284 285 286 287 288 289 290 291 -1
20 292 293 294 295 296 297 298 299 300 -1
21 301 302 303 304 305 306 307 308 309 310 311 312 313 314 315 316 317 318 319 320 321 322 323 324 325 326 327 328 329 330 331 332 333 -1
22 334 335 336 337 338 339 340 341 342 -1
23 343 344 345 346 347 348 349 350 351 352 353 354 355 356 357 358 359 360 361 -1
24 362 363 364 365 366 367 368 369 370 371 372 373 374 375 376 377 378 379 380 381 382 383 384 385 386 387 388 389 390 391 392 393 394 395 396 397 398 399 400 401 402 403 404 405 406 407 408 409 410 411 412 413 -1
25 414 415 416 417 418 419 420 421 422 423 -1
26 424 425 426 427 428 429 430 431 432 433 434 435 436 437 438 439 440 441 442 443 444 445 446 447 448 449 450 451 452 453 454 455 456 457 458 459 460 461 462 463 464 465 466 467 468 469 470 471 472 473 474 475 -1
27 476 477 478 479 480 481 482 483 484 485 -1
GTSP_SET_ORDERING
25 24 -1
27 26 -1
EOF