NAME: Mc27v782
TYPE: PCGTSP 
COMMENT: 
DIMENSION: 783
GTSP_SETS: 28
EDGE_WEIGHT_TYPE: EUC_2D
NODE_COORD_SECTION
1 0.0 0.0
2 7767.000000000004 3088.0
3 7338.833333333339 3088.0
4 6910.666666666668 3088.0
5 6482.500000000004 3088.0
6 6054.333333333332 3088.0
7 5626.166666666668 3088.0
8 5198.0 3088.0
9 5198.0 2867.999999999971
10 5626.166666666668 2867.999999999971
11 6054.333333333332 2867.999999999971
12 6482.500000000004 2867.999999999971
13 6910.666666666668 2867.999999999971
14 7338.833333333339 2867.999999999971
15 7767.000000000004 2867.999999999971
16 5185.0 3088.0
17 4755.833333333332 3088.000162760407
18 4326.666666666668 3088.0003255208285
19 3897.5 3088.0004882812354
20 3468.333333333332 3088.0006510416424
21 3039.166666666668 3088.000813802064
22 2610.0 3088.000976562471
23 2610.0 2868.000976562471
24 3035.833333333332 2868.0008138020494
25 3461.666666666668 2868.0006510416424
26 3887.5 2868.000488281221
27 4313.333333333332 2868.0003255207994
28 4739.166666666668 2868.0001627603924
29 5165.0 2867.999999999971
30 5167.92893218813 2875.0710678118485
31 5175.0 2878.0
32 5185.0 2878.0
33 2588.0 3088.0
34 2158.833333333332 3088.0
35 1729.6666666666679 3088.0
36 1300.5 3088.0
37 871.3333333333321 3088.0
38 442.1666666666679 3088.0
39 13.0 3088.0
40 13.0 2878.0
41 23.0 2878.0
42 30.071067811870307 2875.0710678118485
43 33.0 2867.999999999971
44 458.8333333333321 2867.999999999971
45 884.6666666666679 2867.999999999971
46 1310.5 2867.999999999971
47 1736.3333333333321 2867.999999999971
48 2162.166666666668 2867.999999999971
49 2588.0 2867.999999999971
50 12940.000000000011 2857.999999999971
51 12442.807692307706 2858.000197190471
52 11945.615384615394 2858.000394380986
53 11448.423076923089 2858.0005915714864
54 10951.230769230777 2858.0007887619868
55 10454.038461538472 2858.000985952487
56 9956.84615384616 2858.001183143002
57 9459.653846153855 2858.0013803335023
58 8962.461538461543 2858.0015775240026
59 8465.269230769238 2858.001774714503
60 7968.076923076933 2858.001971905018
61 7470.884615384621 2858.002169095518
62 6973.692307692316 2858.0023662860185
63 6476.500000000004 2858.002563476519
64 5979.307692307699 2858.0027606670337
65 5482.11538461539 2858.002957857534
66 4984.923076923082 2858.0031550480344
67 4487.730769230773 2858.0033522385493
68 3990.5384615384646 2858.0035494290496
69 3493.3461538461597 2858.00374661955
70 2996.1538461538476 2858.0039438100503
71 2498.9615384615427 2858.004141000565
72 2001.7692307692305 2858.0043381910655
73 1504.5769230769256 2858.004535381566
74 1007.3846153846134 2858.004732572066
75 510.19230769230853 2858.004929762581
76 13.0 2858.0051269530813
77 12.999914169311523 2638.005126953125
78 510.9614559320289 2638.0049297626247
79 1008.9229976947499 2638.00473257211
80 1506.8845394574673 2638.0045353816095
81 2004.8460812201847 2638.0043381910946
82 2502.807622982902 2638.0041410005942
83 3000.769164745623 2638.003943810094
84 3498.7307065083405 2638.003746619579
85 3996.692248271058 2638.0035494290787
86 4494.653790033775 2638.0033522385784
87 4992.615331796496 2638.0031550480635
88 5490.576873559214 2638.002957857563
89 5988.538415321931 2638.0027606670483
90 6486.499957084652 2638.002563476548
91 6984.461498847366 2638.0023662860476
92 7482.423040610087 2638.0021690955327
93 7980.384582372808 2638.0019719050324
94 8478.346124135522 2638.0017747145175
95 8976.307665898243 2638.001577524017
96 9474.269207660964 2638.001380333517
97 9972.230749423677 2638.001183143002
98 10470.192291186399 2638.0009859525017
99 10968.153832949112 2638.0007887620013
100 11466.115374711833 2638.0005915714864
101 11964.076916474554 2638.000394380986
102 12462.038458237275 2638.000197190471
103 12959.999999999989 2637.999999999971
104 12959.999999999989 2848.0
105 12949.999999999989 2848.0
106 12942.928932188133 2850.9289321881224
107 12959.999999999989 2620.0
108 12462.038464839632 2620.0001971905003
109 11964.076929679275 2620.0003943810007
110 11466.115394518918 2620.0005915715155
111 10968.153859358561 2620.000788762016
112 10470.192324198204 2620.000985952516
113 9972.23078903784 2620.0011831430165
114 9474.269253877483 2620.0013803335314
115 8976.307718717126 2620.0015775240317
116 8478.346183556769 2620.001774714532
117 7980.384648396412 2620.0019719050324
118 7482.423113236055 2620.0021690955473
119 6984.461578075698 2620.0023662860476
120 6486.500042915341 2620.002563476548
121 5988.538507754984 2620.0027606670483
122 5490.576972594627 2620.0029578575486
123 4992.61543743427 2620.0031550480635
124 4494.6539022739125 2620.003352238564
125 3996.6923671135555 2620.003549429064
126 3498.730831953195 2620.0037466195645
127 3000.769296792838 2620.0039438100794
128 2502.807761632477 2620.0041410005797
129 2004.8462264721202 2620.00433819108
130 1506.8846913117632 2620.0045353815804
131 1008.9231561514061 2620.0047325720952
132 510.96162099104913 2620.0049297625956
133 13.000085830692115 2620.005126953096
134 13.0 2400.0051269531104
135 510.19230769230853 2400.00492976261
136 1007.3846153846171 2400.0047325720952
137 1504.5769230769256 2400.004535381595
138 2001.7692307692341 2400.0043381910946
139 2498.9615384615427 2400.0041410005797
140 2996.1538461538476 2400.0039438100794
141 3493.346153846156 2400.003746619579
142 3990.5384615384646 2400.003549429064
143 4487.730769230773 2400.003352238564
144 4984.923076923082 2400.0031550480635
145 5482.11538461539 2400.0029578575486
146 5979.307692307699 2400.0027606670483
147 6476.500000000004 2400.002563476548
148 6973.692307692316 2400.002366286033
149 7470.884615384621 2400.0021690955327
150 7968.076923076933 2400.001971905018
151 8465.269230769238 2400.0017747145175
152 8962.461538461543 2400.001577524017
153 9459.653846153855 2400.0013803335023
154 9956.846153846167 2400.001183143002
155 10454.038461538472 2400.0009859525017
156 10951.230769230777 2400.0007887619868
157 11448.423076923089 2400.0005915714864
158 11945.615384615394 2400.000394380986
159 12442.807692307699 2400.000197190471
160 12940.000000000011 2399.999999999971
161 12942.928932188126 2407.0710678118485
162 12949.999999999989 2410.0
163 12959.999999999989 2410.0
164 10802.999999999989 1506.999999999971
165 10317.873448988958 1507.0001866957464
166 9832.746897977933 1507.0003733915219
167 9347.620346966902 1507.0005600872973
168 8862.49379595587 1507.0007467830728
169 8377.367244944846 1507.0009334788338
170 7892.240693933814 1507.0011201746092
171 7407.11414292279 1507.0013068703847
172 6921.9875919117585 1507.0014935661602
173 6436.861040900727 1507.0016802619357
174 5951.734489889703 1507.0018669577112
175 5466.607938878671 1507.0020536534867
176 4981.481387867643 1507.0022403492621
177 4496.354836856615 1507.002427045023
178 4011.2282858455837 1507.0026137407986
179 3526.101734834556 1507.002800436574
180 3040.975183823528 1507.0029871323495
181 2555.8486328125 1507.003173828125
182 2557.0 1287.0031738281104
183 3029.0 1287.003011067689
184 3501.0 1287.002848307282
185 3973.0 1287.0026855468604
186 3975.9289321881333 1294.0737533587235
187 3983.0 1297.002685546846
188 4003.0 1297.002685546846
189 4010.0710678118667 1294.0737533587235
190 4013.0 1287.0026855468604
191 4496.5714285714275 1287.0024937220878
192 4980.142857142859 1287.0023018973152
193 5463.714285714286 1287.002110072528
194 5947.285714285714 1287.0019182477554
195 6430.857142857141 1287.0017264229828
196 6914.428571428576 1287.0015345982101
197 7398.000000000004 1287.001342773423
198 7881.571428571431 1287.0011509486503
199 8365.142857142859 1287.0009591238777
200 8848.714285714286 1287.000767299105
201 9332.285714285721 1287.0005754743324
202 9815.857142857149 1287.0003836495453
203 10299.428571428576 1287.0001918247726
204 10783.000000000004 1287.0
205 10785.92893218814 1294.0710678118485
206 10793.000000000004 1296.9999999999854
207 10802.999999999989 1296.9999999999854
208 10739.000000000004 1736.999999999971
209 10253.941176470591 1736.999999999971
210 9768.882352941178 1736.999999999971
211 9283.823529411766 1736.999999999971
212 8798.764705882353 1736.999999999971
213 8313.70588235294 1736.999999999971
214 7828.647058823535 1736.999999999971
215 7343.588235294123 1736.999999999971
216 6858.52941176471 1736.999999999971
217 6373.470588235297 1736.999999999971
218 5888.411764705885 1736.999999999971
219 5403.352941176472 1736.999999999971
220 4918.2941176470595 1736.999999999971
221 4433.235294117647 1736.999999999971
222 3948.176470588234 1736.999999999971
223 3463.1176470588216 1736.999999999971
224 2978.0588235294126 1736.999999999971
225 2493.0 1736.999999999971
226 2493.0 1527.0
227 2503.0 1527.0
228 2510.0710678118776 1524.0710678118485
229 2513.0 1516.9999999999563
230 2996.5714285714275 1516.9999999999563
231 3480.1428571428587 1516.9999999999563
232 3963.7142857142862 1516.9999999999563
233 4447.285714285714 1516.9999999999563
234 4930.857142857145 1516.9999999999563
235 5414.4285714285725 1516.9999999999563
236 5898.000000000004 1516.9999999999563
237 6381.571428571431 1516.9999999999563
238 6865.142857142859 1516.9999999999563
239 7348.714285714286 1516.9999999999563
240 7832.285714285721 1516.9999999999563
241 8315.857142857149 1516.9999999999563
242 8799.428571428576 1516.9999999999563
243 9283.000000000004 1516.9999999999563
244 9285.928932188133 1524.0710678118485
245 9293.000000000011 1527.0
246 9313.000000000011 1527.0
247 9320.071067811874 1524.0710678118485
248 9322.999999999989 1516.9999999999563
249 9794.999999999996 1516.9999999999563
250 10266.999999999996 1516.9999999999563
251 10739.000000000004 1516.9999999999563
252 10793.000000000004 1956.9999999999854
253 10783.000000000004 1956.9999999999854
254 10775.928932188133 1959.9289321881079
255 10772.999999999989 1966.999999999971
256 10289.428571428562 1967.0001918247435
257 9805.857142857134 1967.0003836495307
258 9322.285714285706 1967.0005754743033
259 8838.714285714279 1967.000767299076
260 8355.142857142851 1967.0009591238486
261 7871.571428571424 1967.0011509486358
262 7387.999999999996 1967.0013427734084
263 6904.428571428569 1967.001534598181
264 6420.857142857141 1967.0017264229682
265 5937.285714285714 1967.0019182477408
266 5453.714285714286 1967.0021100725135
267 4970.142857142855 1967.002301897286
268 4486.5714285714275 1967.0024937220733
269 4003.0 1967.002685546846
270 4000.0710678118667 1959.9316177349829
271 3993.0 1957.002685546846
272 3973.0 1957.002685546846
273 3965.9289321881333 1959.9316177349829
274 3963.0 1967.002685546846
275 3491.0 1967.0028483072674
276 3019.0 1967.0030110677035
277 2547.0 1967.003173828125
278 2545.8486328125 1747.0031738281104
279 3030.975183823528 1747.002987132335
280 3516.1017348345595 1747.0028004365595
281 4001.2282858455874 1747.0026137407986
282 4486.354836856619 1747.002427045023
283 4971.481387867647 1747.0022403492476
284 5456.607938878678 1747.002053653472
285 5941.73448988971 1747.0018669576966
286 6426.861040900734 1747.0016802619211
287 6911.987591911766 1747.0014935661602
288 7397.114142922797 1747.0013068703847
289 7882.240693933829 1747.0011201746092
290 8367.367244944853 1747.0009334788338
291 8852.493795955885 1747.0007467830583
292 9337.620346966916 1747.0005600872828
293 9822.746897977948 1747.0003733915219
294 10307.873448988972 1747.0001866957464
295 10793.000000000004 1746.999999999971
296 10864.000000000011 2196.9999999999854
297 10378.941176470598 2197.000186695761
298 9893.882352941186 2197.000373391522
299 9408.823529411773 2197.0005600872973
300 8923.76470588236 2197.000746783073
301 8438.705882352948 2197.0009334788483
302 7953.647058823535 2197.0011201746092
303 7468.588235294123 2197.0013068703847
304 6983.52941176471 2197.00149356616
305 6498.470588235297 2197.001680261921
306 6013.411764705885 2197.0018669576966
307 5528.352941176476 2197.002053653472
308 5043.2941176470595 2197.002240349233
309 4558.2352941176505 2197.0024270450085
310 4073.176470588238 2197.002613740784
311 3588.1176470588252 2197.0028004365595
312 3103.0588235294126 2197.0029871323204
313 2618.0 2197.003173828096
314 2618.0 1977.003173828125
315 3090.0 1977.0030110677035
316 3562.0 1977.0028483072965
317 4034.0 1977.002685546875
318 4036.9289321881406 1984.0737533587235
319 4044.0 1987.0026855468604
320 4064.0 1987.0026855468604
321 4071.0710678118594 1984.0737533587235
322 4074.0 1977.002685546875
323 4557.5714285714275 1977.0024937221024
324 5041.142857142859 1977.0023018973152
325 5524.714285714286 1977.0021100725426
326 6008.285714285714 1977.0019182477554
327 6491.857142857141 1977.0017264229828
328 6975.428571428576 1977.0015345981956
329 7459.000000000004 1977.001342773423
330 7942.571428571431 1977.0011509486503
331 8426.142857142859 1977.0009591238631
332 8909.714285714286 1977.0007672990905
333 9393.285714285721 1977.0005754743033
334 9876.857142857149 1977.0003836495307
335 10360.428571428576 1977.0001918247435
336 10844.000000000004 1976.999999999971
337 10846.928932188133 1984.0710678118485
338 10854.000000000004 1987.0
339 10864.000000000011 1987.0
340 2605.62548828125 2391.1223144531104
341 2172.96129957835 2391.122395833314
342 1740.2971108754464 2391.122477213532
343 1307.6329221725464 2391.1225585937354
344 874.9687334696464 2391.122639973939
345 442.30454476674277 2391.122721354157
346 9.640356063842773 2391.1228027343604
347 9.640263366698491 1914.8983816146792
348 9.640170669554209 1438.6739604949835
349 9.640077972409927 962.4495393753023
350 9.639985275265644 486.2251182556065
351 9.639892578121362 10.000697135925293
352 457.30990600585574 10.000609993934631
353 904.9799194335901 10.00052285194397
354 1352.6499328613245 10.000435709953308
355 1800.3199462890589 10.000348567948095
356 2247.989959716797 10.000261425957433
357 2695.6599731445312 10.000174283966771
358 3143.3299865722656 10.00008714197611
359 3591.0 9.999999999985448
360 3591.000081380207 426.862996419266
361 3591.0001627604142 843.725992838532
362 3591.0002441406214 1260.5889892578125
363 3193.3476562499964 1260.5890502929542
364 2795.6950683593714 1260.5891113281104
365 2766.602587137593 1260.8334111188306
366 2737.5183797357786 1261.5689557032601
367 2708.4507405388395 1262.7955353150028
368 2679.4079592066737 1264.512800151715
369 2650.39831831009 1266.7202604749036
370 2621.43009096873 1269.4172867496382
371 2592.5115384917044 1272.6031098239619
372 2563.6509080215947 1276.276821148378
373 2534.856430182477 1280.4373730348452
374 2506.1363167326817 1285.083578955615
375 2477.4987582229187 1290.2141138816514
376 2448.9519216604494 1295.8275146604137
377 2420.5039481799795 1301.9221804331755
378 2392.1629507219295 1308.4963730916206
379 2363.93701171875 1315.5482177734084
380 2336.233281209381 1323.1354485315533
381 2308.755517739286 1331.5041562809347
382 2281.525760708173 1340.6476286377292
383 2254.565850594423 1350.5585317939258
384 2227.8974114372577 1361.2289163996174
385 2201.5418334925052 1372.650223939083
386 2175.5202560758626 1384.813293595318
387 2149.853550607466 1397.70836959788
388 2124.5623038712947 1411.3251090476551
389 2099.666801502917 1425.6525902128487
390 2075.18701171875 1440.6793212890334
391 2051.4990949493767 1456.7231697733514
392 2028.8433513118762 1474.194281795557
393 2007.3056533375602 1493.0264362402231
394 1986.967635806268 1513.1482532048249
395 1967.9063863243537 1534.483464552468
396 1950.194153137978 1556.9512029925536
397 1933.8980712890625 1580.466308593721
398 1920.2679716495004 1604.3942161294835
399 1909.4761107070954 1629.7291744405811
400 1901.6653040502788 1656.1359098426328
401 1896.9389170721697 1683.2649651405663
402 1895.3594970703125 1710.757324218721
403 1896.9309172327048 1738.2675502326165
404 1901.6533835872979 1765.4149296308606
405 1909.4643218089223 1791.8397501744475
406 1920.2602342437021 1817.1918737810192
407 1933.8980712890625 1841.1353759765334
408 1950.1941438525173 1864.6506410237635
409 1967.9063836661662 1887.118534383364
410 1986.9676550727345 1908.4538947880792
411 2007.3057091077862 1928.5758536713984
412 2028.8434573488667 1947.408141687949
413 2051.4992641079116 1964.8793778013933
414 2075.1872558593823 1980.92333984375
415 2099.667049389238 1995.9500477434922
416 2124.5625547192867 2010.2775058547413
417 2149.85380364316 2023.894222398725
418 2175.5205105361565 2036.7892756687797
419 2201.542088625949 2048.952322790501
420 2227.8976665048467 2060.373608017544
421 2254.5661048703514 2071.0439705565514
422 2281.526013480576 2080.9548519147647
423 2308.7557683109517 2090.0983027647453
424 2336.233528898447 2098.466989320281
425 2363.9372558593714 2106.054199218721
426 2390.4465601518896 2112.691034456948
427 2417.057801731542 2118.906548727071
428 2443.7642848534524 2124.6991781224206
429 2470.5592898086907 2130.067465139844
430 2497.4360746150487 2135.0100590464135
431 2524.3878767134192 2139.525716219301
432 2551.407914669333 2143.6133004586445
433 2578.4893898792616 2147.271783273507
434 2605.62548828125 2150.500244140596
435 3071.30419921875 972.4561157226271
436 3048.6629227954254 981.827659915376
437 3039.2893066406214 1004.4680786132812
438 3048.662555673658 1027.1091682196857
439 3071.30419921875 1036.4810791015625
440 3093.941422770302 1027.1067497077456
441 3103.3122558593714 1004.4680786132812
442 3093.94105568777 981.8300783880841
443 2414.5539550781323 121.05522918699717
444 2391.912507297624 130.42670047428692
445 2382.5388183593823 153.06723022460938
446 2391.9121536713465 175.7084062191425
447 2414.5539550781323 185.08023071289062
448 2437.1911840280736 175.7058959260612
449 2446.56201171875 153.0672149658203
450 2437.190819644391 130.4291999420966
451 6725.000000000004 1250.0
452 6714.993164062504 1250.0
453 6707.921017072575 1252.9300110651093
454 6704.993164062504 1260.0030517577834
455 6262.038853236609 1260.003243582556
456 5819.084542410714 1260.0034354073432
457 5376.1302315848225 1260.0036272321158
458 4933.175920758931 1260.0038190568885
459 4490.221609933036 1260.004010881661
460 4047.267299107145 1260.0042027064483
461 3604.31298828125 1260.004394531221
462 3604.312825520832 843.141408920259
463 3604.312662760418 426.2784233093116
464 3604.3125 9.415437698349706
465 4050.1249302455326 9.415230478552985
466 4495.937360491069 9.415023258741712
467 4941.749790736601 9.414816038944991
468 5387.562220982138 9.414608819133718
469 5833.374651227667 9.414401599336998
470 6279.1870814732065 9.414194379525725
471 6724.999511718739 9.413987159729004
472 6724.999674479161 422.94265810649085
473 6724.999837239582 836.4713290532382
474 5167.40673828125 336.5577087402198
475 5196.4087749916325 332.74791040799755
476 5223.435199557171 321.5584031853359
477 5246.64252564713 303.75242911938403
478 5264.447769603579 280.54454286635155
479 5275.63642657148 253.51776629315282
480 5279.4453125 224.51560974116728
481 5275.636391990793 195.51348444231553
482 5264.447716160212 168.48674434193526
483 5246.642468963746 145.27889395529928
484 5223.435153278202 127.47294983634492
485 5196.4087491853425 116.28346239923849
486 5167.40673828125 112.47367095947266
487 5138.402995707122 116.28156993885932
488 5111.3745771456925 127.47003578596923
489 5088.1652869700265 145.2758221343829
490 5070.358399119155 168.4842672139348
491 5059.1686505047255 195.51215473569755
492 5055.359375 224.51571655270527
493 5059.168662032178 253.51926795185136
494 5070.358416934407 280.54714331572177
495 5088.1653058652155 303.7555764395365
496 5111.374592572469 321.5613528055692
497 5138.403004309359 332.74981205773656
498 4816.2734375 336.5578918456886
499 4845.27557191658 332.74819824386213
500 4872.30210958705 321.5587466217403
501 4895.509545974477 303.75277957749495
502 4913.314880888731 280.54485820033005
503 4924.503596358762 253.51801576197613
504 4928.3125 224.51577758784697
505 4924.5035601312775 195.51357215511962
506 4913.3148249003025 168.48676792641345
507 4895.509486591756 145.27888412363245
508 4872.302061104245 127.47294845242868
509 4845.275544881395 116.28351755798212
510 4816.2734375 112.47383117672871
511 4787.269788944737 116.2818358814111
512 4760.24148056659 127.47036016140191
513 4737.032299205985 145.27615781044005
514 4719.22550277795 168.48457288599457
515 4708.035815358628 195.5123997465853
516 4704.2265625 224.51588439941406
517 4708.035825239287 253.51936012264923
518 4719.225518048152 280.5471765621769
519 4737.032315401848 303.755581389938
520 4760.241493789541 321.5613704826392
521 4787.269796318091 332.74988910980755
522 4331.58544921875 279.037109375
523 4356.350770516372 272.4103411932447
524 4374.479661344267 254.28360643875203
525 4381.109375 229.51907348631357
526 4374.479987119979 204.75412771321135
527 4356.351052612379 186.6269917996833
528 4331.58544921875 180.00006103512715
529 4306.823754306064 186.63009417822468
530 4288.69862871198 204.75683400164417
531 4282.07080078125 229.5191192626662
532 4288.698984990577 254.28095302336442
533 4306.824062826294 272.407254095393
534 4101.49951171875 254.02519226072764
535 4126.26481538561 247.3984342405456
536 4144.393703483576 229.27172455839172
537 4151.0234375 204.50721740719746
538 4144.394049619976 179.74227163409523
539 4126.265115112379 161.6151357205672
540 4101.49951171875 154.98820495602558
541 4076.737605995946 161.61807777744252
542 4058.6122791500857 179.74484570180357
543 4051.984375 204.5072784423537
544 4058.612665968729 229.2692209813249
545 4076.737940961775 247.39551254623802
546 9858.000000000011 1260.5860595703125
547 9412.187639508938 1260.586146763395
548 8966.375279017866 1260.5862339564628
549 8520.562918526794 1260.5863211495453
550 8074.750558035721 1260.5864083426277
551 7628.938197544649 1260.5864955357101
552 7183.125837053576 1260.586582728778
553 6737.313476562504 1260.5866699218604
554 6737.313313802089 843.7236493428354
555 6737.313151041668 426.8606287638104
556 6737.312988281254 9.99760818478535
557 7180.267299107149 9.99752194537723
558 7623.221609933036 9.997435705983662
559 8066.175920758931 9.997349466575542
560 8509.130231584826 9.997263227181975
561 8952.084542410721 9.997176987773855
562 9395.038853236609 9.997090748380288
563 9837.993164062504 9.997004508972168
564 9840.92103629927 17.070010058261687
565 9847.993164062511 20.000001907304977
566 9858.000000000011 19.999999999970896
567 9858.000000000011 433.52868652342295
568 9858.000000000011 847.0573730468604
569 8300.407226562504 933.4432983398292
570 8271.403578007248 937.2513030445116
571 8244.375269629109 948.4398273245024
572 8221.166088268506 966.2456249735405
573 8203.359291840472 989.454040049066
574 8192.169604421146 1016.4818669096421
575 8188.360351562511 1045.485351562471
576 8192.169617595344 1074.4888243091846
577 8203.359312200711 1101.516637275039
578 8221.16610986296 1124.7250386868836
579 8244.375287259685 1142.5308249274822
580 8271.40358783837 1153.7193416703958
581 8300.407226562504 1157.52734375
582 8329.409341317132 1153.7176553994796
583 8356.435863389324 1142.528218852036
584 8379.643291849545 1124.7222746245388
585 8397.448629232375 1101.5143805741973
586 8408.637359074008 1074.4875659246754
587 8412.446289062511 1045.485351562471
588 8408.637372247624 1016.4831252943113
589 8397.448649591784 989.456296750388
590 8379.643313443241 966.248389036642
591 8356.43588101942 948.4424334007927
592 8329.409351148093 937.2529893160099
593 7949.273925781254 933.4433593749709
594 7920.2702673948625 937.2513667047315
595 7893.24195121726 948.4398985217995
596 7870.032765892767 966.2457075792918
597 7852.2259706989535 989.4541363185126
598 7841.036290465683 1016.4819770738395
599 7837.227050781261 1045.4854736327834
600 7841.036337813432 1074.4890250319295
601 7852.226092715657 1101.5169003958
602 7870.032981646462 1124.7253335196147
603 7893.242268353712 1142.5311098856473
604 7920.270680090598 1153.7195691378292
605 7949.274414062489 1157.5274658203125
606 7978.276548479069 1153.717772218486
607 8005.303086149539 1142.5283205963642
608 8028.510522536966 1124.7223535521189
609 8046.315857451216 1101.514432174954
610 8057.504572921254 1074.4875897366
611 8061.313476562489 1045.485351562471
612 8057.504525568194 1016.4830585542368
613 8046.315735428059 989.4561815128254
614 8028.510306778731 966.2482557540352
615 8005.302769011749 948.4423214003909
616 7978.276135784265 937.2529423381202
617 7464.586425781254 990.9644775390334
618 7439.824810950402 997.594182662695
619 7421.699529134745 1015.7205369061994
620 7415.071289062504 1040.4825439452688
621 7421.699244110463 1065.2449121855316
622 7439.8245641334615 1083.3716174307774
623 7464.586425781254 1090.00146484375
624 7489.3520379904985 1083.3745289985527
625 7507.480973863119 1065.2473805487534
626 7514.110351562504 1040.482421874971
627 7507.480607365742 1015.7179276244133
628 7489.3517206327415 997.5912304784142
629 7234.500488281239 1015.9765624999709
630 7209.738908709503 1022.606247296324
631 7191.613632351942 1040.7325513969408
632 7184.985351562504 1065.4945068359375
633 7191.6132658921815 1090.2569266764185
634 7209.738591373458 1108.3836820649449
635 7234.500488281239 1115.0135498046875
636 7259.266100490477 1108.3866139595048
637 7277.3950363630975 1090.2594655097055
638 7284.024414062489 1065.4945068359375
639 7277.394669865735 1040.7300125853653
640 7259.265783132727 1022.6033154393517
641 13490.360351562489 2390.1213378906104
642 13057.696126302075 2390.1214192708285
643 12625.031901041653 2390.121500651032
644 12192.367675781239 2390.1215820312354
645 11759.703450520825 2390.1216634114535
646 11327.039225260403 2390.1217447916715
647 10894.374999999989 2390.121826171875
648 10894.374999999989 2149.499755859346
649 10921.511125741908 2146.2712983936653
650 10948.592628285489 2142.61281812565
651 10975.612693548548 2138.525235579771
652 11002.564522907374 2134.0095792485517
653 11029.441334907384 2129.0669853338622
654 11056.23636696937 2123.6986974609754
655 11082.942877091114 2117.9060663656564
656 11109.554145543738 2111.690549554376
657 11136.063476562504 2105.053710937471
658 11163.767205297652 2097.4664906091784
659 11191.244967326445 2089.09779345672
660 11218.474723257186 2079.954331853325
661 11245.434632619177 2070.04343959612
662 11272.103071380512 2059.3730660237634
663 11298.458649292337 2047.9517696405092
664 11324.480227045558 2035.788711251531
665 11350.146933226253 2022.8936466152227
666 11375.438181056274 2009.2769186183432
667 11400.333684905487 1994.9494489801145
668 11424.813476562504 1979.9227294921584
669 11448.501449567138 1963.8787623899407
670 11471.157237780611 1946.4075229985174
671 11492.694967823827 1927.5752334395947
672 11513.033004150082 1907.4532746920595
673 11532.094258472393 1886.1179160331085
674 11549.806481955155 1863.6500259509921
675 11566.102539062504 1840.1347656249854
676 11579.740489470376 1816.1912667740544
677 11590.536509257301 1790.8391310590378
678 11598.34754684586 1764.4142844115704
679 11603.070102865891 1737.2668666118989
680 11604.641601562489 1709.7565917968604
681 11603.062080584004 1682.264234048038
682 11598.33559294327 1655.1351917558204
683 11590.524687290253 1628.7284809801495
684 11579.732730361666 1603.393558703523
685 11566.102539062504 1579.4656982421584
686 11549.806441757482 1555.9505879197823
687 11532.094192240209 1533.4828462022415
688 11513.03292567404 1512.1476331088197
689 11492.694890433948 1492.025816008434
690 11471.15717426177 1473.1936631061544
691 11448.501412078705 1455.722554361928
692 11424.813476562504 1439.678710937471
693 11400.333684905487 1424.6519914495148
694 11375.438181056274 1410.324521811286
695 11350.146933226253 1396.7077938144066
696 11324.480227045558 1383.812729178113
697 11298.458649292337 1371.6496707891347
698 11272.103071380512 1360.2283744058805
699 11245.434632619177 1349.5580008335237
700 11218.474723257186 1339.6471085763187
701 11191.244967326445 1330.5036469729384
702 11163.767205297652 1322.13494982048
703 11136.063476562504 1314.5477294921875
704 11107.837551409331 1307.4959050686011
705 11079.49656821143 1300.921732129762
706 11051.048609386988 1294.8270855299925
707 11022.501787862002 1289.2137033699983
708 10993.864244756634 1284.0831865011278
709 10965.144147063456 1279.436998068937
710 10936.349685318342 1275.2764630958263
711 10907.48907126467 1271.6027681031992
712 10878.570535511473 1268.416960773131
713 10849.602325186144 1265.7199496494868
714 10820.592701582533 1263.5125038788974
715 10791.54993780491 1261.7952529914037
716 10762.48231640863 1260.568686720886
717 10733.398127038065 1259.8331548654096
718 10704.305664062511 1259.5888671875
719 10306.652832031261 1259.5889282226417
720 9909.000000000004 1259.588989257798
721 9909.000000000004 842.725992838532
722 9909.000000000004 425.86299641925143
723 9909.000000000004 8.999999999985448
724 10356.670043945316 8.999912857994786
725 10804.340087890621 8.999825716004125
726 11252.010131835934 8.999738574013463
727 11699.680175781246 8.999651432022802
728 12147.350219726559 8.999564290046692
729 12595.020263671871 8.99947714805603
730 13042.690307617177 8.999390006065369
731 13490.360351562489 8.999302864074707
732 13490.360351562489 485.2237098693877
733 13490.360351562489 961.4481168746861
734 13490.360351562489 1437.672523879999
735 13490.360351562489 1913.8969308852975
736 12279.899414062504 949.4485473632521
737 12257.308743003468 953.9346522102715
738 12238.156904159358 966.7280342683807
739 12225.36241305141 985.8791322234465
740 12220.874999999989 1008.4695434570167
741 12225.361869591321 1031.0605358003959
742 12238.156234735437 1050.212276043705
743 12257.30830573216 1063.0061460729194
744 12279.899414062504 1067.492431640625
745 12302.489922540404 1063.005585071558
746 12321.64133052724 1050.2115850111295
747 12334.435191956469 1031.060084413155
748 12338.921875000004 1008.4695434570167
749 12334.434648507242 985.8795836061763
750 12321.640661114408 966.7287252898677
751 12302.4894852736 953.9352132007625
752 13328.796875000004 949.4483032226271
753 13306.206789683802 953.934974890406
754 13287.055606354592 966.7285027204634
755 13274.261623025024 985.879381755396
756 13269.774414062511 1008.469360351548
757 13274.26107957504 1031.0599200530414
758 13287.054936940836 1050.211441369931
759 13306.206352416437 1063.0054571714281
760 13328.796875000004 1067.4923095703125
761 13351.388011541985 1063.0060123436997
762 13370.540097516674 1050.2121108323627
763 13383.33445453391 1031.0603291507723
764 13387.821289062489 1008.4692993164062
765 13383.333876011075 985.878888082836
766 13370.539384903142 966.7277901277703
767 13351.387546059039 953.9344080696465
768 10428.696289062489 971.4559326171875
769 10406.059590444213 980.8299816439539
770 10396.688476562511 1003.4678955078125
771 10406.05924495652 1026.1064407765662
772 10428.696289062489 1035.4808349609375
773 10451.337753150456 1026.108859261687
774 10460.710937499989 1003.4678955078125
775 10451.337407625844 980.8275631957658
776 11085.446289062511 120.05477142331074
777 11062.809576948875 129.4288339328923
778 11053.438476562511 152.0667724609084
779 11062.809223363085 174.70535719265172
780 11085.446289062511 184.07977294921875
781 11108.087780145182 174.70777028762677
782 11117.460937500011 152.06675720214844
783 11108.087415723949 129.42641009073122
GTSP_SET_SECTION
1 1 -1
2 2 3 4 5 6 7 8 9 10 11 12 13 14 15 -1
3 16 17 18 19 20 21 22 23 24 25 26 27 28 29 30 31 32 -1
4 33 34 35 36 37 38 39 40 41 42 43 44 45 46 47 48 49 -1
5 50 51 52 53 54 55 56 57 58 59 60 61 62 63 64 65 66 67 68 69 70 71 72 73 74 75 76 77 78 79 80 81 82 83 84 85 86 87 88 89 90 91 92 93 94 95 96 97 98 99 100 101 102 103 104 105 106 -1
6 107 108 109 110 111 112 113 114 115 116 117 118 119 120 121 122 123 124 125 126 127 128 129 130 131 132 133 134 135 136 137 138 139 140 141 142 143 144 145 146 147 148 149 150 151 152 153 154 155 156 157 158 159 160 161 162 163 -1
7 164 165 166 167 168 169 170 171 172 173 174 175 176 177 178 179 180 181 182 183 184 185 186 187 188 189 190 191 192 193 194 195 196 197 198 199 200 201 202 203 204 205 206 207 -1
8 208 209 210 211 212 213 214 215 216 217 218 219 220 221 222 223 224 225 226 227 228 229 230 231 232 233 234 235 236 237 238 239 240 241 242 243 244 245 246 247 248 249 250 251 -1
9 252 253 254 255 256 257 258 259 260 261 262 263 264 265 266 267 268 269 270 271 272 273 274 275 276 277 278 279 280 281 282 283 284 285 286 287 288 289 290 291 292 293 294 295 -1
10 296 297 298 299 300 301 302 303 304 305 306 307 308 309 310 311 312 313 314 315 316 317 318 319 320 321 322 323 324 325 326 327 328 329 330 331 332 333 334 335 336 337 338 339 -1
11 340 341 342 343 344 345 346 347 348 349 350 351 352 353 354 355 356 357 358 359 360 361 362 363 364 365 366 367 368 369 370 371 372 373 374 375 376 377 378 379 380 381 382 383 384 385 386 387 388 389 390 391 392 393 394 395 396 397 398 399 400 401 402 403 404 405 406 407 408 409 410 411 412 413 414 415 416 417 418 419 420 421 422 423 424 425 426 427 428 429 430 431 432 433 434 -1
12 435 436 437 438 439 440 441 442 -1
13 443 444 445 446 447 448 449 450 -1
14 451 452 453 454 455 456 457 458 459 460 461 462 463 464 465 466 467 468 469 470 471 472 473 -1
15 474 475 476 477 478 479 480 481 482 483 484 485 486 487 488 489 490 491 492 493 494 495 496 497 -1
16 498 499 500 501 502 503 504 505 506 507 508 509 510 511 512 513 514 515 516 517 518 519 520 521 -1
17 522 523 524 525 526 527 528 529 530 531 532 533 -1
18 534 535 536 537 538 539 540 541 542 543 544 545 -1
19 546 547 548 549 550 551 552 553 554 555 556 557 558 559 560 561 562 563 564 565 566 567 568 -1
20 569 570 571 572 573 574 575 576 577 578 579 580 581 582 583 584 585 586 587 588 589 590 591 592 -1
21 593 594 595 596 597 598 599 600 601 602 603 604 605 606 607 608 609 610 611 612 613 614 615 616 -1
22 617 618 619 620 621 622 623 624 625 626 627 628 -1
23 629 630 631 632 633 634 635 636 637 638 639 640 -1
24 641 642 643 644 645 646 647 648 649 650 651 652 653 654 655 656 657 658 659 660 661 662 663 664 665 666 667 668 669 670 671 672 673 674 675 676 677 678 679 680 681 682 683 684 685 686 687 688 689 690 691 692 693 694 695 696 697 698 699 700 701 702 703 704 705 706 707 708 709 710 711 712 713 714 715 716 717 718 719 720 721 722 723 724 725 726 727 728 729 730 731 732 733 734 735 -1
25 736 737 738 739 740 741 742 743 744 745 746 747 748 749 750 751 -1
26 752 753 754 755 756 757 758 759 760 761 762 763 764 765 766 767 -1
27 768 769 770 771 772 773 774 775 -1
28 776 777 778 779 780 781 782 783 -1
GTSP_SET_ORDERING
12 11 -1
13 11 -1
15 14 -1
16 14 -1
17 14 -1
18 14 -1
20 19 -1
21 19 -1
22 19 -1
23 19 -1
25 24 -1
26 24 -1
27 24 -1
28 24 -1
EOF