NAME: Mc28v636
TYPE: PCGTSP 
COMMENT: 
DIMENSION: 637
GTSP_SETS: 29
EDGE_WEIGHT_TYPE: EUC_2D
NODE_COORD_SECTION
1 0.0 0.0
2 6044.830078124996 126.79051971418085
3 5872.353027343746 124.38735198968789
4 5857.912109374996 98.66876220708946
5 5853.935968842499 94.58400760177756
6 5848.449218749996 93.0378875733004
7 5840.64330014752 96.16144179343246
8 5837.323730468746 103.88603973388672
9 5836.937988281246 137.8959503173828
10 5938.888671874996 139.3156738280668
11 5934.72847996897 164.7739866725169
12 5924.194336362667 188.3210609718808
13 5907.987217618018 208.38999695703387
14 5887.185598720815 223.64534162159543
15 5863.173687808125 233.07195415743627
16 5837.549316406246 236.0425567626953
17 5811.758808047936 232.28690970235039
18 5787.8146865827985 221.99447298963787
19 5767.343368927188 205.86436574684922
20 5751.735379990689 184.99223390599946
21 5742.050900547667 160.79582788900007
22 5738.947753906246 134.91870117170038
23 5739.244140624996 108.77235412597656
24 5742.956478189899 82.88894530449761
25 5753.2518748697 58.852782765054144
26 5769.426401136774 38.30729658307973
27 5790.374152382614 22.657248015806545
28 5814.662863188252 12.972681437095162
29 5840.631835937496 9.915761947573628
30 6055.140624999996 12.903840065002441
31 6054.559570312496 62.91446304315468
32 6060.490234374996 68.98356628406327
33 6059.999999999996 112.0
34 6103.092773437496 265.00787353515625
35 5817.987304687496 545.117004394473
36 5802.980957031246 545.117004394473
37 5802.980957031246 295.02301025390625
38 5827.995651184541 288.32679762726184
39 5846.305771368596 270.0152251669788
40 5852.999999999996 245.0
41 6103.092773437496 244.9998779296875
42 6149.999999999996 481.9999999998836
43 6134.999999999996 497.0050048827543
44 5899.906249999996 497.0050048827543
45 5899.906249999996 481.9999999998836
46 6134.999999999996 246.91101074207108
47 6149.999999999996 246.91101074207108
48 6186.093749999996 521.9998779295711
49 5950.999999999996 757.0880126952543
50 5935.999999999996 757.0880126952543
51 5935.999999999996 522.0
52 5950.999999999996 506.99398803705117
53 6186.093749999996 506.9938964842004
54 6262.999999999996 709.9999999998836
55 6247.999999999996 725.0059814452543
56 6012.906249999996 725.0059814452543
57 6012.906249999996 709.9999999998836
58 6247.999999999996 474.9120178222656
59 6262.999999999996 474.9120178222656
60 6139.097656249996 862.9364013670711
61 6241.029296874996 862.8836669920711
62 6241.011718749996 828.8833618164062
63 6237.785901587678 821.1066267439746
64 6230.005859374996 817.8887939452543
65 6224.506830667826 819.3656461323844
66 6220.482910156246 823.3941040037898
67 6205.773925781246 848.9022216796875
68 6033.978027343746 848.9924316405668
69 6018.999999999989 834.0
70 6019.066808412685 812.4993707433459
71 6019.160156249996 790.9988403318566
72 6025.234374999996 785.0757446289062
73 6025.866210937496 734.995056152402
74 6239.010742187496 734.884582519473
75 6264.897407366912 738.2794044317561
76 6289.023051314984 748.2592618464842
77 6309.743163384399 764.143883521494
78 6325.645369050169 784.8505033541005
79 6335.645703606966 808.9676665097941
80 6339.062499999996 834.8514404296875
81 6339.075683593739 860.8335571289062
82 6335.68161487018 886.716986080748
83 6325.704127220106 910.8400318460772
84 6309.82315808762 931.5587773732259
85 6289.120950412074 947.461299002287
86 6265.008300845675 957.4638850525371
87 6239.128417968739 960.8848876952543
88 6213.566888214595 957.5764418786275
89 6189.700065289904 947.8444132835139
90 6169.113512021602 932.3353371786652
91 6153.174870583945 912.079539830389
92 6142.943004884157 888.4226900528884
93 6535.999999999996 980.9999999998836
94 6522.995117187496 994.0048828123836
95 6385.513671874996 994.0050048827543
96 6313.670654296871 660.4786987304105
97 6241.827636718746 326.9523925780086
98 6229.878122302249 303.7648269981146
99 6207.876464843746 289.7512207030668
100 6207.875976562496 22.09888839715859
101 6220.879882812496 9.272706031799316
102 6520.997070312496 13.429698944091797
103 6535.999999999996 28.6435546875
104 6535.999999999996 504.8217773436918
105 5049.0048828125 1268.0939941405668
106 5034.0 1268.0939941405668
107 4798.9111328125 1033.0001220702543
108 4798.9111328125 1018.0001220702543
109 5034.0 1018.0
110 5049.0048828125 1033.0
111 4869.0048828125 1379.1336669921875
112 4818.92431640625 1379.7655029296875
113 4813.0009765625 1385.8399658202543
114 4791.500537665928 1385.933252509276
115 4770.0 1386.0
116 4755.00732421875 1371.022216796875
117 4755.09765625 1199.2261962890625
118 4780.60595703125 1184.5172119140043
119 4784.634203150046 1180.493164756277
120 4786.11083984375 1174.994140625
121 4782.893158097919 1167.2142494039144
122 4775.11669921875 1163.98828125
123 4741.1162109375 1163.9704589842586
124 4741.0634765625 1265.9025878905086
125 4715.577176876228 1262.057171231194
126 4691.920336020226 1251.8252319381572
127 4671.664569486857 1235.8865173372906
128 4656.1555462387405 1215.299897923891
129 4646.423590711693 1191.433022497862
130 4643.115234375 1165.8714599608793
131 4646.536187017809 1139.9916417446802
132 4656.5386908527325 1115.8790345667512
133 4672.441107343566 1095.1768352236832
134 4693.159737840677 1079.2958321630722
135 4717.282674166148 1069.3182647779468
136 4743.166015625 1065.9240722655086
137 4769.1484375 1065.937255859375
138 4795.032199512734 1069.3540654151002
139 4819.149348776926 1079.354407151288
140 4839.855954950173 1095.2566140502458
141 4855.740565219239 1115.9767221598304
142 4865.720415095151 1140.102358315722
143 4869.115234375 1165.989013671875
144 8824.999999999996 1358.0
145 8591.172851562496 1493.0001220702543
146 8128.826660156246 1493.0002441405668
147 7894.999999999996 1358.0003662107629
148 7894.999999999996 1343.0003662108793
149 8359.999999999996 1343.0001831054105
150 8824.999999999996 1343.0
151 9091.999999999996 1754.0
152 9041.999999999996 1754.0
153 9035.999999999996 1760.0
154 8992.999999999996 1760.0
155 8977.999999999996 1745.0
156 8977.999999999996 1573.2480468748836
157 9003.499999999996 1558.525390625
158 9007.526301378213 1554.4990731882863
159 9008.999999999996 1548.9990234375
160 9005.778174593073 1541.2208488443866
161 8997.999999999996 1537.9990234373836
162 8963.999999999996 1537.9990234373836
163 8963.999999999996 1639.9794921873836
164 8938.511705982262 1636.1472642713925
165 8914.849566822802 1625.9275640246924
166 8894.585550951411 1609.9993260964402
167 8879.065876180266 1589.4207256160444
168 8869.321575190585 1565.5588794813375
169 8865.999999999996 1539.9990234373836
170 8869.407417371101 1514.1171189271263
171 8879.397459621574 1489.9990234374418
172 8895.289321881366 1469.2883453188115
173 8916.000000000018 1453.3964830590412
174 8940.11809548976 1443.4064408085542
175 8965.999999999996 1439.9990234375
176 8991.999999999996 1439.9990234375
177 9017.881904510232 1443.4064408085542
178 9041.999999999975 1453.3964830590412
179 9062.710678118627 1469.2883453188115
180 9078.602540378419 1489.9990234374418
181 9088.592582628891 1514.1171189271263
182 9091.999999999996 1539.9990234373836
183 9117.999999999996 1495.0889892577543
184 9102.999999999996 1495.0889892577543
185 8867.906249999996 1260.0002441405668
186 8867.906249999996 1244.995239257696
187 9102.999999999996 1244.9949951171875
188 9117.999999999996 1259.9999999998836
189 9131.816406249996 1220.2008056640043
190 9116.811523437496 1235.2047119140043
191 8736.168945312496 1235.2053222655668
192 8355.526367187496 1235.205932617071
193 8352.59709063904 1228.1306122557726
194 8345.521484374996 1225.2020263669547
195 8325.514648437496 1225.2020263669547
196 8318.43967361237 1228.130957791931
197 8315.510742187496 1235.205932617071
198 8284.499999999996 1235.205932617071
199 8269.493164062489 1220.200073242071
200 8269.493164062489 1065.1014404296875
201 8293.652218956147 1057.7631807291182
202 8311.14534266527 1039.5560224751243
203 8317.511718749996 1015.122863769473
204 8310.815922471465 990.1093810143066
205 8292.505800977877 971.7996170006227
206 8267.492187499996 965.104309081973
207 8241.484374999996 965.104309081973
208 8216.47033108152 971.7993013968226
209 8198.159805703846 990.1091341553256
210 8191.463867187496 1015.1229248044547
211 8191.463867187496 1235.205932617071
212 8029.895996093746 1235.205932617071
213 8002.931892207078 1235.0765564431786
214 7975.970284163839 1234.6875470242812
215 7949.013671874996 1234.0389404296875
216 7920.081027221593 1233.0669171068002
217 7891.155799540571 1231.8947568869335
218 7862.239373229993 1230.5225158711546
219 7833.333132266704 1228.9502597366227
220 7804.438460140049 1227.1780637336196
221 7775.5567397856685 1225.2060126815923
222 7746.689353519334 1223.0342009654269
223 7717.837682970752 1220.6627325307927
224 7689.003109017463 1218.0917208791943
225 7660.187011718746 1215.3212890625
226 7633.471446897467 1212.660302080214
227 7606.762532229226 1209.9333747462952
228 7580.06043047021 1207.1405236776918
229 7553.365304335082 1204.2817658933927
230 7526.677316495992 1201.3571188136702
231 7499.996629581616 1198.3666002604878
232 7473.323406176107 1195.3102284572087
233 7446.6578088181595 1192.1880220284802
234 7419.999999999996 1189.0
235 7406.976074218746 1172.34765625
236 7425.814941406246 1018.2490234375
237 7450.685985388434 1013.8963159075356
238 7470.259079717634 997.946116222709
239 7479.542968749996 974.4658203122672
240 7475.931685151412 948.8250846714946
241 7459.9788313641 928.429125525814
242 7435.962890624996 918.7480468748836
243 7410.145996093746 915.591796875
244 7384.504755970582 919.2018492490752
245 7364.107852416146 935.1540277394233
246 7354.425781249996 959.169921875
247 7327.736816406246 1177.4736328125
248 7298.1939012372495 1173.6668500473024
249 7268.656824199836 1169.81503076409
250 7239.125653949621 1165.9181839160738
251 7209.600459128484 1161.97631856089
252 7180.081308364413 1157.9894438610645
253 7150.568270271342 1153.9575690835482
254 7121.061413449006 1149.8807036001235
255 7091.5608064827575 1145.7588568868232
256 7062.0665179434545 1141.59203852457
257 7032.578616387222 1137.3802581985365
258 7003.097170355377 1133.1235256986693
259 6973.622248374213 1128.8218509191647
260 6944.153918954875 1124.4752438587602
261 6914.692250593154 1120.083714620734
262 6885.23731176939 1115.6472734126728
263 6855.789170948268 1111.1659305465873
264 6826.347896578667 1106.6396964387968
265 6796.913557093521 1102.0685816101031
266 6767.486220909621 1097.4525966854999
267 6738.065956427501 1092.791752394347
268 6708.652832031246 1088.0860595702543
269 6706.887290003451 1080.6407017847523
270 6700.374999999996 1076.6231689452543
271 6680.624023437496 1073.4268798827543
272 6673.175589008413 1075.1853645195952
273 6669.151855468746 1081.695434570196
274 6656.895847378608 1079.6949347946793
275 6644.641113281246 1077.6866455077543
276 6617.641469816084 1073.245222878817
277 6590.644721216497 1068.7862378748832
278 6563.650878906246 1064.3096923827543
279 6548.847656249996 1046.8409423827543
280 6545.846679687496 1046.5928955077543
281 6545.846679687496 705.9793046314735
282 6545.846679687496 365.3657137552509
283 6545.846679687496 24.752122878970113
284 6548.847656249996 24.752122878970113
285 6563.854003906246 9.746260642888956
286 6989.346923828121 9.74617783218855
287 7414.839843749996 9.746095021488145
288 7840.332763671871 9.74601221078774
289 8265.825683593746 9.745929400087334
290 8691.318603515621 9.745846589386929
291 9116.811523437496 9.745763778686523
292 9131.816406249996 24.751619338989258
293 9131.816406249996 214.82290649408242
294 9131.816406249996 549.948872884037
295 9131.816406249996 885.0748392740497
296 9156.999999999996 940.0
297 9141.999999999996 940.0
298 9141.999999999996 475.0
299 9141.999999999996 10.0
300 9156.999999999996 9.999996185186319
301 9291.999999999996 243.82682800287148
302 9291.999999999996 706.1732177732629
303 9322.999999999996 885.0
304 9307.999999999996 885.0
305 9307.999999999996 447.5
306 9307.999999999996 10.0
307 9322.999999999996 9.999996185186319
308 9458.000000000011 243.82682800287148
309 9458.000000000011 651.1732177733793
310 9487.999999999996 939.9185791015043
311 9472.999999999996 942.0
312 9472.999999999996 476.0
313 9472.999999999996 10.0
314 9487.999999999996 9.999996185186319
315 9622.999999999996 243.82682800287148
316 9622.999999999996 706.091796875
317 9462.999999999996 1509.0
318 9447.999999999996 1509.0
319 9312.999999999996 1275.1732177734957
320 9312.999999999996 921.8269042967586
321 9447.999999999996 688.0
322 9462.999999999996 688.0
323 9462.999999999996 1098.5
324 9297.999999999996 1666.9999999998836
325 9283.000000000011 1666.9999999998836
326 9147.999999999996 1433.1732177733793
327 9147.999999999996 974.8268432616023
328 9283.000000000011 741.0
329 9297.999999999996 741.0
330 9297.999999999996 1203.9999999999418
331 9251.999999999996 2611.0
332 9236.999999999996 2611.0
333 9101.999999999996 2377.173339843692
334 9101.999999999996 1914.826904296875
335 9236.999999999996 1681.0
336 9251.999999999996 1681.0
337 9251.999999999996 2146.0
338 9165.999999999996 2611.0
339 8900.999999999996 2611.0
340 8900.999999999996 2581.0
341 8890.748737341524 2556.2512626584503
342 8865.999999999996 2546.0
343 8865.999999999996 2190.5
344 8865.999999999996 1835.0
345 8890.748737341524 1824.7487373415497
346 8900.999999999996 1800.0
347 8900.999999999996 1770.0
348 9165.999999999996 1769.999877929571
349 9165.999999999996 1784.9998779296875
350 9136.736436731971 1787.8820888460614
351 9108.597456950654 1796.4179597315378
352 9082.664426985375 1810.2794615163002
353 9059.933939663617 1828.933903910045
354 9041.279515767947 1851.6644064128632
355 9027.418035087565 1877.597447658598
356 9018.882187101608 1905.736434386461
357 9015.999999999996 1935.0
358 9015.999999999996 2190.499999999942
359 9015.999999999996 2445.9999999998836
360 9018.882207939514 2475.2635483022896
361 9027.418070123302 2503.4025148546207
362 9041.279558154612 2529.3355349528138
363 9059.933982822015 2552.0660171778873
364 9082.664465047059 2570.7204418452457
365 9108.59748514523 2584.5819298765855
366 9136.736451697576 2593.117792060366
367 9165.999999999996 2595.9999999998836
368 9561.999999999996 2610.9997558592586
369 9296.999999999996 2611.0
370 9296.999999999996 2581.0
371 9286.748737341524 2556.2512626584503
372 9261.999999999996 2546.0
373 9261.999999999996 2190.5
374 9261.999999999996 1835.0
375 9286.748737341524 1824.7487373415497
376 9296.999999999996 1800.0
377 9296.999999999996 1770.0
378 9561.999999999996 1769.999877929571
379 9561.999999999996 1784.9998779296875
380 9532.736451697576 1787.8820858692052
381 9504.59748514523 1796.4179480529856
382 9478.664465047059 1810.2794360843254
383 9455.933982822015 1828.9338607516838
384 9437.279558154612 1851.6643429767573
385 9423.418070123302 1877.5973630749504
386 9414.882207939514 1905.7363296272815
387 9411.999999999996 1934.9998779296875
388 9411.999999999996 2190.4999389647855
389 9411.999999999996 2445.9999999998836
390 9414.882249615268 2475.2635136800236
391 9423.418140194673 2503.402439881407
392 9437.279642927835 2529.3354176844005
393 9455.934069138693 2552.0658593539847
394 9478.664541170318 2570.7202485685702
395 9504.597541534324 2584.581709093065
396 9532.736481628748 2593.117553873395
397 9561.999999999996 2595.9997558592004
398 9628.999999999996 2590.0
399 9613.999999999996 2590.0
400 9478.999999999996 2356.173339843808
401 9478.999999999996 1948.8269042967586
402 9613.999999999996 1715.0
403 9628.999999999996 1715.0
404 9628.999999999996 2152.5
405 9617.999999999996 1677.9999999998836
406 9477.999999999996 1678.000122070196
407 9477.999999999996 1327.4134826659574
408 9477.999999999996 976.8268432616605
409 9612.999999999996 743.0
410 9627.999999999996 743.0
411 9627.999999999996 1200.5
412 9627.999999999996 1658.0
413 9620.928932188155 1660.9289321880788
414 9617.999999999996 1667.9999999998836
415 11975.874023437496 2592.005371093808
416 11975.874023437496 2595.006347656308
417 11512.700195312496 2595.0065429687966
418 11049.526367187496 2595.006738281285
419 10586.352539062496 2595.006933593715
420 10123.178710937496 2595.0071289062034
421 9660.004882812496 2595.007324218692
422 9660.004882812496 2592.006347656192
423 9645.000000000011 2577.0
424 9644.99983723959 2151.507080078125
425 9644.999674479175 1726.01416015625
426 9644.999511718754 1300.5212402344332
427 9644.999348958332 875.0283203125582
428 9644.999186197918 449.5354003906832
429 9644.999023437496 24.042480468808208
430 9660.003906249996 9.037591934204102
431 10123.177734374996 9.037411498953588
432 10586.351562499996 9.037231063761283
433 11049.525390624989 9.03705062851077
434 11512.699218749989 9.036870193318464
435 11975.873046874989 9.03668975806795
436 11990.877929687489 24.041566848696675
437 11990.87809244791 449.5344762801542
438 11990.878255208325 875.0273857116117
439 11990.878417968739 1300.5202951430692
440 11990.87858072916 1726.013204574585
441 11990.878743489575 2151.5061140060425
442 11990.878906249996 2576.9990234375
443 8856.351562499996 2546.451171875
444 8831.3396002501 2553.1477827722556
445 8813.031083341837 2571.457372110046
446 8806.335937499996 2596.4697265625
447 8345.205965909085 2596.4697265625
448 7884.07599431818 2596.4697265625
449 7422.946022727268 2596.4697265625
450 6961.816051136364 2596.4697265625
451 6500.686079545452 2596.4697265625
452 6039.5561079545405 2596.4697265625
453 5578.426136363636 2596.4697265625
454 5117.296164772724 2596.4697265625
455 4656.166193181816 2596.4697265625
456 4195.036221590908 2596.4697265625
457 3733.90625 2596.4697265625
458 3271.29296875 2596.4697265625
459 2808.6796875 2596.4697265625
460 2346.06640625 2596.4697265625
461 1883.453125 2596.4697265625
462 1420.83984375 2596.4697265625
463 958.2265625 2596.4697265625
464 495.61328125 2596.4697265625
465 33.0 2596.4697265625
466 30.0724492382069 2589.396133433678
467 23.0 2586.4658203125
468 12.9921875 2586.4658203125
469 12.9921875 2159.222412109375
470 12.9921875 1731.97900390625
471 12.9921875 1304.7355957031832
472 12.9921875 877.4921875000582
473 12.9921875 450.2487792969332
474 12.9921875 23.005371093808208
475 23.0 23.005371093808208
476 30.072621966934094 20.07488537498284
477 33.0 13.0009765625
478 33.0 10.0
479 483.1083984375 10.0
480 933.216796875 10.0
481 1383.3251953125 10.0
482 1833.43359375 10.0
483 2283.5419921875 10.0
484 2733.650390625 10.0
485 3183.7587890625 10.0
486 3633.8671875 10.0
487 4053.0265624999993 10.0
488 4472.1859374999985 10.0
489 4891.345312499998 10.0
490 5310.504687499997 10.0
491 5729.664062499996 10.0
492 5729.664062499996 235.662109375
493 5730.210619308211 265.453598159831
494 5731.86620727972 295.2040696993936
495 5734.62852972202 324.8722530459636
496 5738.493754639861 354.4169914048398
497 5743.456520051146 383.79729922884144
498 5749.509941425244 412.97241907479474
499 5756.645621233492 441.90187814395176
500 5764.853660598517 470.54554442712106
501 5774.12267302637 498.8636823774432
502 5784.4398002022535 526.8170080328127
503 5795.790729828059 554.3667435123352
504 5808.159715476908 581.4746708100429
505 5821.529598437195 608.103184812644
506 5835.881831515751 634.2153454666259
507 5851.196504767224 659.7749290227075
508 5867.452373113865 684.7464782869793
509 5884.626885817492 709.0953518081806
510 5902.696217762681 732.7877719339449
511 5921.63530250789 755.7908716679667
512 5941.417867058484 778.0727402646444
513 5962.016468313672 799.602467496763
514 5983.402531136508 820.3501865352155
515 6005.546387994433 840.2871153813321
516 6028.417320115139 859.3855967945419
517 6051.9836001007825 877.6191366592539
518 6076.212535941395 894.9624407386873
519 6101.07051636645 911.3914497637888
520 6126.523057471652 926.8833728092723
521 6152.534850556254 941.4167189100408
522 6179.069811104633 954.9713268739288
523 6206.091128843993 967.528393250599
524 6233.561318808996 979.0704984159092
525 6261.442273342214 989.5816307372297
526 6289.69531495855 999.0472087853705
527 6318.281249999996 1007.4541015625
528 6746.895312499993 1125.0164062500116
529 7175.509374999998 1242.5787109375233
530 7604.123437499995 1360.1410156249767
531 8032.737499999999 1477.7033203124884
532 8461.351562499996 1595.265625
533 8489.686002933133 1601.5949202916236
534 8518.499564700429 1605.1556999575696
535 8547.522392630392 1605.9146152985631
536 8576.482671656519 1603.8645586465718
537 8605.10917251786 1599.0247299323673
538 8633.133791973265 1591.440456867218
539 8660.294063738602 1581.1827704233583
540 8686.335616630826 1568.3477395894006
541 8711.014556896745 1553.055571630015
542 8734.099752414924 1535.4494862776482
543 8755.374997377618 1515.694374399318
544 8774.641037179517 1493.97525370121
545 8791.71743454885 1470.4955359339365
546 8806.444259443739 1445.4751218273886
547 8818.683586886702 1419.148341597116
548 8828.320788709494 1391.7617603104445
549 8835.265607110192 1363.5718686659238
550 8839.452999968165 1334.8426808145596
551 8840.843749999996 1305.8432617186918
552 8840.843749999996 1291.9814453125
553 8856.351562499996 1291.9814453125
554 8856.351562499996 1710.138020833314
555 8856.351562499996 2128.294596354186
556 4624.2421875 1205.94921875
557 4626.269174685087 1234.4267495892127
558 4632.330249941933 1262.325527456298
559 4642.301906976456 1289.0770600428805
560 4655.980953722217 1314.136232412944
561 4673.088652777249 1336.9924147885758
562 4693.2764012252155 1357.1798676330363
563 4716.132834103446 1374.287232007191
564 4741.192206770724 1387.965911814419
565 4767.94388536768 1397.9371771298465
566 4795.842751983037 1403.997843869147
567 4824.3203125 1406.0244140625
568 5024.3984375 1406.0244140625
569 5052.875998016963 1403.997843869147
570 5080.77486463232 1397.9371771298465
571 5107.526543229276 1387.965911814419
572 5132.585915896554 1374.287232007191
573 5155.4423487747845 1357.1798676330363
574 5175.630097222751 1336.9924147885758
575 5192.737796277783 1314.136232412944
576 5206.416843023544 1289.0770600428805
577 5216.388500058067 1262.325527456298
578 5222.449575314913 1234.4267495892127
579 5224.4765625 1205.94921875
580 5222.449701753496 1177.471590101719
581 5216.388725331799 1149.572700110788
582 5206.417138281475 1122.8210468980833
583 5192.738132503837 1097.761751240585
584 5175.630446295818 1074.905448597332
585 5155.442684475307 1054.7178838459076
586 5132.586214830299 1037.6104207587196
587 5107.526785641498 1023.9316596070421
588 5080.775035088875 1013.9603337030276
589 5052.876085932825 1007.8996296265977
590 5024.3984375 1005.8730468747672
591 4824.3203125 1005.8730468747672
592 4795.842664067175 1007.8996296265977
593 4767.943714911125 1013.9603337030276
594 4741.191964358502 1023.9316596070421
595 4716.132535169701 1037.6104207587196
596 4693.276065524693 1054.7178838459076
597 4673.088303704182 1074.905448597332
598 4655.980617496163 1097.761751240585
599 4642.301611718525 1122.8210468980833
600 4632.330024668201 1149.572700110788
601 4626.269048246504 1177.471590101719
602 6889.109374999996 2263.3447265623836
603 6892.9862426559885 2292.864769480948
604 6904.374658413839 2320.3741682977416
605 6922.497813284917 2343.996494479885
606 6946.1195186802615 2362.1204584765364
607 6973.628527393204 2373.5098165079253
608 7003.148437499996 2377.3876953125
609 7032.669871577851 2373.511502765876
610 7060.180658793975 2362.123064531421
611 7083.8041131210375 2343.9992585203145
612 7101.928728268609 2320.3764249810483
613 7113.318108791831 2292.866027856129
614 7117.195312499996 2263.3447265623836
615 7113.317898006255 2233.823615766305
616 7101.928402507128 2206.313440956583
617 7083.8037676119675 2182.690826035512
618 7060.180376706336 2164.567202559323
619 7032.669714280502 2153.1788849188015
620 7003.148437499996 2149.302734375
621 6973.628684688138 2153.18057116773
622 6946.1198007604435 2164.569808601227
623 6922.49815878212 2182.6935900640674
624 6904.374984162412 2206.3156976323808
625 6892.986453432564 2233.8248741391
626 4537.7109375 2346.3759765623836
627 4543.938798501298 2369.6401751504745
628 4560.969392181687 2386.66862391989
629 4584.234375 2392.8935546875
630 4607.496055320698 2386.666017712152
631 4624.523439734618 2369.637918342545
632 4630.75 2346.3759765623836
633 4624.523439734578 2323.11403478228
634 4607.496055320658 2306.0859354127897
635 4584.234375 2299.8583984375
636 4560.969392181727 2306.083329205052
637 4543.938798501338 2323.111777974351
GTSP_SET_SECTION
1 1 -1
2 2 3 4 5 6 7 8 9 10 11 12 13 14 15 16 17 18 19 20 21 22 23 24 25 26 27 28 29 30 31 32 33 -1
3 34 35 36 37 38 39 40 41 -1
4 42 43 44 45 46 47 -1
5 48 49 50 51 52 53 -1
6 54 55 56 57 58 59 -1
7 60 61 62 63 64 65 66 67 68 69 70 71 72 73 74 75 76 77 78 79 80 81 82 83 84 85 86 87 88 89 90 91 92 -1
8 93 94 95 96 97 98 99 100 101 102 103 104 -1
9 105 106 107 108 109 110 -1
10 111 112 113 114 115 116 117 118 119 120 121 122 123 124 125 126 127 128 129 130 131 132 133 134 135 136 137 138 139 140 141 142 143 -1
11 144 145 146 147 148 149 150 -1
12 151 152 153 154 155 156 157 158 159 160 161 162 163 164 165 166 167 168 169 170 171 172 173 174 175 176 177 178 179 180 181 182 -1
13 183 184 185 186 187 188 -1
14 189 190 191 192 193 194 195 196 197 198 199 200 201 202 203 204 205 206 207 208 209 210 211 212 213 214 215 216 217 218 219 220 221 222 223 224 225 226 227 228 229 230 231 232 233 234 235 236 237 238 239 240 241 242 243 244 245 246 247 248 249 250 251 252 253 254 255 256 257 258 259 260 261 262 263 264 265 266 267 268 269 270 271 272 273 274 275 276 277 278 279 280 281 282 283 284 285 286 287 288 289 290 291 292 293 294 295 -1
15 296 297 298 299 300 301 302 -1
16 303 304 305 306 307 308 309 -1
17 310 311 312 313 314 315 316 -1
18 317 318 319 320 321 322 323 -1
19 324 325 326 327 328 329 330 -1
20 331 332 333 334 335 336 337 -1
21 338 339 340 341 342 343 344 345 346 347 348 349 350 351 352 353 354 355 356 357 358 359 360 361 362 363 364 365 366 367 -1
22 368 369 370 371 372 373 374 375 376 377 378 379 380 381 382 383 384 385 386 387 388 389 390 391 392 393 394 395 396 397 -1
23 398 399 400 401 402 403 404 -1
24 405 406 407 408 409 410 411 412 413 414 -1
25 415 416 417 418 419 420 421 422 423 424 425 426 427 428 429 430 431 432 433 434 435 436 437 438 439 440 441 442 -1
26 443 444 445 446 447 448 449 450 451 452 453 454 455 456 457 458 459 460 461 462 463 464 465 466 467 468 469 470 471 472 473 474 475 476 477 478 479 480 481 482 483 484 485 486 487 488 489 490 491 492 493 494 495 496 497 498 499 500 501 502 503 504 505 506 507 508 509 510 511 512 513 514 515 516 517 518 519 520 521 522 523 524 525 526 527 528 529 530 531 532 533 534 535 536 537 538 539 540 541 542 543 544 545 546 547 548 549 550 551 552 553 554 555 -1
27 556 557 558 559 560 561 562 563 564 565 566 567 568 569 570 571 572 573 574 575 576 577 578 579 580 581 582 583 584 585 586 587 588 589 590 591 592 593 594 595 596 597 598 599 600 601 -1
28 602 603 604 605 606 607 608 609 610 611 612 613 614 615 616 617 618 619 620 621 622 623 624 625 -1
29 626 627 628 629 630 631 632 633 634 635 636 637 -1
GTSP_SET_ORDERING
9 27 26 -1
10 27 26 -1
27 26 -1
28 26 -1
29 26 -1
EOF