NAME: Mc32v808
TYPE: PCGTSP 
COMMENT: 
DIMENSION: 809
GTSP_SETS: 33
EDGE_WEIGHT_TYPE: EUC_2D
NODE_COORD_SECTION
1 0.0 0.0
2 8187.999999999996 961.0000000004075
3 8037.999999999996 961.0000000004075
4 8037.999999999996 591.0000000003492
5 8059.213210139391 582.2132101397146
6 8067.999999999996 561.0000000003492
7 8059.213210139442 539.7867898608674
8 8037.999999999996 531.0000000001164
9 8037.999999999996 161.00003051792737
10 8187.999999999996 161.00000000011642
11 8187.999999999996 531.0000000001164
12 8166.786789860551 539.7867898608674
13 8157.999999999996 561.0000000003492
14 8166.786789860602 582.2132101397146
15 8187.999999999996 591.0000000003492
16 8357.999999999996 310.00000000034925
17 8197.999999999996 310.00003051781096
18 8197.999999999996 190.00003051792737
19 8227.999999999996 190.00003051792737
20 8235.07106781191 187.071098329674
21 8237.999999999996 180.00003051769454
22 8237.999999999996 140.00003051792737
23 8235.071067811888 132.92896270600613
24 8227.999999999996 130.00003051781096
25 8197.999999999996 130.00003051781096
26 8197.999999999996 10.000031471601687
27 8357.999999999996 10.000000000349246
28 8357.999999999996 130.00000000023283
29 8327.999999999996 130.00000000023283
30 8320.928926793324 132.92893758317223
31 8317.999999999996 140.0000152590219
32 8317.999999999996 180.00001525919652
33 8320.928937583016 187.07107320684008
34 8327.999999999996 190.0
35 8357.999999999996 190.0
36 11778.999999999996 809.9999389650184
37 11628.999999999996 810.0000000002328
38 11628.999999999996 440.0000000001164
39 11650.213210139369 431.21321013954
40 11658.999999999996 410.00000000023283
41 11650.213210139369 388.78678986092564
42 11628.999999999996 380.00000000034925
43 11628.999999999996 10.000000000349246
44 11778.999999999996 9.999930382007733
45 11778.999999999996 379.9999389651348
46 11757.78678986061 388.7867288257694
47 11749.000000000011 409.9999389651348
48 11757.78678986066 431.2131491043838
49 11778.999999999996 439.99993896490196
50 11938.999999999996 809.9999389650184
51 11788.999999999996 810.0000000002328
52 11788.999999999996 440.0000000001164
53 11810.213210139376 431.21321013959823
54 11819.000000000011 410.00000000023283
55 11810.213210139376 388.78678986086743
56 11788.999999999996 380.00000000034925
57 11788.999999999996 10.000000000349246
58 11938.999999999996 9.999930382007733
59 11938.999999999996 379.9999389651348
60 11917.786789860602 388.7867288257694
61 11908.999999999996 409.9999389651348
62 11917.786789860653 431.2131491043838
63 11938.999999999996 439.99993896490196
64 11778.999999999996 1619.9998779300367
65 11628.999999999996 1620.0000000004075
66 11628.999999999996 1250.0000000002328
67 11650.213210139369 1241.2132101396564
68 11658.999999999996 1220.0000000003492
69 11650.213210139369 1198.7867898609838
70 11628.999999999996 1190.0000000004075
71 11628.999999999996 819.9999999999418
72 11778.999999999996 819.999938964902
73 11778.999999999996 1189.9998779299203
74 11757.786746702037 1198.7867109489162
75 11749.000000000011 1220.0000000003492
76 11757.786833018905 1241.2131312278798
77 11778.999999999996 1249.999877930095
78 8769.999999999996 1844.0000000001164
79 8649.999999999996 1844.0000000001164
80 8649.999999999996 1814.0000000003492
81 8647.07106781191 1806.9289321883698
82 8639.999999999996 1804.0000000001164
83 8599.999999999996 1804.000122070429
84 8592.928932188104 1806.929054258624
85 8589.999999999996 1814.0001220705453
86 8589.999999999996 1844.000122070429
87 8469.999999999996 1844.000122070429
88 8469.999999999996 1684.0001220703125
89 8589.999999999996 1684.0001220703125
90 8589.999999999996 1714.0001220706035
91 8592.928932188177 1721.0711898823502
92 8599.999999999996 1724.000122070429
93 8639.999999999996 1724.0000000003492
94 8647.07106781191 1721.0710678120959
95 8649.999999999996 1714.0000000001164
96 8649.999999999996 1684.0000000002328
97 8769.999999999996 1684.0000000002328
98 8769.999999999996 1674.0000000003492
99 8649.999999999996 1674.0000000003492
100 8649.999999999996 1644.0000000001164
101 8647.071067811838 1636.9289321883116
102 8639.999999999996 1634.0000000002328
103 8599.999999999996 1634.0000000002328
104 8592.928932188155 1636.9289321883116
105 8589.999999999996 1644.0000000001164
106 8589.999999999996 1674.0000000003492
107 8469.999999999996 1674.0000000003492
108 8469.999999999996 1514.0000000003492
109 8589.999999999996 1514.0000000003492
110 8589.999999999996 1544.0000000001164
111 8592.928932188133 1551.0710678119794
112 8599.999999999996 1554.0000000001164
113 8639.999999999996 1554.0000000001164
114 8647.07106781186 1551.0710678119794
115 8649.999999999996 1544.0000000001164
116 8649.999999999996 1514.0000000003492
117 8769.999999999996 1514.0000000003492
118 10779.999999999996 1884.999877929804
119 10629.999999999996 1885.0000000004075
120 10629.999999999996 1515.0000000003492
121 10651.213210139464 1506.21321013954
122 10659.999999999996 1485.0
123 10651.21321013939 1463.7867898606346
124 10629.999999999996 1455.0
125 10629.999999999996 1085.0
126 10779.999999999996 1084.9998779299203
127 10779.999999999996 1454.9998779299203
128 10758.786746702102 1463.7867109486833
129 10749.999999999996 1485.0
130 10758.78683301884 1506.213131227647
131 10779.999999999996 1514.9998779300367
132 10939.999999999996 1717.9998779300367
133 10789.999999999996 1718.0000000002328
134 10789.999999999996 1348.0000000002328
135 10811.213210139369 1339.2132101396564
136 10819.999999999996 1318.0000000003492
137 10811.213210139442 1296.7867898608674
138 10789.999999999996 1288.0000000001164
139 10789.999999999996 918.0000000004075
140 10939.999999999996 917.999938964902
141 10939.999999999996 1287.999877929804
142 10918.786746702 1296.7867109487997
143 10909.999999999996 1318.0000000003492
144 10918.786833018912 1339.2131312278216
145 10939.999999999996 1347.9998779300367
146 10991.999999999996 905.0000000003492
147 10831.999999999996 905.0000610353309
148 10831.999999999996 785.0000610354473
149 10861.999999999996 785.0
150 10869.071067811816 782.0710678119794
151 10871.999999999996 775.0000000002328
152 10871.999999999996 734.9999999999418
153 10869.071067811808 727.9289321881952
154 10861.999999999996 725.0000000002328
155 10831.999999999996 725.0000610352145
156 10831.999999999996 605.0000610352145
157 10991.999999999996 605.0000000003492
158 10991.999999999996 725.0000000002328
159 10961.999999999996 725.0000000002328
160 10954.928932188184 727.9289321881952
161 10951.999999999996 734.9999999999418
162 10951.999999999996 775.0000000002328
163 10954.928932188177 782.0710678119794
164 10961.999999999996 785.0
165 10991.999999999996 785.0
166 10821.999999999996 755.0000000001164
167 10451.999999999996 755.0000000001164
168 10443.213210139362 733.786789860751
169 10421.999999999989 725.0000000002328
170 10400.786789860624 733.7867898608092
171 10391.999999999996 755.0000000001164
172 10021.999999999996 755.0000000001164
173 10021.999999999996 605.0000000003492
174 10391.999999999996 605.0000000003492
175 10400.786789860624 626.2132101396564
176 10421.999999999989 635.0000000002328
177 10443.213210139362 626.2132101397146
178 10451.999999999996 605.0000000003492
179 10821.999999999996 605.0000000003492
180 10954.999999999996 595.0000000004075
181 10584.999999999996 595.0000000004075
182 10576.213210139435 573.7867898609256
183 10554.999999999996 565.0000000002328
184 10533.786789860558 573.7867898609256
185 10524.999999999996 595.0000000004075
186 10154.999999999996 595.0000000004075
187 10154.999999999996 445.00000000023283
188 10524.999999999996 445.00000000023283
189 10533.786789860624 466.21321013954
190 10554.999999999996 475.0000000001164
191 10576.213210139369 466.21321013954
192 10584.999999999996 445.00000000023283
193 10954.999999999996 445.00000000023283
194 10619.999999999989 435.00000000034925
195 10499.999999999996 435.00000000034925
196 10499.999999999996 405.0000000001164
197 10497.071067811816 397.9289321883698
198 10489.999999999996 395.00000000034925
199 10449.999999999996 395.00000000034925
200 10442.928932188177 397.9289321883698
201 10439.999999999996 405.0000000001164
202 10439.999999999996 435.00000000034925
203 10319.999999999996 435.00000000034925
204 10319.999999999996 275.00000000034925
205 10439.999999999996 275.00000000034925
206 10439.999999999996 305.0000000001164
207 10442.928932188155 312.07106781192124
208 10449.999999999996 314.9999999999418
209 10489.999999999996 314.9999999999418
210 10497.071067811838 312.07106781192124
211 10499.999999999996 305.0000000001164
212 10499.999999999996 275.00000000034925
213 10619.999999999989 275.00000000034925
214 10688.999999999996 915.0000000001164
215 10318.999999999996 915.0000000001164
216 10310.21321013934 893.7867898608674
217 10288.999999999996 885.0000000003492
218 10267.786789860653 893.7867898608674
219 10258.999999999996 915.0000000001164
220 9888.999999999996 915.0000000001164
221 9888.999999999996 765.0000000003492
222 10258.999999999996 765.0000000003492
223 10267.786789860624 786.2132101396564
224 10288.999999999996 795.0000000002328
225 10310.213210139369 786.2132101396564
226 10318.999999999996 765.0000000003492
227 10688.999999999996 765.0000000003492
228 10555.999999999996 1075.0000000002328
229 10185.999999999996 1075.000122070429
230 10177.213210139369 1053.7869119311217
231 10155.999999999996 1045.0001220705453
232 10134.786789860624 1053.7869119311217
233 10125.999999999996 1075.000122070429
234 9755.999999999996 1075.0003662111121
235 9755.999999999996 925.0003051758395
236 10125.999999999996 925.0001831056434
237 10134.786789860624 946.2133932449506
238 10155.999999999996 955.000183105527
239 10177.213231718586 946.2133716658573
240 10185.999999999996 925.0001220706035
241 10555.999999999996 924.9999999999418
242 10422.999999999996 1235.0000000003492
243 10052.999999999989 1235.0000000003492
244 10044.213210139362 1213.7867898609838
245 10022.999999999996 1205.0000000004075
246 10001.786789860624 1213.7867898609838
247 9992.999999999996 1235.0000000003492
248 9622.999999999996 1235.0000000003492
249 9622.999999999996 1085.0
250 9992.999999999996 1085.0
251 10001.78678986053 1106.2132101395982
252 10022.999999999996 1115.0000000004075
253 10044.213210139456 1106.2132101395982
254 10052.999999999989 1085.0
255 10422.999999999996 1085.0
256 10303.999999999996 1395.0000000004075
257 9933.999999999996 1395.0001220705453
258 9925.213210139362 1373.7869119312381
259 9903.999999999996 1365.00012207072
260 9882.786789860631 1373.7869119312381
261 9873.999999999996 1395.0001220705453
262 9503.999999999996 1395.000366211345
263 9503.999999999996 1245.0003662109957
264 9873.999999999996 1245.0001220706035
265 9882.786789860602 1266.213332209969
266 9903.999999999996 1275.0001220705453
267 9925.21321013939 1266.213332209969
268 9933.999999999996 1245.0001220706035
269 10303.999999999996 1245.0000000001164
270 10254.999999999996 1555.0
271 9884.999999999989 1555.0
272 9876.213210139369 1533.7867898606928
273 9855.000000000011 1525.0000000001164
274 9833.786789860631 1533.7867898606346
275 9824.999999999996 1555.0
276 9454.999999999996 1555.0
277 9454.999999999996 1405.0000000002328
278 9824.999999999996 1405.0000000002328
279 9833.786789860653 1426.21321013954
280 9855.000000000011 1435.0
281 9876.213210139347 1426.2132101394818
282 9884.999999999989 1405.0000000002328
283 10254.999999999996 1405.0000000002328
284 10311.999999999996 1715.0
285 9941.999999999996 1715.0001220706035
286 9933.213210139442 1693.7869119310635
287 9911.999999999996 1685.0001220703125
288 9890.786789860551 1693.7869119310635
289 9881.999999999996 1715.0001220706035
290 9512.000000000011 1715.0003662109957
291 9512.000000000011 1565.0003662111121
292 9881.999999999996 1565.000122070429
293 9890.786789860573 1586.2133322099107
294 9911.999999999996 1595.0001220706035
295 9933.21321013942 1586.2133322099107
296 9941.999999999996 1565.000122070429
297 10311.999999999996 1565.0000000002328
298 10459.999999999996 1876.0000000004075
299 10089.999999999996 1876.0001220706035
300 10081.213210139485 1854.7869119310053
301 10059.999999999996 1846.000122070196
302 10038.786789860515 1854.7869119310053
303 10030.000000000011 1876.0001220706035
304 9659.999999999996 1876.0003662111121
305 9659.999999999996 1726.0003662111121
306 10030.000000000011 1726.000122070429
307 10038.786789860587 1747.2133322099107
308 10059.999999999996 1756.0001220706035
309 10081.21321013942 1747.2133322099107
310 10089.999999999996 1726.000122070429
311 10459.999999999996 1726.0000000002328
312 10619.999999999989 1950.9998779300367
313 10469.999999999996 1951.0000000001164
314 10469.999999999996 1581.0000000002328
315 10491.21321013939 1572.2132101395982
316 10499.999999999996 1551.0000000002328
317 10491.213210139369 1529.7867898609256
318 10469.999999999996 1521.0000000003492
319 10469.999999999996 1151.0000000004075
320 10619.999999999989 1150.9998779300367
321 10619.999999999989 1520.999877930095
322 10598.786746702073 1529.7867109489162
323 10589.999999999996 1551.0000000002328
324 10598.786833018934 1572.213131227647
325 10619.999999999989 1580.999877929804
326 11938.999999999996 1800.999877929804
327 11788.999999999996 1801.0000000003492
328 11788.999999999996 1431.0000000003492
329 11810.213210139493 1422.21321013954
330 11819.000000000011 1400.9999999999418
331 11810.213210139354 1379.7867898606346
332 11788.999999999996 1371.0000000001164
333 11788.999999999996 1001.0000000003492
334 11938.999999999996 1000.999938964902
335 11938.999999999996 1370.999877929804
336 11917.786746702095 1379.7867109486251
337 11908.999999999996 1400.9999999999418
338 11917.786833018818 1422.213131227647
339 11938.999999999996 1430.9998779300367
340 11778.999999999996 2610.0000000001164
341 11628.999999999996 2610.0000000001164
342 11628.999999999996 2240.0
343 11650.213210139369 2231.2132101394236
344 11658.999999999996 2210.0000000001164
345 11650.21321013934 2188.7867898608674
346 11628.999999999996 2180.0000000003492
347 11628.999999999996 1810.0000000002328
348 11778.999999999996 1810.0000000002328
349 11778.999999999996 2180.0000000003492
350 11757.78678986066 2188.7867898608674
351 11749.000000000011 2210.0000000001164
352 11757.786789860638 2231.2132101394236
353 11778.999999999996 2240.0
354 11938.999999999996 2611.0000000003492
355 11788.999999999996 2611.0000000003492
356 11788.999999999996 2241.0000000003492
357 11810.213210139449 2232.2132101396564
358 11819.000000000011 2211.0000000001164
359 11810.213210139376 2189.786789860751
360 11788.999999999996 2181.000000000233
361 11788.999999999996 1811.0000000001164
362 11938.999999999996 1810.9998779300367
363 11938.999999999996 2181.000000000233
364 11917.786789860624 2189.786789860809
365 11908.999999999996 2211.0000000001164
366 11917.786789860551 2232.2132101395982
367 11938.999999999996 2241.0000000003492
368 11618.838867187496 2543.0446777345496
369 11593.825666518464 2549.740311410802
370 11575.515946176089 2568.050031753257
371 11568.820312499996 2593.0632324223407
372 11228.192871093754 2593.0633544925367
373 10887.565429687511 2593.063476562733
374 10887.565429687511 2412.9960937504075
375 10880.243101125267 2395.3086566876154
376 10862.555664062496 2387.9863281253492
377 10818.539062499996 2387.9863281253492
378 10800.852256864328 2395.3090021923417
379 10793.530273437489 2412.9960937504075
380 10800.158640611593 2429.960612391762
381 10816.538085937496 2437.9257812501164
382 10816.538085937496 2578.0576171875
383 10801.533203124996 2593.063476562733
384 10509.923828124996 2593.0635986331035
385 10218.314453124996 2593.063720703416
386 10087.264648437496 2593.063720703416
387 10087.264648437496 2412.9963378910325
388 10079.942665010702 2395.3092463329085
389 10062.255859374996 2387.9865722657996
390 10018.239257812489 2387.9865722657996
391 10000.551820749683 2395.3089008281822
392 9993.229492187496 2412.9963378910325
393 9999.85821806535 2429.9611671135062
394 10016.238281249996 2437.9260253907996
395 10016.238281249996 2578.0578613282414
396 10001.232421874996 2593.063720703416
397 9574.40592447916 2593.063883463794
398 9147.579427083332 2593.06404622423
399 8720.752929687496 2593.064208984608
400 8720.752929687496 2433.0036621097242
401 8713.430255620526 2415.3168564740336
402 8695.743164062496 2407.9948730470496
403 8655.728515624996 2407.9948730470496
404 8638.041424066967 2415.3168564740336
405 8630.718749999996 2433.0036621097242
406 8637.34747587788 2449.96849133214
407 8653.727539062496 2457.933349609433
408 8653.727539062496 2578.0583496095496
409 8638.721679687496 2593.064208984608
410 8363.118164062496 2593.0643310549785
411 8087.514648437496 2593.0644531254075
412 8080.818933459599 2568.0511114142137
413 8062.509012542021 2549.741369236377
414 8037.495605468746 2543.0458984378492
415 8037.495605468746 2262.440490722831
416 8037.495605468746 1981.8350830078125
417 8062.2570404260005 1971.5838226527558
418 8072.508300781246 1946.8223876956035
419 8212.641601562496 1946.8222656254075
420 8220.60641171152 1963.2013795737876
421 8237.570312499996 1969.830078125
422 8255.257404057931 1962.508094698307
423 8262.580078124996 1944.8212890628492
424 8262.579101562496 1897.8037109378492
425 8255.256773000303 1880.1162738749408
426 8237.569335937496 1872.7939453126164
427 8037.495605468746 1872.7940673831035
428 8037.495605468746 1823.4268798830453
429 8037.845972661718 1794.179197785037
430 8038.731389849705 1764.9428214419167
431 8040.151560627852 1735.7275381087675
432 8042.106009575615 1706.5431279796758
433 8044.59408241593 1677.3993609133177
434 8047.614946234233 1648.3059931628522
435 8051.167589757282 1619.272764109308
436 8055.250823691709 1590.3093930018367
437 8059.863281122129 1561.4255757034407
438 8065.003417968746 1532.6309814456035
439 8070.163196916084 1505.3781374763348
440 8075.495437462127 1478.1585115795606
441 8080.999925812594 1450.973195116443
442 8086.676441267013 1423.8232780724647
443 8092.524756227536 1396.7098490137141
444 8098.5446362080875 1369.633995043463
445 8104.735839843746 1342.59680175822
446 8131.146750500968 1338.3606389304623
447 8146.853027343746 1316.7089843751164
448 8283.459960937496 1349.5380859377328
449 8287.376451818844 1367.325701438589
450 8302.322265624996 1377.7353515625
451 8321.230944145715 1374.748534768296
452 8332.483398437496 1359.2617187503492
453 8343.470703124996 1313.5429687503492
454 8340.48424709831 1294.634570690745
455 8324.998046874996 1283.3818359376164
456 8130.730468749996 1236.6943359376164
457 8132.3066874969045 1230.621915029129
458 8133.891601562496 1224.5517578126164
459 8137.176630711179 1212.0060347544495
460 8140.486328124996 1199.4667968753492
461 8148.062793740904 1198.4558411452454
462 8152.711914062496 1192.3886718751164
463 8157.896484374996 1173.0644531253492
464 8156.908542426387 1165.4849096859107
465 8150.855468749996 1160.8173828126164
466 8156.663257730328 1139.5698300494114
467 8162.541992187496 1118.3417968751164
468 8202.777343749996 974.4580688480055
469 8210.197285883023 948.0628906877246
470 8217.610016814095 921.6656864510151
471 8225.015535990005 895.2664581079734
472 8232.413842858015 868.865207628929
473 8239.80493686601 842.4619369842694
474 8247.188817462327 816.0566481444985
475 8254.565484095929 789.6493430804112
476 8261.934936216214 763.2400237628608
477 8269.297173273208 736.8286921628169
478 8276.652194717459 710.4153502514819
479 8283.999999999996 684.0000000001164
480 8310.62989088312 680.733481084113
481 8327.123046874996 659.5722656251164
482 8462.805664062496 696.9931030275184
483 8466.128924148445 714.9011453101411
484 8480.720703124996 725.8016967775184
485 8499.718396372304 723.4451404806459
486 8511.479492187496 708.3407592776348
487 8523.981445312496 663.0067138675367
488 8521.62522820455 644.0093309551012
489 8506.521484374996 632.2479858401348
490 8313.152343749996 578.9189453128492
491 8320.734793270818 551.5147876722622
492 8328.309478622465 524.1084829496103
493 8335.876399196928 496.70003334467765
494 8343.43555438687 469.28944105736446
495 8350.986943585562 441.8767082878039
496 8358.530566186902 414.4618372361874
497 8366.066421585387 387.04483010299737
498 8373.594509176164 359.6256890888908
499 8381.114828354996 332.20441639458295
500 8388.627378518268 304.7810142210801
501 8396.132159062992 277.3554847694468
502 8403.629169386793 249.92783024098026
503 8411.118408887949 222.4980528372107
504 8418.59987696532 195.0661547597265
505 8426.07357301842 167.63213821029058
506 8433.539496447378 140.1960053910152
507 8440.99764665293 112.75775850389618
508 8448.448023036482 85.31739975127857
509 8455.890624999996 57.87493133574026
510 8478.627507627778 58.679761248931754
511 8499.367218242744 49.32679453102173
512 8513.815694477682 31.752520227164496
513 8518.981445312496 9.595611572498456
514 8996.007812499996 9.595425605948549
515 9473.034179687496 9.595239639340434
516 9892.191210937493 9.595076561032329
517 10311.348242187498 9.594913482724223
518 10730.505273437495 9.594750404416118
519 11149.6623046875 9.594587326108012
520 11568.819335937496 9.594424247799907
521 11575.514975657836 34.60761725733755
522 11593.82469518991 52.9173301566625
523 11618.837890624996 59.61296081583714
524 11618.837890624996 427.50115203886526
525 11618.837890624996 795.3893432618352
526 11438.770507812496 795.3894042970496
527 11421.084047674874 802.7117332218331
528 11413.761718749996 820.3981933594332
529 11413.761718749996 864.4147949221078
530 11421.083356660918 882.1025179072167
531 11438.770507812496 889.4255371096078
532 11455.7356476319 882.796452534094
533 11463.700195312496 866.4157714846078
534 11603.833007812496 866.4157104496262
535 11618.837890624996 881.4215698243352
536 11618.837890624996 1270.5670471193735
537 11618.837890624996 1659.7125244144117
538 11438.770507812496 1659.7126464845496
539 11421.083702176835 1667.035320551542
540 11413.761718749996 1684.7224121095496
541 11413.761718749996 1728.7390136719332
542 11421.083702176784 1746.4261052301154
543 11438.770507812496 1753.7487792972242
544 11455.735337035108 1747.1200534192612
545 11463.700195312496 1730.7399902344332
546 11603.833007812496 1730.7398681644117
547 11618.837890624996 1745.7447509769117
548 11618.838378906246 2144.39471435576
549 8904.822265624996 2553.048583984608
550 8912.144249051857 2570.7356755426154
551 8929.831054687496 2578.0583496095496
552 8947.517860323122 2570.735675542557
553 8954.839843750011 2553.048583984608
554 8947.517514825176 2535.3621238468913
555 8929.831054687496 2528.0397949220496
556 8912.144594549824 2535.3621238468913
557 8357.616210937489 2553.0488281253492
558 8364.938539499755 2570.736265188083
559 8382.625976562496 2578.058593750233
560 8400.31341362523 2570.736265188083
561 8407.635742187496 2553.0488281253492
562 8400.313068120526 2535.3620224896586
563 8382.625976562496 2528.040039062733
564 8364.93888500446 2535.3620224896586
565 8972.846679687496 1696.7282714844332
566 8971.283723039942 1668.7232626039768
567 8966.593547021625 1641.0695900667342
568 8958.835189568821 1614.115346513805
569 8948.10630957771 1588.1998204721604
570 8934.541957615842 1563.6492255357443
571 8918.312875963133 1540.772594127513
572 8899.623349380887 1519.8578875312232
573 8878.708633662263 1501.1683711573714
574 8855.831994332653 1484.9393006707542
575 8831.281392775494 1471.3749606919591
576 8805.365861497125 1460.6460933501949
577 8778.411614157321 1452.8877490537125
578 8750.757939330852 1448.1975865330896
579 8722.752929687496 1446.6346435547457
580 8622.713867187496 1446.6346435547457
581 8594.708915657156 1448.1976900742156
582 8567.055309194522 1452.8879431855748
583 8540.101138311893 1460.6463642020826
584 8514.185689357484 1471.375293791294
585 8489.635173739382 1484.9396812645136
586 8466.758621730743 1501.168784531008
587 8445.843992542937 1519.8583193185623
588 8427.154549631265 1540.7730306072626
589 8410.925546859125 1563.6496539083892
590 8397.36126723378 1588.2002291131648
591 8386.632451488436 1614.1157251983532
592 8378.874148878775 1641.06993016263
593 8374.184017246767 1668.7235572287464
594 8372.621093749996 1696.7285156251164
595 8374.18405039755 1724.7335245055729
596 8378.874226415868 1752.3871970428154
597 8386.632583868672 1779.3414405957446
598 8397.361463859783 1805.2569666373893
599 8410.92581582165 1829.8075615738053
600 8427.15489747436 1852.6841929820366
601 8445.844424056606 1873.5988995783264
602 8466.75913977523 1892.2884159521782
603 8489.63577910484 1908.5174864387955
604 8514.186380661999 1922.0818264175905
605 8540.101911940368 1932.8106937593548
606 8567.056159280171 1940.5690380558372
607 8594.709834106641 1945.25920057646
608 8622.714843749996 1946.822143554804
609 8722.753906249996 1946.822143554804
610 8750.758857780336 1945.2590970352758
611 8778.412464242963 1940.5688439239166
612 8805.366635125585 1932.8104229074088
613 8831.282084079994 1922.0814933182555
614 8855.83259969809 1908.5171058449778
615 8878.709151706727 1892.2880025784834
616 8899.623780894533 1873.5984677909291
617 8918.313223806214 1852.6837565022288
618 8934.542226578345 1829.8071332011023
619 8948.106506203698 1805.2565579963848
620 8958.835321949042 1779.3410619111964
621 8966.593624558704 1752.3868569469196
622 8971.283756190725 1724.7332298808033
623 11018.613281250011 635.8788452150184
624 11017.657744027329 606.0975950567517
625 11014.733428609146 576.4448668229161
626 11009.853156290515 547.050669190241
627 11003.038324014768 518.0438773402711
628 10994.318810561326 489.55166792246746
629 10983.732845545896 461.6989614639315
630 10971.326841807535 434.60787467105547
631 10957.155191917347 408.3971850242233
632 10941.280029701058 383.1818100125529
633 10923.77095782103 359.0723032926908
634 10904.704742612132 336.17436998023186
635 10884.1649775093 314.5884031986934
636 10862.241716542598 294.40904391848017
637 10839.031079506614 275.7247660154826
638 10814.634830535218 258.6174883682397
639 10789.15993192948 243.16221569513436
640 10762.7180751948 229.42670970526524
641 10735.425191343526 217.47119200613815
642 10707.400942609896 207.3480800691177
643 10678.768197805988 199.10175741184503
644 10649.652493618738 192.7683790042065
645 10620.18148421009 188.3757127514109
646 10590.484381533253 185.943017748883
647 10560.691388819094 185.48095984361134
648 10530.933129716355 186.99156487063738
649 10501.340075588585 190.4682097712066
650 10472.041973478812 195.89565163076622
651 10443.167277249831 203.25009450956713
652 10414.842584394344 212.4992937730858
653 10387.192080984078 223.60269746440463
654 10360.336997191484 236.5116240993375
655 10334.395075771234 251.16947610431816
656 10309.480055831842 267.5119879611884
657 10285.701174160753 285.4675079716835
658 10263.162686289357 304.9573124048766
659 10241.963409397602 325.89595065190224
660 10222.196289062496 348.1916198733379
661 9999.30143229166 616.4579874677584
662 9776.406575520832 884.7243550621788
663 9553.511718749996 1152.9907226565992
664 9535.135989444938 1176.4598743942333
665 9518.1913898667 1200.9822938488796
666 9502.738138987861 1226.4708314305753
667 9488.831155715601 1252.8349040871835
668 9476.519863716796 1279.9808172251796
669 9465.84801577251 1307.8120976885548
670 9456.853538286148 1336.2298366120667
671 9449.568396497783 1365.1330409309594
672 9444.018480883718 1394.4189922976657
673 9440.22351514499 1423.983612129814
674 9438.19698611183 1453.7218314923812
675 9437.946095813171 1483.5279644994298
676 9439.471735881529 1513.2960839085863
677 9442.768484384276 1542.9203975730343
678 9447.824625092475 1572.2956244132365
679 9454.622189118902 1601.31736857316
680 9463.137018777208 1629.8824904295034
681 9473.338853435296 1657.8894731371547
682 9485.191437057769 1685.2387834071997
683 9498.652647055362 1711.8332252358668
684 9513.674643983268 1737.5782853265991
685 9530.204041556532 1762.3824689785833
686 9548.182096378161 1786.1576252474333
687 9567.544916705792 1808.8192602223717
688 9588.223689514856 1830.286837307096
689 9610.144925051423 1850.4840634366265
690 9633.230718005525 1869.339160213247
691 9657.399024376824 1886.7851189980283
692 9682.563953048633 1902.7599390508258
693 9708.63607103415 1917.2068478733418
694 9735.522721310019 1930.0745029713144
695 9763.128352107724 1941.3171743192943
696 9791.354856492526 1950.8949068793445
697 9820.101921023157 1958.773662596359
698 9849.267382253176 1964.9254413649323
699 9878.74758980695 1969.3283805381507
700 9908.437774740083 1971.9668326248066
701 9938.232421874996 1972.8314208984957
702 10218.314453124996 1972.831298828416
703 10518.426757812496 1972.83117675822
704 10547.513327061748 1971.995302208059
705 10576.502014611291 1969.4688044127543
706 10605.294638420524 1965.260240389849
707 10633.793680498846 1959.3838641618495
708 10661.90261719019 1951.8595784790232
709 10689.526246089856 1942.7128674106207
710 10716.571008486386 1931.9747100328677
711 10742.94530623635 1919.6814755052328
712 10768.559811998919 1905.8747998918407
713 10793.327771779437 1890.6014451435767
714 10817.165298757263 1873.913140719931
715 10839.991657402807 1855.866408385802
716 10861.729536921357 1836.5223707775003
717 10882.305313097768 1815.9465443859808
718 10901.649297654872 1794.2086176584708
719 10919.695974281389 1771.3822149700718
720 10936.384220529657 1747.5446472646436
721 10951.657514831819 1722.7766502096783
722 10965.464127933166 1697.1621107520768
723 10977.757298094464 1670.7877830006764
724 10988.49538946967 1643.7429943978204
725 10997.642033122724 1616.1193431757274
726 11005.166250205872 1588.0103881214745
727 11011.042556882148 1559.5113317020005
728 11015.251050636838 1530.7186976218945
729 11017.777477685446 1501.7300039065303
730 11018.613281250011 1472.6434326174203
731 11018.613281250011 1054.2611389161902
732 10393.379882812496 2553.048095703416
733 10400.702211374784 2570.7355327660916
734 10418.389648437496 2578.0578613282414
735 10436.076454073107 2570.7351872613654
736 10443.398437499996 2553.048095703416
737 10436.07610857517 2535.3616355656995
738 10418.389648437496 2528.0393066407996
739 10400.702556879467 2535.3612900677253
740 8028.015624999996 2593.4687500001164
741 7530.388671874996 2593.4687500001164
742 7032.761718749996 2593.4687500001164
743 6535.134765624996 2593.4687500001164
744 6037.507812499996 2593.4687500001164
745 5539.880859375 2593.4687500001164
746 5042.25390625 2593.4687500001164
747 4544.626953125 2593.4687500001164
748 4047.0 2593.4687500001164
749 4044.072449238156 2586.395156871411
750 4037.0 2583.4648437503492
751 4026.9921875 2583.4648437503492
752 4026.9921875 2156.2213541670353
753 4026.9921875 1728.9778645836632
754 4026.9921875 1301.7343750003492
755 4026.9921875 874.4908854170353
756 4026.9921875 447.2473958336632
757 4026.9921875 20.003906250349246
758 4037.0 20.003906250349246
759 4044.072449238207 17.07359312917106
760 4047.0 10.000000000349246
761 4509.61328125 10.062500000291038
762 4972.2265625 10.125000000291038
763 5434.83984375 10.18750000023283
764 5897.453124999996 10.25000000023283
765 6360.066406249996 10.312500000174623
766 6822.679687499996 10.375000000174623
767 7285.292968749996 10.437500000174623
768 7747.906249999996 10.500000000116415
769 8028.015624999996 10.500000000116415
770 8028.015624999996 440.9947916668025
771 8028.015624999996 871.4895833334303
772 8028.015624999996 1301.9843750001164
773 8028.015624999996 1732.4791666668025
774 8028.015624999996 2162.9739583334303
775 4011.0087890625 2583.4648437503492
776 4001.0009765625 2583.4648437503492
777 3993.928527324344 2586.395156871411
778 3991.0009765625 2593.4687500001164
779 3493.374027132988 2593.468933105585
780 2995.747077703476 2593.469116211112
781 2498.120128273964 2593.469299316581
782 2000.4931788444483 2593.4694824220496
783 1502.8662294149362 2593.4696655275766
784 1005.2392799854242 2593.4698486330453
785 507.6123305559122 2593.4700317385723
786 9.98538112640017 2593.470214844041
787 9.985213438667415 2162.9754374824697
788 9.98504575093466 1732.4806601209566
789 9.984878063198266 1301.9858827593853
790 9.98471037546551 871.491105397814
791 9.984542687732755 440.99632803630084
792 9.984375 10.501550674729515
793 290.09375 10.501441002241336
794 752.70703125 10.438760877004825
795 1215.3203125 10.376080751768313
796 1677.93359375 10.313400626531802
797 2140.546875 10.25072050129529
798 2603.16015625 10.18804037605878
799 3065.7734375 10.125360250822268
800 3528.38671875 10.062680125585757
801 3991.0 10.000000000349246
802 3993.927552111214 17.073590662854258
803 4001.0 20.003902435593773
804 4011.0078125 20.0038986208383
805 4011.007975260418 447.2473894757568
806 4011.008138020832 874.4908803306753
807 4011.00830078125 1301.7343711855938
808 4011.008463541668 1728.9778620405123
809 4011.008626302082 2156.2213528954308
GTSP_SET_SECTION
1 1 -1
2 2 3 4 5 6 7 8 9 10 11 12 13 14 15 -1
3 16 17 18 19 20 21 22 23 24 25 26 27 28 29 30 31 32 33 34 35 -1
4 36 37 38 39 40 41 42 43 44 45 46 47 48 49 -1
5 50 51 52 53 54 55 56 57 58 59 60 61 62 63 -1
6 64 65 66 67 68 69 70 71 72 73 74 75 76 77 -1
7 78 79 80 81 82 83 84 85 86 87 88 89 90 91 92 93 94 95 96 97 -1
8 98 99 100 101 102 103 104 105 106 107 108 109 110 111 112 113 114 115 116 117 -1
9 118 119 120 121 122 123 124 125 126 127 128 129 130 131 -1
10 132 133 134 135 136 137 138 139 140 141 142 143 144 145 -1
11 146 147 148 149 150 151 152 153 154 155 156 157 158 159 160 161 162 163 164 165 -1
12 166 167 168 169 170 171 172 173 174 175 176 177 178 179 -1
13 180 181 182 183 184 185 186 187 188 189 190 191 192 193 -1
14 194 195 196 197 198 199 200 201 202 203 204 205 206 207 208 209 210 211 212 213 -1
15 214 215 216 217 218 219 220 221 222 223 224 225 226 227 -1
16 228 229 230 231 232 233 234 235 236 237 238 239 240 241 -1
17 242 243 244 245 246 247 248 249 250 251 252 253 254 255 -1
18 256 257 258 259 260 261 262 263 264 265 266 267 268 269 -1
19 270 271 272 273 274 275 276 277 278 279 280 281 282 283 -1
20 284 285 286 287 288 289 290 291 292 293 294 295 296 297 -1
21 298 299 300 301 302 303 304 305 306 307 308 309 310 311 -1
22 312 313 314 315 316 317 318 319 320 321 322 323 324 325 -1
23 326 327 328 329 330 331 332 333 334 335 336 337 338 339 -1
24 340 341 342 343 344 345 346 347 348 349 350 351 352 353 -1
25 354 355 356 357 358 359 360 361 362 363 364 365 366 367 -1
26 368 369 370 371 372 373 374 375 376 377 378 379 380 381 382 383 384 385 386 387 388 389 390 391 392 393 394 395 396 397 398 399 400 401 402 403 404 405 406 407 408 409 410 411 412 413 414 415 416 417 418 419 420 421 422 423 424 425 426 427 428 429 430 431 432 433 434 435 436 437 438 439 440 441 442 443 444 445 446 447 448 449 450 451 452 453 454 455 456 457 458 459 460 461 462 463 464 465 466 467 468 469 470 471 472 473 474 475 476 477 478 479 480 481 482 483 484 485 486 487 488 489 490 491 492 493 494 495 496 497 498 499 500 501 502 503 504 505 506 507 508 509 510 511 512 513 514 515 516 517 518 519 520 521 522 523 524 525 526 527 528 529 530 531 532 533 534 535 536 537 538 539 540 541 542 543 544 545 546 547 548 -1
27 549 550 551 552 553 554 555 556 -1
28 557 558 559 560 561 562 563 564 -1
29 565 566 567 568 569 570 571 572 573 574 575 576 577 578 579 580 581 582 583 584 585 586 587 588 589 590 591 592 593 594 595 596 597 598 599 600 601 602 603 604 605 606 607 608 609 610 611 612 613 614 615 616 617 618 619 620 621 622 -1
30 623 624 625 626 627 628 629 630 631 632 633 634 635 636 637 638 639 640 641 642 643 644 645 646 647 648 649 650 651 652 653 654 655 656 657 658 659 660 661 662 663 664 665 666 667 668 669 670 671 672 673 674 675 676 677 678 679 680 681 682 683 684 685 686 687 688 689 690 691 692 693 694 695 696 697 698 699 700 701 702 703 704 705 706 707 708 709 710 711 712 713 714 715 716 717 718 719 720 721 722 723 724 725 726 727 728 729 730 731 -1
31 732 733 734 735 736 737 738 739 -1
32 740 741 742 743 744 745 746 747 748 749 750 751 752 753 754 755 756 757 758 759 760 761 762 763 764 765 766 767 768 769 770 771 772 773 774 -1
33 775 776 777 778 779 780 781 782 783 784 785 786 787 788 789 790 791 792 793 794 795 796 797 798 799 800 801 802 803 804 805 806 807 808 809 -1
GTSP_SET_ORDERING
7 29 26 -1
8 29 26 -1
9 30 26 -1
10 30 26 -1
11 30 26 -1
12 30 26 -1
13 30 26 -1
14 30 26 -1
15 30 26 -1
16 30 26 -1
17 30 26 -1
18 30 26 -1
19 30 26 -1
20 30 26 -1
21 30 26 -1
22 30 26 -1
27 26 -1
28 26 -1
29 26 -1
30 26 -1
31 26 -1
EOF