NAME: Mc34v1002
TYPE: PCGTSP 
COMMENT: 
DIMENSION: 1003
GTSP_SETS: 35
EDGE_WEIGHT_TYPE: EUC_2D
NODE_COORD_SECTION
1 0.0 0.0
2 1871.0 1246.9999999999418
3 1751.0 1246.9999999999418
4 1751.0 1216.999999999709
5 1748.0710678118667 1209.9289321877877
6 1741.0 1206.999999999709
7 1701.0 1206.999999999709
8 1693.9289321881333 1209.9289321877877
9 1691.0 1216.999999999709
10 1691.0 1246.9999999999418
11 1571.0 1246.9999999999418
12 1571.0 1086.9999999999418
13 1691.0 1086.9999999999418
14 1691.0 1116.9999999998254
15 1693.9289321880897 1124.0710678117466
16 1701.0 1126.9999999999418
17 1741.0 1126.9999999999418
18 1748.0710678119103 1124.0710678117466
19 1751.0 1116.9999999998254
20 1751.0 1086.9999999999418
21 1871.0 1086.9999999999418
22 1871.0 1416.9999999998254
23 1751.0 1416.9999999998254
24 1751.0 1386.9999999999418
25 1748.0710678118703 1379.9289321880206
26 1741.0 1376.9999999998254
27 1701.0 1377.0001220702543
28 1693.9289321881333 1379.929054258333
29 1691.0 1387.0001220702543
30 1691.0 1417.0001220701379
31 1571.0 1417.0001220701379
32 1570.9998779296875 1257.000122069905
33 1690.9998779296875 1257.000122069905
34 1691.0 1287.0001220703707
35 1693.9289321881843 1294.0711898821755
36 1701.0 1297.0001220701379
37 1741.0 1296.9999999999418
38 1748.0710678119176 1294.0710678116302
39 1751.0 1286.9999999995925
40 1750.9998779296875 1256.9999999998254
41 1870.9998779296802 1256.9999999998254
42 3730.00048828125 2178.4492187495925
43 3264.8862278461456 2178.4494018550613
44 2799.7719674110376 2178.4495849606465
45 2334.6577069759333 2178.449768066115
46 1869.5434465408289 2178.449951171584
47 1404.4291861057245 2178.4501342770527
48 939.3149256706165 2178.450317382638
49 474.20066523551213 2178.4505004881066
50 9.086404800407763 2178.4506835935754
51 9.086235809321806 1744.2879851339967
52 9.086066818232212 1310.125286674418
53 9.085897827146255 875.9625882148393
54 9.08572883605666 441.7998897553189
55 9.085559844970703 7.637191295740195
56 474.1998038291931 7.637010157224722
57 939.3140478134155 7.636829018651042
58 1404.428291797638 7.63664788013557
59 1869.5425357818604 7.636466741620097
60 2334.6567797660828 7.636285603104625
61 2799.771023750305 7.6361044645891525
62 3264.8852677345276 7.635923326015472
63 3729.99951171875 7.6357421875
64 3729.999755859375 492.8178710936918
65 3730.0 977.9999999998254
66 3529.921875 978.0000610348652
67 3501.916852354134 979.5630054661888
68 3474.263165015218 984.2531723344582
69 3447.3089061347746 992.011523763591
70 3421.3933647488775 1002.7404008422163
71 3396.8427549484004 1016.3047529134783
72 3373.9661096312957 1032.5338375373394
73 3353.05139052459 1051.223369724641
74 3334.3618634415616 1072.138093392423
75 3318.1327844008047 1095.0147426702897
76 3304.5684383210173 1119.5653557811747
77 3293.839567567138 1145.4808997854707
78 3286.081222716224 1172.435160559311
79 3281.391062596802 1200.0888490428333
80 3279.828125 1228.0938720701379
81 3281.3910708844523 1256.0989077184931
82 3286.0812421004193 1283.7526075698552
83 3293.839600662097 1310.7068779909168
84 3304.5684874774124 1336.6224294843269
85 3318.132851641334 1361.1730475281947
86 3334.3619504022463 1384.0496988328523
87 3353.051498402936 1404.9644213276333
88 3373.96623914237 1423.6539489114075
89 3396.842906289741 1439.883025340212
90 3421.3935375750043 1453.447365537926
91 3447.309099541908 1464.176227054617
92 3474.2633775366485 1471.9345593036269
93 3501.9170819665196 1476.6247035242268
94 3529.9221191406177 1478.1876220702543
95 3730.0002441406177 1478.187499999709
96 3730.000366210934 1828.318359374709
97 2082.375 1253.1031494138879
98 2080.4590828811088 1223.7200974366278
99 2074.722492597197 1194.8388576119323
100 2065.2634774758517 1166.9540675851167
101 2052.244038352146 1140.5432991978596
102 2035.887154043954 1116.058879302058
103 2016.472962481388 1093.9201429363457
104 1994.3339628945323 1074.5062515388126
105 1969.8493212297872 1058.1496991987224
106 1943.438376323702 1045.1306181608816
107 1915.553458051505 1035.6719811102957
108 1886.6721404510645 1029.9357824068866
109 1857.2890625 1028.0202636718168
110 1707.2265625 1028.0202636718168
111 1677.8434754978807 1029.9357996615
112 1648.9621514365717 1035.672017959936
113 1621.0772297455078 1045.1306765426998
114 1594.6662848505002 1058.1497805691906
115 1570.1816469385485 1074.5063568070182
116 1548.04265507116 1093.9202724089264
117 1528.6284753240361 1116.0590326417587
118 1512.271606954233 1140.5434753969894
119 1499.2521878121006 1166.9542649554205
120 1489.793196527091 1194.8390737906448
121 1484.0566336377633 1223.720329409407
122 1482.1407470703089 1253.1033935546293
123 1484.0564316485543 1282.486633686989
124 1489.7928381603015 1311.3680860121385
125 1499.2517202733943 1339.2531034453423
126 1512.2710775312844 1365.6641046507866
127 1528.6279299037124 1390.148753485235
128 1548.042136722841 1412.2877060725004
129 1570.1811945986665 1431.7017928255373
130 1594.6659321406732 1448.05851241044
131 1621.0770039533963 1461.0777264335775
132 1648.9620726844332 1470.536457318056
133 1677.8435561193728 1476.2727071974077
134 1707.2268066406177 1478.1882324217004
135 1857.2893066406286 1478.1882324217004
136 1886.6725439550464 1476.2726607100922
137 1915.554008484989 1470.536367772671
138 1943.4390532778089 1461.0775979287573
139 1969.8500968584813 1448.0583496003528
140 1994.3348026701206 1431.701600798231
141 2016.4738261499297 1412.2874902232434
142 2035.8879967580178 1390.1485193876433
143 2052.244811953886 1365.663857929816
144 2065.2641318996393 1339.2528496528394
145 2074.7229773578474 1311.3678305089124
146 2080.459348611479 1282.4863815338467
147 2286.4450683593677 392.7808227536152
148 2282.568187529734 363.2607917410205
149 2271.1797645860715 335.7514068186865
150 2253.0566084806887 312.1290943000349
151 2229.434907048948 294.00514171179384
152 2201.925906135144 282.61579121783143
153 2172.4060058593677 278.7379150389461
154 2142.8845668659524 282.61410889815306
155 2115.373775750104 294.0025509011466
156 2091.750319441111 312.1263626164873
157 2073.625704910657 335.7492029875866
158 2062.2363279804486 363.2596070598229
159 2058.3591308593677 392.7809143066406
160 2062.236341154643 422.30220964731416
161 2073.6257252709 449.8125998247997
162 2091.750341035593 473.43542653217446
163 2115.3737933807133 491.55922683904646
164 2142.8845766971062 502.9476613049046
165 2172.4060058593677 506.8238525389461
166 2201.9259257971535 502.945971108682
167 2229.4349423092353 491.55660553992493
168 2253.0566516681647 473.43263013492106
169 2271.1798053049497 449.81029028934427
170 2282.5682138770026 422.3008775781491
171 3731.0 1408.9999999999418
172 3611.0 1408.9999999999418
173 3611.0 1378.9999999995925
174 3608.0710678118157 1371.9289321877877
175 3601.0 1368.9999999998254
176 3561.0 1368.9999999998254
177 3553.9289321881843 1371.9289321877877
178 3551.0 1378.9999999995925
179 3551.0 1408.9999999999418
180 3431.0 1408.9999999999418
181 3431.0 1248.9999999998254
182 3551.0 1248.9999999998254
183 3551.0 1278.999999999709
184 3553.928932188086 1286.0710678117466
185 3561.0 1288.9999999999418
186 3601.0 1288.9999999999418
187 3608.071067811914 1286.0710678117466
188 3611.0 1278.999999999709
189 3611.0 1248.9999999998254
190 3731.0 1248.9999999998254
191 4041.0 1408.9999999999418
192 3921.0 1408.9999999999418
193 3921.0 1378.9999999995925
194 3918.0710678118157 1371.9289321877877
195 3911.0 1368.9999999998254
196 3871.0 1369.0001220697886
197 3863.9289321880387 1371.9290542581002
198 3861.0 1379.0001220702543
199 3861.0 1409.0001220700215
200 3741.0 1409.0001220700215
201 3741.0 1249.0001220701379
202 3861.0 1249.0001220701379
203 3861.0 1279.0001220703707
204 3863.9289321881843 1286.0711898821755
205 3871.0 1289.0001220701379
206 3911.0 1288.9999999999418
207 3918.071067811914 1286.0710678117466
208 3921.0 1278.999999999709
209 3921.0 1248.9999999998254
210 4041.0 1248.9999999998254
211 4132.0 1238.9999999995925
212 3762.0 1238.9999999995925
213 3753.213210139351 1217.7867898602854
214 3732.0 1208.999999999709
215 3710.786789860649 1217.7867898602854
216 3702.0 1238.9999999995925
217 3332.0 1238.9999999995925
218 3332.0 1088.9999999999418
219 3702.0 1088.9999999999418
220 3710.786789860653 1110.213210139249
221 3732.0 1118.999999999709
222 3753.213210139347 1110.213210139249
223 3762.0 1088.9999999999418
224 4132.0 1088.9999999999418
225 5785.999999999996 1244.999999999709
226 5665.999999999989 1244.999999999709
227 5665.999999999989 1214.9999999998254
228 5663.0710678118085 1207.928932188137
229 5656.0 1205.0000000001746
230 5616.0 1205.0000000001746
231 5608.928932188188 1207.928932188137
232 5606.0 1214.9999999998254
233 5606.0 1244.999999999709
234 5486.0 1244.999999999709
235 5486.0 1084.9999999995925
236 5606.0 1084.9999999995925
237 5606.0 1114.9999999999418
238 5608.928932188137 1122.0710678117466
239 5616.0 1124.9999999998254
240 5656.0 1124.9999999998254
241 5663.071067811856 1122.0710678117466
242 5665.999999999989 1114.9999999999418
243 5665.999999999989 1084.9999999995925
244 5785.999999999996 1084.9999999995925
245 5785.999999999996 1415.0000000000582
246 5665.999999999989 1415.0000000000582
247 5665.999999999989 1384.9999999998254
248 5663.071067811859 1377.9289321880206
249 5656.0 1374.9999999998254
250 5616.0 1375.0001220701379
251 5608.928932188086 1377.929054258333
252 5606.0 1385.0001220703707
253 5606.0 1415.0001220701379
254 5486.0 1415.0001220701379
255 5486.0 1255.0001220701379
256 5606.0 1255.0001220701379
257 5606.0 1285.0001220700215
258 5608.92893218813 1292.0711898819427
259 5616.0 1295.0001220701379
260 5656.0 1294.9999999995925
261 5663.071067811812 1292.0710678115138
262 5665.999999999989 1284.9999999998254
263 5665.999999999989 1255.0000000000582
264 5785.999999999996 1255.0000000000582
265 7460.914062499996 2178.4492187495925
266 6995.799804687496 2178.4492187495925
267 6530.685546874996 2178.4492187495925
268 6065.571289062496 2178.4492187495925
269 5600.457031249993 2178.4492187495925
270 5135.342773437493 2178.4492187495925
271 4670.228515624989 2178.4492187495925
272 4205.114257812489 2178.4492187495925
273 3739.999999999989 2178.4492187495925
274 3739.999999999989 1828.318359374709
275 3739.999999999989 1478.187499999709
276 3940.078125 1478.187499999709
277 3968.0831433116728 1476.6245560527896
278 3995.7368264797587 1471.9343906337745
279 4022.691081513305 1464.1760415821918
280 4048.6066195300155 1453.4471677492256
281 4073.157226582709 1439.8828197087278
282 4096.0338699039785 1423.6537397973589
283 4116.948587881321 1404.964212881343
284 4135.638114797424 1384.049494903942
285 4151.867194708837 1361.172851582698
286 4165.4315427493275 1336.6222445300664
287 4176.160416582297 1310.7067065133597
288 4183.9187656338545 1283.7524514798424
289 4188.608931052924 1256.0987683117273
290 4190.171875 1228.0937500000582
291 4188.60893105295 1200.088731688389
292 4183.918765633902 1172.435048520274
293 4176.160416582359 1145.4807934866403
294 4165.4315427494075 1119.5652554699336
295 4151.867194708928 1095.0146484171855
296 4135.638114797523 1072.1380050959415
297 4116.948587881423 1051.2232871185406
298 4096.033869904077 1032.5337602024083
299 4073.1572265828036 1016.3046802910394
300 4048.6066195300955 1002.7403322505415
301 4022.6910815133706 992.0114584174589
302 3995.736826479806 984.2531093659927
303 3968.083143311702 979.5629439468612
304 3940.078125 977.9999999998254
305 3739.999999999989 977.9999999998254
306 3739.999999999989 492.8178710936918
307 3739.999999999989 7.6357421875
308 4205.114257812489 7.6357421875
309 4670.228515624989 7.6357421875
310 5135.342773437493 7.6357421875
311 5600.457031249993 7.6357421875
312 6065.571289062496 7.6357421875
313 6530.685546874996 7.6357421875
314 6995.799804687496 7.6357421875
315 7460.914062499996 7.6357421875
316 7460.914062499996 441.79843749990687
317 7460.914062499996 875.9611328123719
318 7460.914062499996 1310.1238281247788
319 7460.914062499996 1744.2865234371857
320 5387.625 1253.1025390620925
321 5389.5406686428905 1282.4857802333427
322 5395.277059491404 1311.3672356694588
323 5404.735926481648 1339.2522582325037
324 5417.75526941608 1365.6632664986537
325 5434.112108509751 1390.147924203833
326 5453.526303322258 1412.2868873200496
327 5475.665350669224 1431.7009860795806
328 5500.150079340463 1448.0577189432806
329 5526.56114409244 1461.0769472899265
330 5554.446207693687 1470.5356932973373
331 5583.327688017645 1476.271958839905
332 5612.7109375 1478.187499999709
333 5762.773437499996 1478.187499999709
334 5792.156686982355 1476.271958839905
335 5821.038167306313 1470.5356932973373
336 5848.923230907556 1461.0769472899265
337 5875.334295659533 1448.0577189432806
338 5899.819024330773 1431.7009860795806
339 5921.958071677738 1412.2868873200496
340 5941.372266490242 1390.147924203833
341 5957.729105583912 1365.6632664986537
342 5970.748448518341 1339.2522582325037
343 5980.207315508593 1311.3672356694588
344 5985.943706357106 1282.4857802333427
345 5987.859374999996 1253.1025390620925
346 5985.943472497242 1223.719475955877
347 5980.206893944731 1194.8382234480814
348 5970.747887536923 1166.9534197426983
349 5957.728454071363 1140.5426372449729
350 5941.371572422828 1116.0582033604733
351 5921.957380669093 1093.9194536564755
352 5899.818378272841 1074.5055500612943
353 5875.333731490104 1058.148987102264
354 5848.922779534314 1045.1298973991652
355 5821.037852713413 1035.6712539393338
356 5792.156525541064 1029.93505130423
357 5762.773437499996 1028.0195312500582
358 5612.7109375 1028.0195312500582
359 5583.3278494589285 1029.93505130423
360 5554.44652228658 1035.6712539393338
361 5526.561595465679 1045.1298973991652
362 5500.150643509893 1058.148987102264
363 5475.665996727155 1074.5055500612943
364 5453.526994330903 1093.9194536564755
365 5434.112802577165 1116.0582033604733
366 5417.75592092863 1140.5426372449729
367 5404.736487463073 1166.9534197426983
368 5395.277481055258 1194.8382234480814
369 5389.540902502755 1223.719475955877
370 5183.5546875 392.7802734374418
371 5187.431555155978 422.3003163560061
372 5198.819970913824 449.809715172858
373 5216.943125784903 473.4320413550013
374 5240.564831180243 491.55600535165286
375 5268.073839893197 502.9453633830417
376 5297.59375 506.8232421876164
377 5327.115184077862 502.9470496409922
378 5354.625971293997 491.55861140653724
379 5378.249425621063 473.4348053953727
380 5396.374040768631 449.81197185610654
381 5407.763421291849 422.30157473118743
382 5411.640625 392.7802734374418
383 5407.763421291824 363.25897214369616
384 5396.374040768587 335.74857501883525
385 5378.249425621016 312.1257414795691
386 5354.625971293957 294.00193546852097
387 5327.11518407784 282.613497234066
388 5297.59375 278.7373046874418
389 5268.073839893223 282.6151834920165
390 5240.564831180283 294.00454152334714
391 5216.9431257849465 312.1285055199987
392 5198.819970913864 335.7508317020838
393 5187.431555156003 363.2602305188775
394 9188.999999999996 1174.999999999709
395 8818.999999999989 1174.999999999709
396 8810.213210139384 1153.7867898602854
397 8788.999999999996 1144.9999999998254
398 8767.786789860602 1153.7867898602854
399 8758.999999999996 1174.999999999709
400 8388.999999999996 1174.999999999709
401 8388.999999999996 1024.9999999998254
402 8758.999999999996 1024.9999999998254
403 8767.786789860602 1046.213210139249
404 8788.999999999996 1054.9999999998254
405 8810.213210139384 1046.213210139249
406 8818.999999999989 1024.9999999998254
407 9188.999999999996 1024.9999999998254
408 10087.999999999996 1261.0000000000582
409 9717.999999999996 1261.0000000000582
410 9709.213210139442 1239.7867898605182
411 9687.999999999996 1230.999999999709
412 9666.786789860551 1239.7867898605182
413 9657.999999999996 1261.0000000000582
414 9287.999999999996 1261.0000000000582
415 9287.999999999996 1110.9999999998254
416 9657.999999999996 1110.9999999998254
417 9666.786789860558 1132.2132101393654
418 9687.999999999996 1140.9999999999418
419 9709.213210139435 1132.2132101393654
420 9717.999999999996 1110.9999999998254
421 10087.999999999996 1110.9999999998254
422 10876.999999999989 1397.9999999998254
423 10756.999999999996 1397.9999999998254
424 10756.999999999996 1367.9999999998254
425 10754.07106781191 1360.9289321877877
426 10746.999999999996 1357.9999999995925
427 10706.999999999996 1357.9999999995925
428 10699.928932188082 1360.9289321877877
429 10696.999999999996 1367.9999999998254
430 10696.999999999996 1397.9999999998254
431 10576.999999999996 1397.9999999998254
432 10576.999999999996 1237.9999999995925
433 10696.999999999996 1237.9999999995925
434 10696.999999999996 1267.9999999999418
435 10699.928932188133 1275.0710678117466
436 10706.999999999996 1277.9999999998254
437 10746.999999999996 1277.9999999998254
438 10754.07106781186 1275.0710678117466
439 10756.999999999996 1267.9999999999418
440 10756.999999999996 1237.9999999995925
441 10876.999999999989 1237.9999999995925
442 10897.999999999996 1227.9999999998254
443 10527.999999999996 1227.9999999998254
444 10519.213210139347 1206.7867898605182
445 10497.999999999996 1197.9999999999418
446 10476.786789860646 1206.7867898605182
447 10467.999999999996 1227.9999999998254
448 10097.999999999996 1227.9999999998254
449 10097.999999999996 1077.9999999995925
450 10467.999999999996 1077.9999999995925
451 10476.786789860551 1099.2132101391326
452 10497.999999999996 1107.9999999999418
453 10519.213210139442 1099.2132101391326
454 10527.999999999996 1077.9999999995925
455 10897.999999999996 1077.9999999995925
456 11507.999999999996 167.99999999965075
457 11387.999999999996 167.99999999965075
458 11387.999999999996 137.99999999982538
459 11385.071067811838 130.92893218802055
460 11377.999999999996 127.99999999994179
461 11337.999999999996 127.99999999994179
462 11330.928932188155 130.92893218802055
463 11327.999999999996 137.99999999982538
464 11327.999999999996 167.99999999965075
465 11208.000000000011 167.99999999965075
466 11208.000000000011 7.999999999941792
467 11327.999999999996 7.999999999941792
468 11327.999999999996 37.99999999994179
469 11330.928932188177 45.07106781168841
470 11337.999999999996 47.99999999970896
471 11377.999999999996 47.99999999970896
472 11385.071067811816 45.07106781168841
473 11387.999999999996 37.99999999994179
474 11387.999999999996 7.999999999941792
475 11507.999999999996 7.999999999941792
476 11370.999999999996 2175.9999999995925
477 11210.999999999996 2175.9999999995925
478 11210.999999999996 2055.9999999998254
479 11240.999999999996 2055.9999999998254
480 11248.071067811816 2053.071067811863
481 11250.999999999996 2046.0000000000582
482 11250.999999999996 2005.9999999998254
483 11248.071067811808 1998.928932188137
484 11240.999999999996 1996.0000000001746
485 11210.999999999996 1996.0000000001746
486 11210.999999999996 1876.0000000000582
487 11370.999999999996 1876.0000000000582
488 11370.999999999996 1996.0000000001746
489 11340.999999999996 1996.0000000001746
490 11333.928932188184 1998.928932188137
491 11330.999999999996 2005.9999999998254
492 11330.999999999996 2046.0000000000582
493 11333.928932188177 2053.071067811863
494 11340.999999999996 2055.9999999998254
495 11370.999999999996 2055.9999999998254
496 11540.999999999996 2175.9999999995925
497 11380.999999999996 2175.9999999995925
498 11380.999999999996 2055.9999999998254
499 11410.999999999996 2055.9999999998254
500 11418.071067811808 2053.0710678117466
501 11420.999999999989 2046.0000000000582
502 11420.999999999989 2005.9999999998254
503 11418.071067811801 1998.928932188137
504 11410.999999999996 1996.0000000001746
505 11380.999999999996 1996.0000000001746
506 11380.999999999996 1876.0000000000582
507 11540.999999999996 1875.9998779293965
508 11540.999999999996 1995.9998779295129
509 11510.999999999996 1996.0000000001746
510 11503.928932188184 1998.928932188137
511 11500.999999999996 2005.9999999998254
512 11500.999999999996 2046.0000000000582
513 11503.928932188177 2053.071067811863
514 11510.999999999996 2055.9999999998254
515 11540.999999999996 2055.9999999998254
516 11710.999999999996 2175.9999999995925
517 11550.999999999996 2175.9999999995925
518 11550.999999999996 2055.9999999998254
519 11580.999999999996 2055.9999999998254
520 11588.071067811816 2053.071067811863
521 11590.999999999996 2046.0000000000582
522 11590.999999999996 2005.9999999998254
523 11588.071067811808 1998.928932188137
524 11580.999999999996 1996.0000000001746
525 11550.999999999996 1996.0000000001746
526 11550.999999999996 1876.0000000000582
527 11710.999999999996 1876.0000000000582
528 11710.999999999996 1996.0000000001746
529 11680.999999999996 1996.0000000001746
530 11673.928932188184 1998.928932188137
531 11670.999999999996 2005.9999999998254
532 11670.999999999996 2046.0000000000582
533 11673.928932188177 2053.071067811863
534 11680.999999999996 2055.9999999998254
535 11710.999999999996 2055.9999999998254
536 11880.999999999996 2175.9999999995925
537 11720.999999999996 2175.9999999995925
538 11720.999999999996 2055.9999999998254
539 11750.999999999996 2055.9999999998254
540 11758.071067811816 2053.071067811863
541 11760.999999999996 2046.0000000000582
542 11760.999999999996 2005.9999999998254
543 11758.071067811808 1998.928932188137
544 11750.999999999996 1996.0000000001746
545 11720.999999999996 1996.0000000001746
546 11720.999999999996 1876.0000000000582
547 11880.999999999996 1875.9998779293965
548 11880.999999999996 1995.9998779295129
549 11850.999999999996 1996.0000000001746
550 11843.928932188177 1998.928932188137
551 11840.999999999989 2005.9999999998254
552 11840.999999999989 2046.0000000000582
553 11843.92893218817 2053.071067811863
554 11850.999999999996 2055.9999999998254
555 11880.999999999996 2055.9999999998254
556 11976.778320312496 1807.8035888671293
557 11663.750488281239 1835.1900024412316
558 11350.722656249989 1862.576416015334
559 11347.75497696926 1854.2874026540085
560 11344.726562499996 1846.0203857421293
561 11251.754882812496 1595.1962890624418
562 11158.783203124996 1344.3721923828707
563 11147.67647389341 1316.9084282302647
564 11134.962746933877 1290.150645765185
565 11120.686653417517 1264.1927774096257
566 11104.898309158085 1239.1259475104162
567 11087.65313868185 1215.0381524494733
568 11069.011680661435 1192.01395173528
569 11049.039375396536 1170.1341711591813
570 11027.80633508763 1149.4756190586486
571 11005.387097709146 1130.1108166836784
572 10981.860365346041 1112.1077436135965
573 10957.30872791242 1095.5295991161256
574 10931.81837322201 1080.43458028842
575 10905.478784428346 1066.8756777578383
576 10878.38242589674 1054.9004896600381
577 10850.624418610812 1044.5510545466677
578 10822.302206253004 1035.8637038105517
579 10793.515213131355 1028.8689341456047
580 10764.364495153353 1023.5913004883914
581 10734.952385072083 1020.0493298195652
582 10705.382133250041 1018.2554561247234
583 10675.757545201752 1018.2159767455305
584 10646.182617187496 1019.9310302733793
585 10167.489746093746 1061.8112792968168
586 9688.796874999996 1103.6915283202543
587 9353.341796875011 947.2628784177941
588 9352.035156249996 932.3199462888879
589 9849.821093749993 888.7692382811219
590 10347.607031249998 845.2185302732396
591 10845.392968749995 801.6678222654737
592 11343.17890625 758.1171142576495
593 11840.964843749996 714.5664062498254
594 11849.815773783474 738.8992730471655
595 11869.651027892873 755.5422915068921
596 11895.151367187496 760.0322875974234
597 11925.100911458332 1102.3548583982629
598 11955.05045572916 1444.6774291991605
599 11984.999999999996 1786.9999999999418
600 11978.205849399568 1790.5358737909119
601 11975.906249999996 1797.8416748043965
602 11912.999999999996 703.9999999998254
603 11792.999999999996 703.9999999998254
604 11792.999999999996 673.9999999999418
605 11790.07106781191 666.9289321879623
606 11782.999999999996 663.999999999709
607 11742.999999999996 663.999999999709
608 11735.928932188082 666.9289321879623
609 11732.999999999996 673.9999999999418
610 11732.999999999996 703.9999999998254
611 11612.999999999996 703.9999999998254
612 11612.999999999996 543.999999999709
613 11732.999999999996 543.999999999709
614 11732.999999999996 573.9999999995343
615 11735.928932188053 581.071067811572
616 11742.999999999996 583.9999999999418
617 11782.999999999996 583.9999999999418
618 11790.07106781194 581.071067811572
619 11792.999999999996 573.9999999995343
620 11792.999999999996 543.999999999709
621 11912.999999999996 543.999999999709
622 11975.820312500011 322.9038391110371
623 11655.390624999996 507.9038391111535
624 11637.174564572215 493.926189319056
625 11614.410156249996 496.92306518543046
626 11600.432549451998 515.1393120223074
627 11603.429687499996 537.9038085935172
628 11282.999999999996 722.90380859375
629 11208.000000000011 592.9999999998254
630 11528.429687499996 407.9999999999418
631 11546.645747927749 421.9776497920975
632 11569.410156249996 418.98077392583946
633 11583.387777708162 400.7645140644163
634 11580.390624999996 377.99999999953434
635 11900.820312499996 193.0000305174035
636 11975.820312500011 137.9038391111535
637 11655.390624999996 322.9038391110371
638 11637.174564572215 308.9261893189396
639 11614.410156249996 311.92306518531404
640 11600.432534791926 330.1393250465044
641 11603.429687499996 352.9038391112117
642 11282.999999999996 537.9038085935172
643 11208.000000000011 407.9999999999418
644 11528.429687499996 223.00001525861444
645 11546.645751387328 236.97765630402137
646 11569.410156249996 233.98077392554842
647 11583.387770377976 215.76452057657298
648 11580.390624999996 193.00001525873085
649 11900.820312499996 8.00002384162508
650 11194.914062499996 720.8359374995343
651 11165.37359983171 724.3169651875505
652 11135.83218762404 727.7899254806107
653 11106.289828080156 731.254818119749
654 11076.746523403304 734.7116428464069
655 11047.202275796797 738.1603994029574
656 11017.657087464027 741.6010875320644
657 10988.110960608432 745.0337069772067
658 10958.563897433585 748.4582574823289
659 10929.015900143055 751.8747387920157
660 10899.466970940517 755.2831506515504
661 10869.917112029707 758.6834928066819
662 10840.366325614432 762.0757650037995
663 10810.814613898565 765.4599669899326
664 10781.261979086052 768.8360985126928
665 10751.708423380911 772.2041593202739
666 10722.15394898722 775.5641491615097
667 10692.598558109134 778.9160677858163
668 10663.042252950861 782.2599149431917
669 10633.485035716705 785.5956903842743
670 10603.926908610982 788.9233938602847
671 10574.367873838175 792.2430251229671
672 10544.80793360274 795.5545839248807
673 10515.247090109242 798.8580700189341
674 10485.68534556231 802.1534831588506
675 10456.122702166638 805.440823098761
676 10426.559162126974 808.720089593553
677 10396.994727648158 811.9912823986961
678 10367.429400935074 815.2544012701837
679 10337.863184192694 818.5094459646498
680 10308.296079626034 821.7564162393683
681 10278.728089440196 824.9953118521371
682 10249.159215840325 828.2261325614527
683 10219.58946103165 831.4488781262771
684 10190.018827219454 834.6635483063874
685 10160.447316609123 837.8701428619679
686 10130.874931406059 841.0686615538434
687 10101.30167381575 844.2591041434789
688 10071.727546043749 847.4414703929797
689 10042.152550295668 850.6157600649749
690 10012.5766887772 853.7819729227922
691 9982.999963694074 856.9401087301667
692 9953.42237725211 860.0901672517066
693 9923.843931657193 863.2321482523694
694 9894.264629115238 866.3660514978692
695 9864.684471832257 869.4918767545023
696 9835.10346201433 872.609623789147
697 9805.521601867546 875.7192923692637
698 9775.938893598151 878.8208822629531
699 9746.355339412385 881.9143932388979
700 9716.770941516555 884.999825066363
701 9687.185702117054 888.0771775153116
702 9657.599623420323 891.1464503560564
703 9628.012707632868 894.2076433599577
704 9598.424956961262 897.2607562984922
705 9568.836373612136 900.3057889440679
706 9539.246959792192 903.3427410695585
707 9509.656717708178 906.3716124484199
708 9480.065649566914 909.3924028549227
709 9450.473757575284 912.4051120635704
710 9420.881043940197 915.4097398499143
711 9391.287510868711 918.4062859896221
712 9361.693160567866 921.3947502594092
713 9332.097995244785 924.3751324362238
714 9302.50201710666 927.3474322979455
715 9272.90522836072 930.3116496228031
716 9243.307631214291 933.2677841898403
717 9213.709227874726 936.2158357784501
718 9184.110020549462 939.1558041688404
719 9154.510011445982 942.0876891418011
720 9124.909202771832 945.0114904785878
721 9095.307596734612 947.9272079611546
722 9065.705195542007 950.8348413720378
723 9036.102001401723 953.7343904944719
724 9006.498016521527 956.6258551121573
725 8976.893243109316 959.5092350094928
726 8947.287683372957 962.384529971343
727 8917.681339520426 965.2517397832708
728 8888.07421375973 968.110864231654
729 8858.466308298946 970.961903102987
730 8828.857625346212 973.8048561848118
731 8799.24816710973 976.6397232650197
732 8769.637935797746 979.4665041322005
733 8740.026933618563 982.2851985756424
734 8710.415162780559 985.095806384983
735 8680.802625492146 987.8983273505582
736 8651.189323961811 990.6927612636355
737 8621.575260398069 993.4791079155984
738 8591.960437009566 996.2573670986458
739 8562.344856004926 999.0275386056746
740 8532.72851959286 1001.7896222299314
741 8503.111429982124 1004.5436177655938
742 8473.493589381545 1007.2895250071888
743 8443.874999999996 1010.0273437499418
744 8414.198184196885 1012.7582559630391
745 8384.520791838648 1015.4828954877448
746 8354.842824251045 1018.2012622025213
747 8325.164282759968 1020.913355985831
748 8295.485168691313 1023.6191767163691
749 8265.805483371016 1026.3187242735294
750 8236.125228124965 1029.0119985364727
751 8206.444404279147 1031.6989993850584
752 8176.763013159583 1034.3797266990296
753 8147.081056092236 1037.054180358944
754 8117.398534403164 1039.7223602450103
755 8087.715449418447 1042.3842662381358
756 8058.031802464193 1045.0398982194602
757 8028.3475948664745 1047.6892560703564
758 7998.662827951444 1050.3323396723135
759 7968.977503045313 1052.969148907403
760 7939.291621474204 1055.599683657696
761 7909.605184564371 1058.223943805846
762 7879.918193642046 1060.841929234506
763 7850.230650033529 1063.4536398265627
764 7820.542555065058 1066.0590754656005
765 7790.8539100629605 1068.658236035204
766 7761.164716353585 1071.2511214190745
767 7731.47497526334 1073.837731501495
768 7701.784688118529 1076.4180661669816
769 7672.09385624561 1078.9921252999338
770 7642.40248097105 1081.559908785799
771 7612.71056362124 1084.121416509559
772 7583.018105522711 1086.6766483568936
773 7553.325108001965 1089.2256042135996
774 7523.63157238557 1091.7682839658228
775 7493.937499999996 1094.3046874999418
776 7490.404215531667 1087.4948191302246
777 7483.085937499996 1085.1923828124418
778 7473.999999999996 1086.0000000001746
779 7473.999999999996 726.8421223959303
780 7473.999999999996 367.68424479168607
781 7473.999999999996 8.526367187441792
782 7939.114257812496 8.526367187441792
783 8404.228515624996 8.526367187441792
784 8869.342773437496 8.526367187441792
785 9334.457031249996 8.526367187441792
786 9799.571289062496 8.526367187441792
787 10264.685546874996 8.526367187441792
788 10729.799804687496 8.526367187441792
789 11194.914062499996 8.526367187441792
790 11194.914062499996 364.68115234345896
791 7893.968749999996 994.4208984374418
792 7885.10990686392 970.0899364281795
793 7865.268437829171 953.4529018201283
794 7839.765624999996 948.9716796870925
795 7815.436017548269 957.8318979014293
796 7798.800514057697 977.6736037044902
797 7794.320312499996 1003.1757812499418
798 7803.178852029963 1027.5071579572395
799 7823.020364065607 1044.1445861001848
800 7848.523437499996 1048.6259765624418
801 7872.853349178058 1039.7655976216192
802 7889.488895664832 1019.9234830588684
803 9093.882812499996 882.7802734373254
804 9084.779405248231 858.5365025861538
805 9064.768744638288 842.0985613941448
806 9039.218749999996 837.8759765626164
807 9014.97660423558 846.9774958507624
808 8998.538220458136 866.984965041047
809 8994.312499999996 892.5322265620925
810 9003.415907251674 916.775997413497
811 9023.42656786161 933.2139386055642
812 9048.976562499996 937.4365234374418
813 9073.218708264543 928.3350041491794
814 9089.657092041987 908.3275349585456
815 11045.023437499996 673.0058593748254
816 11035.485245471686 648.9310966721969
817 11015.183057694394 632.8565056102234
818 10989.562499999996 629.0937499998254
819 10965.491780955865 638.6329162110924
820 10949.419749215838 658.9327931332518
821 10945.656249999996 684.5498046873254
822 10955.19414551718 708.6249818811193
823 10975.496375809224 724.6999640887952
824 11001.117187499996 728.462890624709
825 11025.188217877647 718.9235634591896
826 11041.26029211561 698.6232753848308
827 11194.915039062496 2191.4707031248254
828 10729.800781249996 2191.471069335763
829 10264.686523437496 2191.471435546584
830 9799.572265624996 2191.4718017575215
831 9334.458007812496 2191.472167968459
832 8869.343749999996 2191.4725341793965
833 8404.229492187496 2191.472900390334
834 7939.115234374996 2191.473266601155
835 7474.000976562496 2191.4736328120925
836 7474.000651041661 1832.315755208081
837 7474.000325520832 1473.1578776040697
838 7473.999999999996 1114.0000000000582
839 7483.085937499996 1114.8076171873254
840 7490.404215531667 1112.5051808695425
841 7493.937499999996 1105.6953124998254
842 7523.631572309972 1108.231693152513
843 7553.325107855726 1110.774350022839
844 7583.018105310646 1113.323282997182
845 7612.710563348217 1115.8784919615719
846 7642.402480641973 1118.439976802154
847 7672.093855865362 1121.0077374042594
848 7701.784687691939 1123.581773653219
849 7731.474974795321 1126.1620854341309
850 7761.164715849012 1128.748672631511
851 7790.8539095266715 1131.3415351299918
852 7820.542554501957 1133.9406728136237
853 7850.230649448469 1136.5460855663405
854 7879.918193039932 1139.1577732718433
855 7909.605183950069 1141.7757358132512
856 7939.291620852568 1144.3999730737996
857 7968.9775024212395 1147.0304849361419
858 7998.662827329816 1149.6672712826985
859 8028.347594252136 1152.31033199589
860 8058.031801862049 1154.9596669574385
861 8087.715448833365 1157.6152760490659
862 8117.398533840005 1160.277159152145
863 8147.0810555558965 1162.9453161476995
864 8176.763012654916 1165.61974691652
865 8206.444403811056 1168.3004513391643
866 8236.125227698325 1170.9874292959576
867 8265.80548299068 1173.6806806667591
868 8295.485168362186 1176.3802053311956
869 8325.164282486923 1179.086003168777
870 8354.84282403893 1181.798074058548
871 8384.520791692343 1184.5164178793202
872 8414.198184121338 1187.2410345097887
873 8443.874999999996 1189.9719238281832
874 8473.493589081761 1192.7097189765773
875 8503.11142938906 1195.4556026229984
876 8532.728518713022 1198.209574562672
877 8562.344854844825 1200.971634590358
878 8591.960435575707 1203.7417824998847
879 8621.57525869695 1206.5200180848478
880 8651.1893219999 1209.3063411379117
881 8680.802623275991 1212.1007514512748
882 8710.415160316672 1214.903248816554
883 8740.026930913456 1217.7138330249
884 8769.637932857924 1220.532503866416
885 8799.248163941713 1223.3592611309723
886 8828.857621956504 1226.1941046078573
887 8858.466304694051 1229.0370340856607
888 8888.07420994616 1231.8880493522738
889 8917.681335504694 1234.7471501950058
890 8947.287679161589 1237.6143364008167
891 8976.893238708803 1240.489607755735
892 9006.498011938394 1243.372964045324
893 9036.101996642425 1246.2644050546805
894 9065.705190613113 1249.163930567971
895 9095.307591642635 1252.071540369012
896 9124.909197523277 1254.987234241038
897 9154.510006047367 1257.9110119665856
898 9184.110015007307 1260.8428733274923
899 9213.709222195543 1263.7828181052464
900 9243.307625404592 1266.7308460805216
901 9272.90522242703 1269.6869570334093
902 9302.502011055487 1272.6511507434188
903 9332.097989082646 1275.6234269897104
904 9361.69315430128 1278.6037855503964
905 9391.287504504198 1281.59222620324
906 9420.881037484269 1284.5887487253058
907 9450.47375103441 1287.5933528933092
908 9480.065642947662 1290.6060384830344
909 9509.656711017069 1293.6268052697997
910 9539.246953035745 1296.6556530283415
911 9568.83636679687 1299.692581532814
912 9598.424950093697 1302.7375905565568
913 9628.012700719522 1305.7906798726763
914 9657.599616467716 1308.851849253464
915 9687.185695131706 1311.9210984705132
916 9716.770934504992 1314.9984272949514
917 9746.355332381125 1318.0838354972075
918 9775.938886553722 1321.1773228473612
919 9805.521594816466 1324.278889114561
920 9835.103454963075 1327.3885340674897
921 9864.684464787399 1330.5062574742478
922 9894.264622083287 1333.6320591024705
923 9923.843924644683 1336.765938718745
924 9953.422370265576 1339.9078960896586
925 9982.999956740026 1343.0579309806344
926 10012.576681862167 1346.2160431568627
927 10042.152543426182 1349.3822323828354
928 10071.72753922633 1352.5564984223456
929 10101.301667056923 1355.7388410387211
930 10130.874924712345 1358.9292599945911
931 10160.447309987056 1362.1277550520026
932 10190.01882067556 1365.334325972537
933 10219.589454572411 1368.5489725168445
934 10249.159209472306 1371.7716944453423
935 10278.728083169935 1375.0024915176327
936 10308.29607346006 1378.2413634927361
937 10337.863178137533 1381.4883101290907
938 10367.429394997267 1384.7433311845525
939 10396.994721834217 1388.006426416512
940 10426.559156443433 1391.2775955814286
941 10456.12269662003 1394.5568384352955
942 10485.685340159169 1397.8441547338734
943 10515.247084856095 1401.139544231526
944 10544.807928506114 1404.44300668285
945 10574.367868904603 1407.7545418413938
946 10603.926903847005 1411.0741494601243
947 10633.4850311288 1414.4018292915425
948 10663.042248545618 1417.7375810873345
949 10692.598553893073 1421.0814045988373
950 10722.153944966882 1424.4332995765726
951 10751.70841956283 1427.7932657707133
952 10781.26197547677 1431.1613029306172
953 10810.8146105046 1434.53741080506
954 10840.366322442325 1437.9215891422355
955 10869.917109085993 1441.3138376898714
956 10899.466968231736 1444.7141561947647
957 10929.015897675741 1448.1225444035954
958 10958.563895214265 1451.5390020619961
959 10988.110958643654 1454.9635289151338
960 11017.657085760282 1458.3961247077095
961 11047.202274360661 1461.8367891836097
962 11076.74652224132 1465.2855220863712
963 11106.289827198856 1468.7423231587163
964 11135.832187029973 1472.2071921429015
965 11165.37359953141 1475.6801287803682
966 11194.914062499996 1479.1611328123254
967 11194.914550781246 1835.3159179685754
968 7893.968749999996 1205.5787353516207
969 7889.488852261569 1180.0762016146327
970 7872.8533111494 1160.234138146916
971 7848.523437499996 1151.3737792967004
972 7823.020364065607 1155.8551697589573
973 7803.178852029963 1172.4925979019026
974 7794.320312499996 1196.8239746092004
975 7798.800514057813 1222.3261521545355
976 7815.436017548393 1242.1678579573636
977 7839.765624999996 1251.028076171584
978 7865.268470404368 1246.54683299741
979 7885.109944814143 1229.9097491978318
980 9093.882812499996 1317.2185058592004
981 9089.657092041987 1291.6712443379802
982 9073.218708264543 1271.6637751473463
983 9048.976562499996 1262.562255859084
984 9023.426567861618 1266.7848406908452
985 9003.415907251674 1283.2227818829124
986 8994.312499999996 1307.4665527343168
987 8998.538220458086 1333.0138142554206
988 9014.97660423553 1353.0212834458216
989 9039.218749999996 1362.122802734084
990 9064.768744638295 1357.9002179024392
991 9084.779405248231 1341.462276710372
992 11045.023437499996 1526.9913330076379
993 11041.260292115654 1501.373916997516
994 11025.18821787769 1481.073628923099
995 11001.117187499996 1471.5343017575215
996 10975.496344059222 1475.29724965879
997 10955.194108452724 1491.372280760028
998 10945.656249999996 1515.447509765334
999 10949.419749215795 1541.0645213194075
1000 10965.491780955821 1561.3643982416834
1001 10989.562499999996 1570.9035644530668
1002 11015.183089443646 1567.140787476732
1003 11035.485282535203 1551.066147521662
GTSP_SET_SECTION
1 1 -1
2 2 3 4 5 6 7 8 9 10 11 12 13 14 15 16 17 18 19 20 21 -1
3 22 23 24 25 26 27 28 29 30 31 32 33 34 35 36 37 38 39 40 41 -1
4 42 43 44 45 46 47 48 49 50 51 52 53 54 55 56 57 58 59 60 61 62 63 64 65 66 67 68 69 70 71 72 73 74 75 76 77 78 79 80 81 82 83 84 85 86 87 88 89 90 91 92 93 94 95 96 -1
5 97 98 99 100 101 102 103 104 105 106 107 108 109 110 111 112 113 114 115 116 117 118 119 120 121 122 123 124 125 126 127 128 129 130 131 132 133 134 135 136 137 138 139 140 141 142 143 144 145 146 -1
6 147 148 149 150 151 152 153 154 155 156 157 158 159 160 161 162 163 164 165 166 167 168 169 170 -1
7 171 172 173 174 175 176 177 178 179 180 181 182 183 184 185 186 187 188 189 190 -1
8 191 192 193 194 195 196 197 198 199 200 201 202 203 204 205 206 207 208 209 210 -1
9 211 212 213 214 215 216 217 218 219 220 221 222 223 224 -1
10 225 226 227 228 229 230 231 232 233 234 235 236 237 238 239 240 241 242 243 244 -1
11 245 246 247 248 249 250 251 252 253 254 255 256 257 258 259 260 261 262 263 264 -1
12 265 266 267 268 269 270 271 272 273 274 275 276 277 278 279 280 281 282 283 284 285 286 287 288 289 290 291 292 293 294 295 296 297 298 299 300 301 302 303 304 305 306 307 308 309 310 311 312 313 314 315 316 317 318 319 -1
13 320 321 322 323 324 325 326 327 328 329 330 331 332 333 334 335 336 337 338 339 340 341 342 343 344 345 346 347 348 349 350 351 352 353 354 355 356 357 358 359 360 361 362 363 364 365 366 367 368 369 -1
14 370 371 372 373 374 375 376 377 378 379 380 381 382 383 384 385 386 387 388 389 390 391 392 393 -1
15 394 395 396 397 398 399 400 401 402 403 404 405 406 407 -1
16 408 409 410 411 412 413 414 415 416 417 418 419 420 421 -1
17 422 423 424 425 426 427 428 429 430 431 432 433 434 435 436 437 438 439 440 441 -1
18 442 443 444 445 446 447 448 449 450 451 452 453 454 455 -1
19 456 457 458 459 460 461 462 463 464 465 466 467 468 469 470 471 472 473 474 475 -1
20 476 477 478 479 480 481 482 483 484 485 486 487 488 489 490 491 492 493 494 495 -1
21 496 497 498 499 500 501 502 503 504 505 506 507 508 509 510 511 512 513 514 515 -1
22 516 517 518 519 520 521 522 523 524 525 526 527 528 529 530 531 532 533 534 535 -1
23 536 537 538 539 540 541 542 543 544 545 546 547 548 549 550 551 552 553 554 555 -1
24 556 557 558 559 560 561 562 563 564 565 566 567 568 569 570 571 572 573 574 575 576 577 578 579 580 581 582 583 584 585 586 587 588 589 590 591 592 593 594 595 596 597 598 599 600 601 -1
25 602 603 604 605 606 607 608 609 610 611 612 613 614 615 616 617 618 619 620 621 -1
26 622 623 624 625 626 627 628 629 630 631 632 633 634 635 -1
27 636 637 638 639 640 641 642 643 644 645 646 647 648 649 -1
28 650 651 652 653 654 655 656 657 658 659 660 661 662 663 664 665 666 667 668 669 670 671 672 673 674 675 676 677 678 679 680 681 682 683 684 685 686 687 688 689 690 691 692 693 694 695 696 697 698 699 700 701 702 703 704 705 706 707 708 709 710 711 712 713 714 715 716 717 718 719 720 721 722 723 724 725 726 727 728 729 730 731 732 733 734 735 736 737 738 739 740 741 742 743 744 745 746 747 748 749 750 751 752 753 754 755 756 757 758 759 760 761 762 763 764 765 766 767 768 769 770 771 772 773 774 775 776 777 778 779 780 781 782 783 784 785 786 787 788 789 790 -1
29 791 792 793 794 795 796 797 798 799 800 801 802 -1
30 803 804 805 806 807 808 809 810 811 812 813 814 -1
31 815 816 817 818 819 820 821 822 823 824 825 826 -1
32 827 828 829 830 831 832 833 834 835 836 837 838 839 840 841 842 843 844 845 846 847 848 849 850 851 852 853 854 855 856 857 858 859 860 861 862 863 864 865 866 867 868 869 870 871 872 873 874 875 876 877 878 879 880 881 882 883 884 885 886 887 888 889 890 891 892 893 894 895 896 897 898 899 900 901 902 903 904 905 906 907 908 909 910 911 912 913 914 915 916 917 918 919 920 921 922 923 924 925 926 927 928 929 930 931 932 933 934 935 936 937 938 939 940 941 942 943 944 945 946 947 948 949 950 951 952 953 954 955 956 957 958 959 960 961 962 963 964 965 966 967 -1
33 968 969 970 971 972 973 974 975 976 977 978 979 -1
34 980 981 982 983 984 985 986 987 988 989 990 991 -1
35 992 993 994 995 996 997 998 999 1000 1001 1002 1003 -1
GTSP_SET_ORDERING
2 5 4 -1
3 5 4 -1
5 4 -1
6 4 -1
10 13 12 -1
11 13 12 -1
13 12 -1
14 12 -1
29 28 -1
30 28 -1
31 28 -1
33 32 -1
34 32 -1
35 32 -1
EOF