NAME: Mc35v772
TYPE: PCGTSP 
COMMENT: 
DIMENSION: 773
GTSP_SETS: 36
EDGE_WEIGHT_TYPE: EUC_2D
NODE_COORD_SECTION
1 0.0 0.0
2 1097.0 411.9999999998836
3 977.0 411.9999999998836
4 977.0 381.9999999998836
5 974.0710678118667 374.92893218802055
6 967.0 371.9999999998836
7 927.0 371.9999999998836
8 919.9289321881333 374.92893218802055
9 917.0 381.9999999998836
10 917.0 411.9999999998836
11 797.0 411.9999999998836
12 797.0 251.99999999988358
13 917.0 251.99999999988358
14 917.0 281.9999999998836
15 919.9289321881333 289.0710678117466
16 927.0 291.9999999998836
17 967.0 291.9999999998836
18 974.0710678118667 289.0710678117466
19 977.0 281.9999999998836
20 977.0 251.99999999988358
21 1097.0 251.99999999988358
22 560.000061035149 873.9999999998836
23 400.0000610351599 874.000061035098
24 400.0000305175781 754.000061035098
25 430.0000305175781 753.9999999998836
26 437.0710983294193 751.0710678118048
27 440.0000305175781 744.0
28 440.0000305175781 703.9999999998836
29 437.0710983294448 696.9289321880206
30 430.0000305175781 693.9999999998836
31 400.0000305175781 694.000061035098
32 400.0 574.000061035098
33 560.0 573.9999999998836
34 560.0 693.9999999998836
35 530.0 693.9999999998836
36 522.9289321881333 696.9289321880206
37 520.0 703.9999999998836
38 520.0000610351599 744.0
39 522.9289932233187 751.0710678118048
40 530.0000610351599 753.9999999998836
41 560.000061035149 753.9999999998836
42 390.000061035149 930.9999999998836
43 230.00006103514897 931.000061035098
44 230.00003051757812 811.000061035098
45 260.00003051757085 810.9999999998836
46 267.07109832944116 808.0710678117466
47 270.0000305175781 800.9999999998836
48 270.0000305175781 760.9999999998836
49 267.07109832944116 753.9289321880206
50 260.00003051757085 750.9999999998836
51 230.00003051757812 751.000061035098
52 230.0 631.0000610349816
53 390.0 630.9999999998836
54 390.0000305175781 750.9999999998836
55 360.0000305175781 750.9999999998836
56 352.92896270571146 753.9289321880206
57 350.0000305175781 760.9999999998836
58 350.0000305175781 800.9999999998836
59 352.92896270571146 808.0710678117466
60 360.0000305175781 810.9999999998836
61 390.0000305175781 810.9999999998836
62 787.0003051757776 1516.5546874998836
63 761.9856940057653 1523.251134142658
64 743.6757552913514 1541.5628602737852
65 736.9817504882776 1566.578125
66 398.3547916412317 1566.578186035098
67 59.72783279418945 1566.578247070196
68 53.0338262445548 1541.5629793137196
69 34.72388322083134 1523.2512527134386
70 9.709267616268335 1516.554809570196
71 9.70917320251101 1031.0365905760555
72 9.709078788757324 545.5183715819439
73 9.708984375 60.00015258780331
74 34.72133729534107 53.30500102296355
75 53.030922443922464 34.99647992555401
76 59.72752761839729 9.984516143682413
77 398.35448646545046 9.984450340183685
78 736.9814453125 9.984384536684956
79 743.6780593906951 34.99634275527205
80 761.9876483020635 53.30485574612976
81 787.0 59.999999999883585
82 787.000101725258 545.5182291665406
83 787.0002034505196 1031.0364583332266
84 409.85946655273074 488.16412353509804
85 381.38193327526096 490.1911154562549
86 353.48315375319726 496.25219613526133
87 326.7316204388917 506.2238591435598
88 301.67244838891565 519.9029122536303
89 278.81626747369955 537.0106178797141
90 258.6288172905406 557.1983729040076
91 241.5214568041556 580.0548121500178
92 227.84278209948752 605.1141907564597
93 217.87152305148993 631.8658746439614
94 211.81086365625015 659.7647456876584
95 209.78430175780886 688.2423095702834
96 209.7843475341797 888.3204345702834
97 211.8119298058882 916.7972167356929
98 217.87338896173242 944.6951902332075
99 227.84521698084427 971.4459072015889
100 241.5242283411535 996.5042962274456
101 258.6317001185125 1019.3597686958092
102 278.8190512325309 1039.5466225211276
103 301.67494511909536 1056.6535312720225
104 326.7336711058306 1070.331925340317
105 353.4846337119234 1080.3030943797494
106 381.38275651883305 1086.3638662956073
107 409.8595886230396 1088.390747070196
108 438.3363207717848 1086.3637291980558
109 466.2343278550252 1080.3028483950184
110 492.9851649100492 1070.3316001190396
111 518.043761512039 1056.6531567988277
112 540.8995280347044 1039.5462280275242
113 561.0867593360927 1019.3593816242355
114 578.1941238859617 996.5039412766346
115 591.8730449858158 971.4456054805487
116 601.8448033073728 944.6949585481489
117 607.9062160293543 916.797067030333
118 609.9337768554688 888.320373535098
119 609.9337158203089 688.2422485349816
120 607.9071577934737 659.7647731860634
121 601.8465272248541 631.865986531513
122 591.8753206047113 605.1143776411482
123 578.1967195999096 580.0550597287074
124 561.0894508539313 557.1986624680285
125 540.9021064190456 537.0109269746172
126 518.0460405523918 519.903215474129
127 492.9869876167031 506.22412904075463
128 466.23557188640916 496.2524042095174
129 438.33690263928656 490.1912332067732
130 674.9582519531177 1204.9374999998836
131 648.1932281788213 1212.1025322661735
132 628.6017995128423 1231.6953908590658
133 621.4387207031177 1258.4609374998836
134 628.6044055083185 1285.2231816829008
135 648.1954848177775 1304.812831090967
136 674.9582519531177 1311.9765624998836
137 701.7214318883343 1304.8131568306417
138 721.3129123416147 1285.2234637581278
139 728.4787597656177 1258.4609374998836
140 721.3155183645795 1231.6951087680063
141 701.7236885431594 1212.1022064989957
142 132.0009765625 1784.9980468748836
143 60.0 1783.9999999998836
144 45.00096893310911 1768.7939453123836
145 45.00089645385742 1575.6542968748836
146 142.0009002685474 1575.6542968748836
147 159.67856979821227 1582.976627345226
148 167.0009002685474 1600.6542968748836
149 167.0009613037073 1739.6425781248836
150 165.09640676344497 1749.2135194514995
151 159.6728363037073 1757.3261718748836
152 298.9990234375 1768.7939453123836
153 284.0 1783.9999999998836
154 211.9990234375 1784.9980468748836
155 184.3271484375 1757.3261718748836
156 178.90357797776232 1749.2135194514995
157 176.9990234375 1739.6425781248836
158 176.9990234375 1600.6542968748836
159 184.32135390783515 1582.976627345226
160 201.9990234375 1575.6542968748836
161 298.9990234375 1575.6542968748836
162 609.0 1736.0
163 489.0 1736.0
164 489.0 1705.9999999998836
165 486.07106781186667 1698.9289321880206
166 479.0 1695.9999999998836
167 439.0 1695.9999999998836
168 431.92893218813333 1698.9289321880206
169 429.0 1705.9999999998836
170 429.0 1736.0
171 309.0 1736.0
172 309.0 1575.9999999998836
173 429.0 1575.9999999998836
174 429.0 1605.9999999998836
175 431.92893218813333 1613.0710678117466
176 439.0 1615.9999999998836
177 479.0 1615.9999999998836
178 486.07106781186667 1613.0710678117466
179 489.0 1605.9999999998836
180 489.0 1575.9999999998836
181 609.0 1575.9999999998836
182 1502.0 1790.9999999998836
183 1002.3125 1791.0001831053814
184 502.625 1791.0003662108793
185 502.625 1776.4945068358793
186 532.0446539202494 1775.0595514920133
187 561.1817921177317 1770.7465118113905
188 589.7555406306201 1763.5969643048593
189 617.4904564179742 1753.6798286350095
190 644.119182554572 1741.090703249647
191 669.3850254777826 1725.9509438392124
192 693.0444294426052 1708.4064935014176
193 714.8693243317502 1688.6264758901088
194 734.649324188551 1666.8015649099834
195 752.1937552794661 1643.1421466727916
196 767.3334941361791 1617.8762914334075
197 779.9225978591203 1591.2475550555973
198 789.8397109666803 1563.5126312006905
199 796.9892352285351 1534.938876871689
200 801.302251206158 1505.801735165558
201 802.7371826171875 1476.3820800779795
202 802.7370402018205 1125.083913167182
203 802.7368977864571 773.7857462563843
204 802.7367553710901 422.4875793455867
205 1202.88623046875 422.4874267576961
206 1202.8864135742188 901.6666259764461
207 1202.8865966796875 1380.845825195196
208 1204.3153404470359 1410.2034244423267
209 1208.610069305505 1439.2803095289273
210 1215.7295581555263 1467.797371453693
211 1225.6054670281992 1495.4808749575168
212 1238.1429970805839 1522.065086107992
213 1253.2218005697432 1547.2948230793118
214 1270.697136070652 1570.9279056425148
215 1290.4012578490401 1592.7374798531528
216 1312.1450260525853 1612.5141956224106
217 1335.719722264239 1630.0682162682642
218 1360.899052990182 1645.2310407578188
219 1387.4413218509144 1657.857121148496
220 1415.0917496246548 1667.8252597027458
221 1443.5849198729302 1675.0397722649213
222 1472.6473266727953 1679.4314067336381
223 1502.0 1680.9580078123836
224 1595.0 1547.9999999998836
225 1475.0 1547.9999999998836
226 1475.0 1517.9999999998836
227 1472.0710678118667 1510.9289321880206
228 1465.0 1507.9999999998836
229 1425.0 1507.9999999998836
230 1417.9289321881333 1510.9289321880206
231 1415.0 1517.9999999998836
232 1415.0 1547.9999999998836
233 1295.0 1547.9999999998836
234 1295.0 1387.9999999998836
235 1415.0 1387.9999999998836
236 1415.0 1417.9999999998836
237 1417.9289321881333 1425.0710678117466
238 1425.0 1427.9999999998836
239 1465.0 1427.9999999998836
240 1472.0710678118667 1425.0710678117466
241 1475.0 1417.9999999998836
242 1475.0 1387.9999999998836
243 1595.0 1387.9999999998836
244 1607.2626953125 1377.5126953125
245 1207.11328125 1377.5126953125
246 1207.11328125 898.3334960936918
247 1207.11328125 419.1542968748836
248 1205.6845494611043 389.79669701939565
249 1201.3898324616093 360.7198101555696
250 1194.2703552373096 332.20274530217284
251 1184.3944576456342 304.51923774700845
252 1171.8569384213988 277.9350214617443
253 1156.7781452038107 252.70527832195512
254 1139.302819319546 229.0721886162646
255 1119.5987064108594 207.26260635798099
256 1097.8549462452502 187.48588171359734
257 1074.2802571629763 169.9318514506449
258 1049.1009325898158 154.76901669462677
259 1022.558668846621 142.1429254868999
260 994.9082451064896 132.1747756691184
261 966.4150777696377 124.96025150510832
262 937.3526727315366 120.56860520783812
263 908.0 119.04199218738358
264 908.0 8.999999999883585
265 1407.6875 8.999999999883585
266 1907.375 8.999999999883585
267 1907.375 23.505859374883585
268 1877.955345496095 24.940802752331365
269 1848.8182055442921 29.253830581437796
270 1820.2444541233453 36.40336646564538
271 1792.509534302215 46.32049085435574
272 1765.8808030450127 58.909605408494826
273 1740.61495396373 74.04935454207589
274 1716.9555428627282 91.59379525642726
275 1695.1306399280911 111.37380399048561
276 1675.3506311940364 133.19870692511904
277 1657.806190479685 156.85811802610988
278 1642.6664413461149 182.1239671073854
279 1630.0773267919685 208.7526983646094
280 1620.1602024032582 236.4876181857253
281 1613.0106665190651 265.0613696066721
282 1608.6976386899405 294.19850955848233
283 1607.2626953125 323.6181640623836
284 1607.2626953125 674.9163411457557
285 1607.2626953125 1026.2145182291279
286 2090.0 223.99999999988358
287 1970.0 223.99999999988358
288 1970.0 193.99999999988358
289 1967.0710678118667 186.92893218802055
290 1960.0 183.99999999988358
291 1920.0 183.99999999988358
292 1912.9289321881333 186.92893218802055
293 1910.0 193.99999999988358
294 1910.0 223.99999999988358
295 1790.0 223.99999999988358
296 1790.0 63.999999999883585
297 1910.0 63.999999999883585
298 1910.0 93.99999999988358
299 1912.9289321881333 101.07106781174662
300 1920.0 103.99999999988358
301 1960.0 103.99999999988358
302 1967.0710678118667 101.07106781174662
303 1970.0 93.99999999988358
304 1970.0 63.999999999883585
305 2090.0 63.999999999883585
306 2175.0 1097.9999999998836
307 2015.0 1097.9999999998836
308 2015.0 978.000061035098
309 2045.0 977.9999999998836
310 2052.0710678118667 975.0710678117466
311 2055.0 967.9999999998836
312 2055.0 927.9999999998836
313 2052.0710678118667 920.9289321880206
314 2045.0 917.9999999998836
315 2015.0 918.000061035098
316 2015.0 798.0000610349816
317 2175.0 797.9999999998836
318 2175.0 917.9999999998836
319 2145.0 917.9999999998836
320 2137.9289321881333 920.9289321880206
321 2135.0 927.9999999998836
322 2135.0 967.9999999998836
323 2137.9289321881333 975.0710678117466
324 2145.0 977.9999999998836
325 2175.0 977.9999999998836
326 2005.0 1150.9999999998836
327 1845.0 1150.9999999998836
328 1845.0 1030.9999999998836
329 1875.0 1030.9999999998836
330 1882.0710678118667 1028.0710678117466
331 1885.0 1020.9999999998836
332 1885.0 980.9999999998836
333 1882.0710678118667 973.9289321880206
334 1875.0 970.9999999998836
335 1845.0 971.000061035098
336 1845.0 851.000061035098
337 2005.0 851.0
338 2005.0 970.9999999998836
339 1975.0 970.9999999998836
340 1967.9289321881333 973.9289321880206
341 1965.0 980.9999999998836
342 1965.0 1020.9999999998836
343 1967.9289321881333 1028.0710678117466
344 1975.0 1030.9999999998836
345 2005.0 1030.9999999998836
346 2400.0 1739.9999999998836
347 2374.9876455475423 1746.695145841717
348 2356.678056209752 1765.0036627500085
349 2349.9814453125 1790.0156249998836
350 2011.3544921875 1790.0158081053814
351 1672.7275390625 1790.0159912108793
352 1666.030928165248 1765.0040289610042
353 1647.7213388274577 1746.6955120527127
354 1622.708984375 1740.0003662108793
355 1622.7087402343714 1254.4821370442223
356 1622.7084960937464 768.9639078775363
357 1622.7082519531177 283.4456787108793
358 1647.7228719392915 276.7492269874492
359 1666.0328120186532 258.43748831993435
360 1672.7268066406177 233.42221069330117
361 2011.3537597656177 233.42205810541054
362 2349.9807128906177 233.4219055174908
363 2356.6747278748517 258.43715734319994
364 2374.9846652243177 276.7488709378231
365 2399.9992675781177 283.4453124998836
366 2399.9995117187464 768.9635416665406
367 2399.9997558593714 1254.4817708332266
368 2022.8591308593786 1311.836059570196
369 2051.336563889403 1309.8089459473558
370 2079.2352296326644 1303.7477718560258
371 2105.986641593405 1293.7760448377812
372 2131.0456906763793 1280.0969571241876
373 2153.9017527846845 1262.989245222212
374 2174.0890937224867 1242.8015101466444
375 2191.196359383688 1219.9451140349265
376 2204.8749578464704 1194.885797888739
377 2214.846162573209 1168.1341912469652
378 2220.9067919750196 1140.235407171771
379 2222.9333496093677 1111.757934570196
380 2222.93310546875 911.679748535098
381 2220.905520543958 883.2030706318037
382 2214.844088124417 855.3051975577255
383 2204.8723147880046 828.554570993816
384 2191.193383464939 803.496256547427
385 2174.0860134215363 780.6408376006584
386 2153.898781130236 760.4540117616998
387 2131.0430177426097 743.3471019003773
388 2105.9844278851597 729.6686751125089
389 2079.2336005516663 719.6974403841305
390 2051.335605440334 713.6365696708672
391 2022.85888671875 711.6095581053814
392 1994.3820659308367 713.6364613961487
393 1966.4839572364217 719.6972526326135
394 1939.7330108656242 729.6684374871547
395 1914.674302536183 743.3468436807743
396 1891.8184270225465 760.4537608092942
397 1871.6310943066237 780.6406193304574
398 1854.5236402984337 803.4960929964145
399 1840.844645479694 828.554480013263
400 1830.8728322483148 855.3051921536098
401 1824.811385687135 883.2031584723736
402 1822.7838134765589 911.6799316404795
403 1822.7839355468677 1111.758056640596
404 1824.810521545165 1140.235604931484
405 1830.8712006389324 1168.1344575313851
406 1840.84247470248 1194.8861210500763
407 1854.5211596307781 1219.9454783064139
408 1871.628525610813 1242.8018961511843
409 1891.8159767837205 1262.9896306107403
410 1914.6721545634937 1280.0973173266102
411 1939.7313198683332 1293.776353904279
412 1966.482843460395 1303.74800336521
413 1994.3816110097869 1309.809073954908
414 2304.96484375 1533.9218749998836
415 2330.979867612954 1526.957804756792
416 2350.0222582229835 1507.9139842158474
417 2356.984375 1481.8984375
418 2350.0196115206854 1455.886122737109
419 2330.9774699943046 1436.8455004853313
420 2304.9645996093786 1429.8828124998836
421 2278.951900367687 1436.8456836839032
422 2259.9099539555464 1455.8863342452678
423 2252.9453125 1481.8985595702834
424 2259.907470000562 1507.9140546843992
425 2278.949855150953 1526.9578250799968
426 2304.96435546875 593.562561035098
427 2330.979396963732 586.598480630375
428 2350.021790303592 567.5546350166551
429 2356.98388671875 541.5390624998836
430 2350.019153714653 515.5268311565451
431 2330.9771138390897 496.4862323567504
432 2304.96435546875 489.5234680174908
433 2278.9515794697945 496.4862425205356
434 2259.909536865154 515.5268663915049
435 2252.94482421875 541.539123535098
436 2259.9069409957447 567.5546702509746
437 2278.949331605774 586.5984907919774
438 2710.0 1547.9999999998836
439 2590.0 1547.9999999998836
440 2590.0 1517.9999999998836
441 2587.0710678118667 1510.9289321880206
442 2580.0 1507.9999999998836
443 2540.0 1507.9999999998836
444 2532.9289321881333 1510.9289321880206
445 2530.0 1517.9999999998836
446 2530.0 1547.9999999998836
447 2410.0 1547.9999999998836
448 2410.0 1387.9999999998836
449 2530.0 1387.9999999998836
450 2530.0 1417.9999999998836
451 2532.9289321881333 1425.0710678117466
452 2540.0 1427.9999999998836
453 2580.0 1427.9999999998836
454 2587.0710678118667 1425.0710678117466
455 2590.0 1417.9999999998836
456 2590.0 1387.9999999998836
457 2710.0 1387.9999999998836
458 2815.88720703125 1378.512817382696
459 2415.73779296875 1378.512939453096
460 2415.7377115885392 1027.2147725422692
461 2415.7376302083285 675.9166056314134
462 2415.7375488281177 324.6184387205867
463 2414.3025934447287 295.19877669314155
464 2409.989552142135 266.0616305480071
465 2402.8400014696927 237.48787447810173
466 2392.922861158422 209.75295174866915
467 2380.3337297534563 183.12421949891723
468 2365.1939630699962 157.85837149154395
469 2347.649504356119 134.1989636545477
470 2327.869477439428 112.37406626794836
471 2306.0445564191796 92.5940654281876
472 2282.3851276196365 75.04963498315192
473 2257.1192615229265 59.90989848796744
474 2230.49051423138 47.32079889968736
475 2202.7555796527304 37.40369172676583
476 2174.181815040374 30.254175194975687
477 2145.0446637419336 25.941168706165627
478 2115.625 24.50624847409199
479 2115.625 10.000389098975575
480 2615.3125 10.000194549444132
481 3115.0 9.999999999883585
482 3115.0 120.04199218738358
483 3085.6473360534437 121.56862832646584
484 3056.584941909492 125.96029603725765
485 3028.091787327641 133.17483972589253
486 3000.441377940002 143.14300702768378
487 2973.8991298722613 155.7691135602363
488 2948.7198220157698 170.93196139726206
489 2925.1451504063843 188.48600244682166
490 2903.4014081855603 208.2627355667064
491 2883.6973134137515 230.0723240058287
492 2866.2220055869147 253.70541764626978
493 2851.1432300875313 278.93516255382565
494 2838.6057279976303 305.519378547644
495 2828.729846729926 333.2028838864935
496 2821.6103848137027 361.7199447568564
497 2817.315681924225 390.79682605026755
498 2815.8869628906177 420.1544189451961
499 2815.887084960934 899.3336181639461
500 3204.999999999989 411.9999999998836
501 3085.0 411.9999999998836
502 3085.0 381.9999999998836
503 3082.071067811863 374.92893218802055
504 3074.999999999989 371.9999999998836
505 3035.0 371.9999999998836
506 3027.9289321881333 374.92893218802055
507 3025.0 381.9999999998836
508 3025.0 411.9999999998836
509 2905.0 411.9999999998836
510 2905.0 251.99999999988358
511 3025.0 251.99999999988358
512 3025.0 281.9999999998836
513 3027.9289321881333 289.0710678117466
514 3035.0 291.9999999998836
515 3074.999999999989 291.9999999998836
516 3082.071067811863 289.0710678117466
517 3085.0 281.9999999998836
518 3085.0 251.99999999988358
519 3204.999999999989 251.99999999988358
520 3520.375 1790.9992675779795
521 3020.6875 1790.999633788946
522 2521.0 1790.9999999998836
523 2521.0 1680.9580078123836
524 2550.3526715401968 1679.4313709085109
525 2579.415073054777 1675.0397009541048
526 2607.9082345687857 1667.825153586513
527 2635.558650241699 1657.8569812415808
528 2662.1009037498225 1645.2308683998126
529 2687.280216017425 1630.0680131108675
530 2710.8548908409393 1612.5139636137174
531 2732.598634930673 1592.7372212190821
532 2752.3027300999674 1570.9276228655654
533 2769.7780367509404 1547.2945188748126
534 2784.856809425386 1522.0647633980843
535 2797.3943069933193 1495.4805368432717
536 2807.270182022996 1467.7970211853972
537 2814.3896359958453 1439.2799504748255
538 2818.684329277392 1410.2030600564904
539 2820.1130371093677 1380.8454589842877
540 2820.112670898434 901.6662597655377
541 2820.1123046875 422.4870605467877
542 3220.26171875 422.48675537097733
543 3220.2619628906214 773.7849527993822
544 3220.2622070312464 1125.083150227787
545 3220.2624511718677 1476.3813476561918
546 3221.6974184821156 1505.8010009927675
547 3226.0104700142256 1534.9381374359364
548 3233.1600291430914 1563.5118830407737
549 3243.0771760940843 1591.246794794337
550 3255.6663123106373 1617.8755158103304
551 3270.806081997911 1643.141352575476
552 3288.3505419591384 1666.800749404123
553 3308.1305684476974 1688.6256362477725
554 3329.955487473326 1708.4056272273301
555 3353.614912846693 1725.9500486948236
556 3378.8807742441313 1741.0897772746684
557 3405.5095157425494 1753.678870166419
558 3433.24444363124 1763.5959719928214
559 3461.818200868325 1770.7454846323526
560 3490.955344328766 1775.0584887584555
561 3520.375 1776.493408203096
562 3816.783203125 1762.1249999998836
563 3801.7800292968677 1761.9169921873836
564 3517.5180664062427 1606.9845581053523
565 3233.2561035156177 1452.052124023292
566 3233.2561035156177 1327.0051269529795
567 3248.2619628906177 1312.000122070196
568 3510.630981445309 1312.0000610350398
569 3773.0 1311.9999999998836
570 3779.5806713865277 1336.8129805933859
571 3797.606490040391 1355.0902644093148
572 3822.3259277343677 1362.0140380858793
573 4421.744140625 1452.0518798827834
574 4137.482055664059 1606.984436035098
575 3853.2199707031177 1761.9169921873836
576 3838.2170410156177 1762.1249999998836
577 3832.6740722656177 1362.0140380858793
578 3857.393509959602 1355.0902644093148
579 3875.4193286134723 1336.8129805933859
580 3882.0 1311.9999999998836
581 4144.368896484375 1311.9999389647273
582 4406.73779296875 1311.9998779296002
583 4421.744140625 1327.0048828123836
584 4593.7119140625 1740.9859619139752
585 4568.40661091471 1747.4473960233736
586 4549.811450648242 1765.7866575356456
587 4543.0 1790.9999999998836
588 4278.901000976559 1791.0000610350398
589 4014.8020019531177 1791.000122070196
590 4014.8020019531177 1775.9941406248836
591 4299.525512695309 1558.3300781248836
592 4584.2490234375 1340.6660156248836
593 4599.25390625 1340.8740234373836
594 5113.0 1471.9999999998836
595 4993.0 1471.9999999998836
596 4993.0 1441.9999999998836
597 4990.071067811867 1434.9289321880206
598 4983.0 1431.9999999998836
599 4943.0 1431.9999999998836
600 4935.928932188133 1434.9289321880206
601 4933.0 1441.9999999998836
602 4933.0 1471.9999999998836
603 4813.0 1471.9999999998836
604 4813.0 1311.9999999998836
605 4933.0 1311.9999999998836
606 4933.0 1342.0
607 4935.928932188159 1349.0710678118048
608 4943.0 1351.9999999998836
609 4983.0 1351.9999999998836
610 4990.071067811841 1349.0710678118048
611 4993.0 1342.0
612 4993.0 1311.9999999998836
613 5113.0 1311.9999999998836
614 5194.19775390625 1789.9998779296002
615 4930.098876953125 1789.9999389647273
616 4666.0 1789.9999999998836
617 4659.188549351758 1764.7866575356456
618 4640.59338908529 1746.4473960233736
619 4615.2880859375 1739.9859619139752
620 4609.74609375 1339.8740234373836
621 4624.7509765625 1339.6660156248836
622 4909.474365234375 1557.329956054571
623 5194.19775390625 1774.9938964842877
624 5336.0 1641.9999999998836
625 5216.0 1641.9999999998836
626 5216.0 1611.9999999998836
627 5213.071067811867 1604.9289321880206
628 5206.0 1601.9999999998836
629 5166.0 1601.9999999998836
630 5158.928932188133 1604.9289321880206
631 5156.0 1611.9999999998836
632 5156.0 1641.9999999998836
633 5035.999999999989 1641.9999999998836
634 5035.999999999989 1481.9999999998836
635 5156.0 1481.9999999998836
636 5156.0 1511.9999999998836
637 5158.928932188133 1519.0710678117466
638 5166.0 1521.9999999998836
639 5206.0 1521.9999999998836
640 5213.071067811867 1519.0710678117466
641 5216.0 1511.9999999998836
642 5216.0 1481.9999999998836
643 5336.0 1481.9999999998836
644 5506.0 1790.9998779296002
645 5346.0 1790.9999999998836
646 5346.0 1670.9999999998836
647 5376.0 1670.9999999998836
648 5383.071067811834 1668.0710678118048
649 5385.999999999989 1661.0
650 5385.999999999989 1620.9999999998836
651 5383.071067811859 1613.9289321880206
652 5376.0 1610.9999999998836
653 5346.0 1610.9999999998836
654 5346.0 1490.9999999998836
655 5506.0 1490.9998779296002
656 5506.0 1610.9998779296002
657 5476.0 1610.9999999998836
658 5468.928932188133 1613.9289321880206
659 5466.0 1620.9999999998836
660 5466.0 1661.0
661 5468.928932188159 1668.0710678118048
662 5476.0 1670.9999999998836
663 5506.0 1670.9998779296002
664 5423.0 1471.9999999998836
665 5303.0 1471.9999999998836
666 5303.0 1441.9999999998836
667 5300.071067811867 1434.9289321880206
668 5293.0 1431.9999999998836
669 5253.0 1431.9999999998836
670 5245.928932188133 1434.9289321880206
671 5243.0 1441.9999999998836
672 5243.0 1471.9999999998836
673 5123.0 1471.9999999998836
674 5123.0 1311.9999999998836
675 5243.0 1311.9999999998836
676 5243.0 1342.0
677 5245.928932188159 1349.0710678118048
678 5253.0 1351.9999999998836
679 5293.0 1351.9999999998836
680 5300.071067811841 1349.0710678118048
681 5303.0 1342.0
682 5303.0 1311.9999999998836
683 5423.0 1311.9999999998836
684 5509.3974609375 1251.9999999998836
685 5422.794921875 1301.9999999998836
686 5002.2359375000015 1301.9999999998836
687 4581.676953124999 1301.9999999998836
688 4161.117968750001 1301.9999999998836
689 3740.5589843749985 1301.9999999998836
690 3320.0 1301.9999999998836
691 3233.3974609375 1251.9999999998836
692 3233.3974609375 1201.9999999998836
693 3320.0 1151.9999999998836
694 3740.5589843749985 1151.9999999998836
695 4161.117968750001 1151.9999999998836
696 4581.676953124999 1151.9999999998836
697 5002.2359375000015 1151.9999999998836
698 5422.794921875 1151.9999999998836
699 5509.3974609375 1201.9999999998836
700 5509.6025390625 1090.9999999998836
701 5423.0 1140.9999999998836
702 5002.441015624998 1141.0001708983327
703 4581.882031249996 1141.0003417967819
704 4161.323046874993 1141.000512695202
705 3740.7640624999913 1141.000683593651
706 3320.205078124989 1141.0008544921002
707 3233.6025390625 1091.0008544921002
708 3233.6025390625 1041.0008544921002
709 3320.205078124989 991.0007934570021
710 3740.7640624999913 991.0006347655726
711 4161.323046874993 991.0004760741431
712 4581.882031249996 991.0003173827427
713 5002.441015624998 991.0001586913131
714 5423.0 990.9999999998836
715 5509.6025390625 1040.9999999998836
716 5529.5556640625 982.3402709959773
717 5146.0771484375 977.0288899738516
718 4762.5986328125 971.7175089517259
719 4379.1201171875 966.4061279296002
720 4061.0 961.9999999998836
721 4061.0 960.86328125
722 4061.0 700.7675781248836
723 4053.6783620890747 683.0798551397747
724 4035.9912109375 675.7568359373836
725 3978.9697265625 675.756896972598
726 3961.2819439770647 683.0795706634817
727 3953.9599609375 700.767639160098
728 3960.589349564183 717.7312326704559
729 3976.96875 725.695373535098
730 3976.96875 945.858459472598
731 3962.1953125 960.630920410098
732 3605.4453124999964 955.6906127929105
733 3248.695312499989 950.7503051756939
734 3233.6904296875 935.5364379881939
735 3233.6901855468677 500.32943725580117
736 3617.5782877604106 505.6463419595675
737 4001.466389973957 510.96324666333385
738 4385.3544921875 516.2801513671002
739 4783.426106770832 521.7933349608211
740 5181.497721354168 527.3065185545711
741 5579.5693359375 532.819702148292
742 5579.5693359375 933.014038085792
743 5554.756422973078 939.5948824617954
744 5536.479275870108 957.6208097959752
745 5564.3046875 459.7499999998836
746 5207.5546875 464.6904296873836
747 4850.8046875 469.6308593748836
748 4836.03125 454.8583984373836
749 4836.03125 234.6953125
750 4852.410650435839 226.7311716352997
751 4859.0400390625 209.76757812488358
752 4851.718056022935 192.07950962826726
753 4834.0302734375 184.75683593738358
754 4777.0087890625 184.75683593738358
755 4759.321637910925 192.07985513977474
756 4752.0 209.76757812488358
757 4752.0 469.8632812498836
758 4752.0 471.0
759 4433.8798828125 475.40625
760 4050.4013671875 480.7177734374709
761 3666.9228515625 486.0292968749127
762 3283.4443359375 491.3408203123836
763 3276.520704146362 466.6213848560874
764 3258.2435597044678 448.59548245128826
765 3233.4306640625 442.0146484373836
766 3233.4306640625 41.820312499883585
767 3631.502278645832 36.30696614572662
768 4029.573893229168 30.79361979154055
769 4427.6455078125 25.280273437383585
770 4811.533528645832 19.96321614572662
771 5195.421549479168 14.64615885404055
772 5579.3095703125 9.329101562383585
773 5579.3095703125 444.5361328123836
GTSP_SET_SECTION
1 1 -1
2 2 3 4 5 6 7 8 9 10 11 12 13 14 15 16 17 18 19 20 21 -1
3 22 23 24 25 26 27 28 29 30 31 32 33 34 35 36 37 38 39 40 41 -1
4 42 43 44 45 46 47 48 49 50 51 52 53 54 55 56 57 58 59 60 61 -1
5 62 63 64 65 66 67 68 69 70 71 72 73 74 75 76 77 78 79 80 81 82 83 -1
6 84 85 86 87 88 89 90 91 92 93 94 95 96 97 98 99 100 101 102 103 104 105 106 107 108 109 110 111 112 113 114 115 116 117 118 119 120 121 122 123 124 125 126 127 128 129 -1
7 130 131 132 133 134 135 136 137 138 139 140 141 -1
8 142 143 144 145 146 147 148 149 150 151 -1
9 152 153 154 155 156 157 158 159 160 161 -1
10 162 163 164 165 166 167 168 169 170 171 172 173 174 175 176 177 178 179 180 181 -1
11 182 183 184 185 186 187 188 189 190 191 192 193 194 195 196 197 198 199 200 201 202 203 204 205 206 207 208 209 210 211 212 213 214 215 216 217 218 219 220 221 222 223 -1
12 224 225 226 227 228 229 230 231 232 233 234 235 236 237 238 239 240 241 242 243 -1
13 244 245 246 247 248 249 250 251 252 253 254 255 256 257 258 259 260 261 262 263 264 265 266 267 268 269 270 271 272 273 274 275 276 277 278 279 280 281 282 283 284 285 -1
14 286 287 288 289 290 291 292 293 294 295 296 297 298 299 300 301 302 303 304 305 -1
15 306 307 308 309 310 311 312 313 314 315 316 317 318 319 320 321 322 323 324 325 -1
16 326 327 328 329 330 331 332 333 334 335 336 337 338 339 340 341 342 343 344 345 -1
17 346 347 348 349 350 351 352 353 354 355 356 357 358 359 360 361 362 363 364 365 366 367 -1
18 368 369 370 371 372 373 374 375 376 377 378 379 380 381 382 383 384 385 386 387 388 389 390 391 392 393 394 395 396 397 398 399 400 401 402 403 404 405 406 407 408 409 410 411 412 413 -1
19 414 415 416 417 418 419 420 421 422 423 424 425 -1
20 426 427 428 429 430 431 432 433 434 435 436 437 -1
21 438 439 440 441 442 443 444 445 446 447 448 449 450 451 452 453 454 455 456 457 -1
22 458 459 460 461 462 463 464 465 466 467 468 469 470 471 472 473 474 475 476 477 478 479 480 481 482 483 484 485 486 487 488 489 490 491 492 493 494 495 496 497 498 499 -1
23 500 501 502 503 504 505 506 507 508 509 510 511 512 513 514 515 516 517 518 519 -1
24 520 521 522 523 524 525 526 527 528 529 530 531 532 533 534 535 536 537 538 539 540 541 542 543 544 545 546 547 548 549 550 551 552 553 554 555 556 557 558 559 560 561 -1
25 562 563 564 565 566 567 568 569 570 571 572 -1
26 573 574 575 576 577 578 579 580 581 582 583 -1
27 584 585 586 587 588 589 590 591 592 593 -1
28 594 595 596 597 598 599 600 601 602 603 604 605 606 607 608 609 610 611 612 613 -1
29 614 615 616 617 618 619 620 621 622 623 -1
30 624 625 626 627 628 629 630 631 632 633 634 635 636 637 638 639 640 641 642 643 -1
31 644 645 646 647 648 649 650 651 652 653 654 655 656 657 658 659 660 661 662 663 -1
32 664 665 666 667 668 669 670 671 672 673 674 675 676 677 678 679 680 681 682 683 -1
33 684 685 686 687 688 689 690 691 692 693 694 695 696 697 698 699 -1
34 700 701 702 703 704 705 706 707 708 709 710 711 712 713 714 715 -1
35 716 717 718 719 720 721 722 723 724 725 726 727 728 729 730 731 732 733 734 735 736 737 738 739 740 741 742 743 744 -1
36 745 746 747 748 749 750 751 752 753 754 755 756 757 758 759 760 761 762 763 764 765 766 767 768 769 770 771 772 773 -1
GTSP_SET_ORDERING
3 6 5 -1
4 6 5 -1
6 5 -1
7 5 -1
15 18 17 -1
16 18 17 -1
18 17 -1
19 17 -1
20 17 -1
EOF