NAME: Mc35v841
TYPE: PCGTSP 
COMMENT: 
DIMENSION: 842
GTSP_SETS: 36
EDGE_WEIGHT_TYPE: EUC_2D
NODE_COORD_SECTION
1 0.0 0.0
2 2209.3203125 2591.999267578416
3 1774.0562500000015 2591.999414062826
4 1338.7921874999993 2591.999560547236
5 903.5281250000007 2591.9997070315876
6 468.26406249999854 2591.9998535159975
7 33.0 2592.0000000004075
8 30.069686834231106 2584.9236414113548
9 22.992183685299096 2581.996093750291
10 12.992183685299096 2581.996093750291
11 12.992017269130884 2154.8359387718374
12 12.99185085296267 1727.6757837933837
13 12.991684436794458 1300.5156288149883
14 12.991518020626245 873.3554738365347
15 12.991351604458032 446.195318858081
16 12.991185188289819 19.035163879627362
17 22.991186141967773 19.03516006510472
18 30.068684473852045 16.10760768019827
19 32.99899291991824 9.03125000023283
20 468.26306152343386 9.031080436951015
21 903.5271301269495 9.030910873610992
22 1338.7911987304688 9.030741310329176
23 1774.0552673339844 9.030571746989153
24 2209.3193359375 9.030402183707338
25 2209.319498697918 439.52521308284486
26 2209.319661458332 870.0200239819242
27 2209.31982421875 1300.5148348810617
28 2209.319986979168 1731.0096457801992
29 2209.320149739582 2161.5044566792785
30 4415.0078125 2599.996093750291
31 4405.0078125 2599.996093750291
32 4397.930311817894 2602.9236427615397
33 4394.999999999989 2610.0000000001164
34 3959.7359374999905 2610.0000000001164
35 3524.471874999992 2610.0000000001164
36 3089.207812499997 2610.0000000001164
37 2653.9437499999985 2610.0000000001164
38 2218.6796875 2610.0000000001164
39 2218.6796875 2179.5052083334303
40 2218.6796875 1749.0104166668025
41 2218.6796875 1318.5156250001164
42 2218.6796875 888.0208333334303
43 2218.6796875 457.5260416668025
44 2218.6796875 27.031250000116415
45 2653.9437499999985 27.031250000116415
46 3089.207812499997 27.031250000116415
47 3524.471874999992 27.031250000116415
48 3959.7359374999905 27.031250000116415
49 4394.999999999989 27.031250000116415
50 4397.930311817869 34.10760723880958
51 4405.0078125 37.035156250116415
52 4415.0078125 37.035156250116415
53 4415.0078125 464.1953125001746
54 4415.0078125 891.3554687501746
55 4415.0078125 1318.5156250001746
56 4415.0078125 1745.6757812502328
57 4415.0078125 2172.835937500291
58 7389.612304687496 2610.9235839844914
59 6896.010416666661 2610.923787434993
60 6402.408528645832 2610.9239908855525
61 5908.806640624996 2610.924194336054
62 5415.204752604164 2610.9243977865553
63 4921.602864583332 2610.924601237115
64 4428.0009765625 2610.9248046876164
65 4428.000781250001 2117.3398437501746
66 4428.0005859375015 1623.7548828126746
67 4428.0003906249985 1130.1699218752328
68 4428.000195312499 636.5849609377328
69 4428.0 143.00000000029104
70 4443.005859375 127.9941329958383
71 4925.93701171875 127.9939460757887
72 5408.8681640625 127.9937591557391
73 5904.053955078121 127.99356651346898
74 6399.239746093746 127.99337387114065
75 6894.425537109371 127.99318122881232
76 7389.611328124996 127.9929885865422
77 7389.611523437499 624.5791076661553
78 7389.611718749995 1121.1652267457102
79 7389.611914062498 1617.7513458253234
80 7389.612109374993 2114.3374649048783
81 7552.999999999996 1619.0000000004075
82 7402.999999999996 1619.0000000004075
83 7402.999999999996 1249.0000000002328
84 7424.213210139347 1240.2132101397146
85 7432.999999999996 1219.0000000004075
86 7424.213210139442 1197.7867898608674
87 7402.999999999996 1189.0000000001164
88 7402.999999999996 819.0000000002328
89 7552.999999999996 819.0000000002328
90 7552.999999999996 1189.0000000001164
91 7531.786789860551 1197.7867898608674
92 7522.999999999996 1219.0000000004075
93 7531.7867898606455 1240.2132101397146
94 7552.999999999996 1249.0000000002328
95 7552.999999999996 809.0000000002328
96 7402.999999999996 809.0000000002328
97 7402.999999999996 439.00003051769454
98 7424.21321013934 430.21324065717636
99 7432.999999999996 409.00003051792737
100 7424.213210139391 387.78682037856197
101 7402.999999999996 379.00003051792737
102 7402.999999999996 9.000029564194847
103 7552.999999999996 9.000000000407454
104 7552.999999999996 379.00000000040745
105 7531.786789860631 387.78678986092564
106 7522.999999999996 409.00000000023283
107 7531.786789860602 430.21321013959823
108 7552.999999999996 439.00000000023283
109 7712.999999999996 809.0000000002328
110 7562.999999999996 809.0000000002328
111 7562.999999999996 439.00003051769454
112 7584.21321013934 430.21324065717636
113 7592.999999999996 409.00003051792737
114 7584.213210139391 387.78682037856197
115 7562.999999999996 379.00003051792737
116 7562.999999999996 9.000029564194847
117 7712.999999999996 9.000000000407454
118 7712.999999999996 379.00000000040745
119 7691.786789860631 387.78678986092564
120 7682.999999999996 409.00000000023283
121 7691.786789860602 430.21321013959823
122 7712.999999999996 439.00000000023283
123 7712.999999999996 1619.0000000004075
124 7562.999999999996 1619.0000000004075
125 7562.999999999996 1249.0000000002328
126 7584.213210139347 1240.2132101397146
127 7592.999999999996 1219.0000000004075
128 7584.213210139442 1197.7867898608674
129 7562.999999999996 1189.0000000001164
130 7562.999999999996 819.0000000002328
131 7712.999999999996 819.0000000002328
132 7712.999999999996 1189.0000000001164
133 7691.786789860551 1197.7867898608674
134 7682.999999999996 1219.0000000004075
135 7691.7867898606455 1240.2132101397146
136 7712.999999999996 1249.0000000002328
137 7702.999999999996 1790.000000000291
138 7582.999999999996 1790.000000000291
139 7582.999999999996 1760.0000000004075
140 7580.071067811859 1752.9289321885444
141 7572.999999999996 1750.0000000004075
142 7532.999999999996 1750.0000000004075
143 7525.928932188133 1752.9289321885444
144 7522.999999999996 1760.0000000004075
145 7522.999999999996 1790.000000000291
146 7402.999999999996 1790.000000000291
147 7402.999999999996 1630.0000000001164
148 7522.999999999996 1630.0000000001164
149 7522.999999999996 1660.0000000004075
150 7525.928932188155 1667.0710678122123
151 7532.999999999996 1670.000000000291
152 7572.999999999996 1670.000000000291
153 7580.071067811838 1667.0710678122123
154 7582.999999999996 1660.0000000004075
155 7582.999999999996 1630.0000000001164
156 7702.999999999996 1630.0000000001164
157 7562.999999999996 2100.0
158 7402.999999999996 2100.0
159 7402.999999999996 1980.0000000002328
160 7432.999999999996 1980.0000000002328
161 7440.071067811816 1977.071067812154
162 7442.999999999996 1970.0000000004075
163 7442.999999999996 1930.000000000291
164 7440.071067811838 1922.9289321884862
165 7432.999999999996 1920.0000000004075
166 7402.999999999996 1920.0000000004075
167 7402.999999999996 1800.000000000291
168 7562.999999999996 1800.000000000291
169 7562.999999999996 1920.0000000004075
170 7532.999999999996 1920.0000000004075
171 7525.928932188155 1922.9289321884862
172 7522.999999999996 1930.000000000291
173 7522.999999999996 1970.0000000004075
174 7525.928932188177 1977.071067812154
175 7532.999999999996 1980.0000000002328
176 7562.999999999996 1980.0000000002328
177 7882.999999999996 1450.0000000004075
178 7722.999999999996 1450.0000000004075
179 7722.999999999996 1330.0
180 7752.999999999996 1330.0
181 7760.0710678118085 1327.0710678120377
182 7762.999999999996 1320.000000000291
183 7762.999999999996 1280.0000000001164
184 7760.071067811794 1272.928932188428
185 7752.999999999996 1270.0000000004075
186 7722.999999999996 1270.0000000004075
187 7722.999999999996 1150.0000000004075
188 7882.999999999996 1150.0000000004075
189 7882.999999999996 1270.0000000004075
190 7852.999999999989 1270.0000000004075
191 7845.928932188199 1272.928932188428
192 7842.999999999996 1280.0000000001164
193 7842.999999999996 1320.000000000291
194 7845.928932188177 1327.0710678120377
195 7852.999999999989 1330.0
196 7882.999999999996 1330.0
197 8022.999999999996 1140.0000000001164
198 7902.999999999996 1140.0000000001164
199 7902.999999999996 1110.000000000291
200 7900.071067811838 1102.9289321884862
201 7892.999999999996 1100.0000000004075
202 7852.999999999989 1100.0000000004075
203 7845.928932188148 1102.9289321884862
204 7842.999999999996 1110.000000000291
205 7842.999999999996 1140.0000000001164
206 7722.999999999996 1140.0000000001164
207 7722.999999999996 980.0000000004075
208 7842.999999999996 980.0000000004075
209 7842.999999999996 1010.0000000004075
210 7845.928932188148 1017.0710678122123
211 7852.999999999989 1020.000000000291
212 7892.999999999996 1020.000000000291
213 7900.071067811838 1017.0710678122123
214 7902.999999999996 1010.0000000004075
215 7902.999999999996 980.0000000004075
216 8022.999999999996 980.0000000004075
217 7872.999999999996 969.000000000291
218 7722.999999999996 969.000000000291
219 7722.999999999996 599.000000000291
220 7744.213210139369 590.2132101397146
221 7752.999999999996 569.0000000004075
222 7744.213210139391 547.786789861042
223 7722.999999999996 539.0000000004075
224 7722.999999999996 169.0000305180438
225 7872.999999999996 169.00000000040745
226 7872.999999999996 539.0000000004075
227 7851.786789860602 547.786789861042
228 7842.999999999996 569.0000000004075
229 7851.786789860624 590.2132101397146
230 7872.999999999996 599.000000000291
231 8032.999999999996 969.000000000291
232 7882.999999999996 969.000000000291
233 7882.999999999996 599.000000000291
234 7904.213210139369 590.2132101397146
235 7912.999999999996 569.0000000004075
236 7904.213210139391 547.786789861042
237 7882.999999999996 539.0000000004075
238 7882.999999999996 169.0000305180438
239 8032.999999999996 169.00000000040745
240 8032.999999999996 539.0000000004075
241 8011.786789860602 547.786789861042
242 8002.999999999996 569.0000000004075
243 8011.786789860624 590.2132101397146
244 8032.999999999996 599.000000000291
245 8202.999999999996 810.0000000002328
246 8042.999999999996 810.0000610353309
247 8042.999999999996 690.0000610353309
248 8072.999999999996 690.000000000291
249 8080.071067811932 687.0710678120377
250 8082.999999999996 680.0
251 8082.999999999996 640.0000000004075
252 8080.071067811954 632.9289321883116
253 8072.999999999996 630.0
254 8042.999999999996 630.0000610355055
255 8042.999999999996 510.00003051769454
256 8202.999999999996 510.0000000001164
257 8202.999999999996 630.0
258 8172.999999999996 630.0
259 8165.928932188039 632.9289321883116
260 8162.999999999996 640.0000000004075
261 8162.999999999996 680.0
262 8165.928932188061 687.0710678120377
263 8172.999999999996 690.000000000291
264 8202.999999999996 690.000000000291
265 8342.999999999996 500.00000000029104
266 8222.999999999996 500.00000000029104
267 8222.999999999996 470.00000000029104
268 8220.07106781186 462.928932188428
269 8212.999999999996 460.00000000029104
270 8172.999999999996 460.00000000029104
271 8165.928932188133 462.928932188428
272 8162.999999999996 470.00000000029104
273 8162.999999999996 500.00000000029104
274 8042.999999999996 500.00000000029104
275 8042.999999999996 340.00000000029104
276 8162.999999999996 340.00000000029104
277 8162.999999999996 370.0000000001164
278 8165.928932188061 377.07106781215407
279 8172.999999999996 380.00000000040745
280 8212.999999999996 380.00000000040745
281 8220.071067811932 377.07106781215407
282 8222.999999999996 370.0000000001164
283 8222.999999999996 340.00000000029104
284 8342.999999999996 340.00000000029104
285 8342.999999999996 330.00000000040745
286 8222.999999999996 330.00000000040745
287 8222.999999999996 300.00000000023283
288 8220.071067811838 292.928932188428
289 8212.999999999996 290.00000000040745
290 8172.999999999996 290.00000000040745
291 8165.928932188155 292.928932188428
292 8162.999999999996 300.00000000023283
293 8162.999999999996 330.00000000040745
294 8042.999999999996 330.00000000040745
295 8042.999999999996 170.00000000040745
296 8162.999999999996 170.00000000040745
297 8162.999999999996 200.00000000023283
298 8165.928932188104 207.07106781215407
299 8172.999999999996 210.00000000040745
300 8212.999999999996 210.00000000040745
301 8220.071067811888 207.07106781215407
302 8222.999999999996 200.00000000023283
303 8222.999999999996 170.00000000040745
304 8342.999999999996 170.00000000040745
305 8522.999999999996 160.00000000023283
306 8152.999999999996 160.00000000023283
307 8144.213210139369 138.78678986086743
308 8122.999999999996 130.00000000029104
309 8101.786789860624 138.78678986086743
310 8092.999999999996 160.00000000023283
311 7722.999999999996 160.00000000023283
312 7722.999999999996 10.000000000291038
313 8092.999999999996 10.000000000291038
314 8101.786789860602 31.21321013965644
315 8122.999999999996 40.00000000029104
316 8144.213210139391 31.21321013965644
317 8152.999999999996 10.000000000291038
318 8522.999999999996 10.000000000291038
319 11139.999999999996 1787.0000000004075
320 10989.999999999996 1787.0000000004075
321 10989.999999999996 1417.0000000004075
322 11011.213210139413 1408.2132101397146
323 11019.999999999996 1387.000000000291
324 11011.213210139435 1365.7867898608092
325 10989.999999999996 1357.0000000001164
326 10989.999999999996 987.0000000002328
327 11139.999999999996 987.0000000002328
328 11139.999999999996 1357.0000000001164
329 11118.786789860551 1365.7867898608092
330 11109.999999999989 1387.000000000291
331 11118.786789860573 1408.2132101397729
332 11139.999999999996 1417.0000000004075
333 11307.999999999996 1467.0000000002328
334 11157.999999999996 1467.0000000002328
335 11157.999999999996 1097.0000000001164
336 11179.21321013934 1088.2132101396564
337 11187.999999999996 1067.0000000004075
338 11179.21321013939 1045.786789861042
339 11157.999999999996 1037.0000000004075
340 11157.999999999996 667.000000000291
341 11307.999999999996 667.000000000291
342 11307.999999999996 1037.0000000004075
343 11286.78678986061 1045.786789861042
344 11278.000000000011 1067.0000000004075
345 11286.78678986066 1088.2132101396564
346 11307.999999999996 1097.0000000001164
347 10979.999999999996 1137.0000000004075
348 10609.999999999996 1137.0000000004075
349 10601.21321013939 1115.786789861042
350 10579.999999999996 1107.0000000004075
351 10558.786789860595 1115.7867898609838
352 10549.999999999989 1137.0000000004075
353 10179.999999999996 1137.0000000004075
354 10179.999999999996 987.0000000002328
355 10549.999999999989 987.0000000002328
356 10558.786789860565 1008.2132101397146
357 10579.999999999996 1017.0000000004075
358 10601.21321013942 1008.2132101397146
359 10609.999999999996 987.0000000002328
360 10979.999999999996 987.0000000002328
361 11014.999999999996 977.0000000002328
362 10644.999999999996 977.0000000002328
363 10636.213210139362 955.7867898609256
364 10614.999999999996 947.0000000004075
365 10593.786789860631 955.7867898609256
366 10584.999999999996 977.0000000002328
367 10214.999999999996 977.0000000002328
368 10214.999999999996 827.0000000004075
369 10584.999999999996 827.0000000004075
370 10593.786789860602 848.2132101397729
371 10614.999999999996 857.0000000004075
372 10636.21321013939 848.2132101397729
373 10644.999999999996 827.0000000004075
374 11014.999999999996 827.0000000004075
375 11147.999999999996 817.0000000002328
376 10777.999999999996 817.0000000002328
377 10769.213210139369 795.7867898608674
378 10747.999999999996 787.000000000291
379 10726.786789860616 795.7867898608674
380 10717.999999999989 817.0000000002328
381 10347.999999999996 817.0000000002328
382 10347.999999999996 667.000000000291
383 10717.999999999989 667.000000000291
384 10726.786789860595 688.2132101397146
385 10747.999999999996 697.000000000291
386 10769.21321013939 688.2132101396564
387 10777.999999999996 667.000000000291
388 11147.999999999996 667.000000000291
389 11280.999999999996 657.0000000002328
390 10910.999999999996 657.0000000002328
391 10902.21321013939 635.7867898608674
392 10880.999999999996 627.0000000002328
393 10859.786789860602 635.7867898608674
394 10850.999999999996 657.0000000002328
395 10480.999999999996 657.0000000002328
396 10480.999999999996 507.00000000029104
397 10850.999999999996 507.00000000029104
398 10859.786789860602 528.2132101396564
399 10880.999999999996 537.0000000002328
400 10902.21321013939 528.2132101396564
401 10910.999999999996 507.00000000029104
402 11280.999999999996 507.00000000029104
403 11233.999999999996 497.00000000040745
404 11113.999999999996 497.00000000040745
405 11113.999999999996 467.00000000023283
406 11111.071067811838 459.928932188428
407 11103.999999999996 457.00000000040745
408 11063.999999999996 457.00000000040745
409 11056.928932188155 459.928932188428
410 11053.999999999996 467.00000000023283
411 11053.999999999996 497.00000000040745
412 10933.999999999996 497.00000000040745
413 10933.999999999996 337.00000000040745
414 11053.999999999996 337.00000000040745
415 11053.999999999996 367.00000000040745
416 11056.928932188177 374.07106781215407
417 11063.999999999996 377.00000000023283
418 11103.999999999996 377.00000000023283
419 11111.071067811816 374.07106781215407
420 11113.999999999996 367.00000000040745
421 11113.999999999996 337.00000000040745
422 11233.999999999996 337.00000000040745
423 10923.999999999996 497.00000000040745
424 10803.999999999996 497.00000000040745
425 10803.999999999996 467.00000000023283
426 10801.071067811838 459.928932188428
427 10793.999999999996 457.00000000040745
428 10753.999999999996 457.00000000040745
429 10746.928932188155 459.928932188428
430 10743.999999999996 467.00000000023283
431 10743.999999999996 497.00000000040745
432 10623.999999999996 497.00000000040745
433 10623.999999999996 337.00000000040745
434 10743.999999999996 337.00000000040745
435 10743.999999999996 367.00000000040745
436 10746.928932188177 374.07106781215407
437 10753.999999999996 377.00000000023283
438 10793.999999999996 377.00000000023283
439 10801.071067811816 374.07106781215407
440 10803.999999999996 367.00000000040745
441 10803.999999999996 337.00000000040745
442 10923.999999999996 337.00000000040745
443 10006.999999999996 1626.0000000004075
444 9846.999999999996 1626.0000000004075
445 9846.999999999996 1506.0000000004075
446 9876.999999999996 1506.0000000004075
447 9884.071067811932 1503.071067812154
448 9886.999999999996 1496.0000000001164
449 9886.999999999996 1456.0000000004075
450 9884.07106781191 1448.928932188428
451 9876.999999999996 1446.0000000002328
452 9846.999999999996 1446.0000000002328
453 9846.999999999996 1326.0000000004075
454 10006.999999999996 1326.0000000004075
455 10006.999999999996 1446.0000000002328
456 9976.999999999996 1446.0000000002328
457 9969.928932188097 1448.928932188428
458 9967.000000000011 1456.0000000004075
459 9967.000000000011 1496.0000000001164
460 9969.928932188068 1503.071067812154
461 9976.999999999996 1506.0000000004075
462 10006.999999999996 1506.0000000004075
463 10169.999999999996 1869.0000000004075
464 10019.999999999996 1869.0000000004075
465 10019.999999999996 1499.0000000004075
466 10041.213210139464 1490.2132101396564
467 10049.999999999996 1469.0000000001164
468 10041.213210139369 1447.7867898608092
469 10019.999999999996 1439.0000000002328
470 10019.999999999996 1069.0000000001164
471 10169.999999999996 1069.0000000001164
472 10169.999999999996 1439.0000000002328
473 10148.786789860624 1447.7867898608092
474 10139.999999999996 1469.0000000001164
475 10148.78678986053 1490.2132101396564
476 10169.999999999996 1499.0000000004075
477 10329.999999999996 1947.0000000004075
478 10179.999999999996 1947.0000000004075
479 10179.999999999996 1577.000000000291
480 10201.21321013942 1568.2132101395982
481 10209.999999999996 1547.0000000001164
482 10201.21321013939 1525.786789860751
483 10179.999999999996 1517.0000000001164
484 10179.999999999996 1147.0000000002328
485 10329.999999999996 1147.0000000002328
486 10329.999999999996 1517.0000000001164
487 10308.786789860602 1525.786789860751
488 10299.999999999996 1547.0000000001164
489 10308.786789860573 1568.2132101395982
490 10329.999999999996 1577.000000000291
491 10489.999999999996 1966.0000000001164
492 10339.999999999989 1966.0000000001164
493 10339.999999999989 1596.000000000291
494 10361.213210139413 1587.2132101395982
495 10369.999999999996 1566.0000000001164
496 10361.213210139318 1544.7867898608674
497 10339.999999999989 1536.0000000004075
498 10339.999999999989 1166.000000000291
499 10489.999999999996 1166.000000000291
500 10489.999999999996 1536.0000000004075
501 10468.786789860675 1544.7867898608674
502 10459.999999999996 1566.0000000001164
503 10468.786789860573 1587.2132101395982
504 10489.999999999996 1596.000000000291
505 10649.999999999996 1966.0000000001164
506 10499.999999999996 1966.0000000001164
507 10499.999999999996 1596.000000000291
508 10521.21321013942 1587.2132101395982
509 10529.999999999996 1566.0000000001164
510 10521.213210139318 1544.7867898608674
511 10499.999999999996 1536.0000000004075
512 10499.999999999996 1166.000000000291
513 10649.999999999996 1166.000000000291
514 10649.999999999996 1536.0000000004075
515 10628.786789860667 1544.7867898608674
516 10619.999999999989 1566.0000000001164
517 10628.786789860565 1587.2132101395982
518 10649.999999999996 1596.000000000291
519 10969.999999999989 1960.0
520 10819.999999999996 1960.0
521 10819.999999999996 1590.0000000004075
522 10841.21321013942 1581.2132101397146
523 10849.999999999996 1560.0000000002328
524 10841.213210139369 1538.7867898608674
525 10819.999999999996 1530.000000000291
526 10819.999999999996 1160.0000000002328
527 10969.999999999989 1160.0000000002328
528 10969.999999999989 1530.000000000291
529 10948.786789860616 1538.7867898608674
530 10939.999999999996 1560.0000000002328
531 10948.786789860573 1581.2132101397146
532 10969.999999999989 1590.0000000004075
533 10809.999999999996 1966.0000000001164
534 10659.999999999996 1966.0000000001164
535 10659.999999999996 1596.000000000291
536 10681.213210139413 1587.2132101395982
537 10689.999999999989 1566.0000000001164
538 10681.21321013931 1544.7867898608674
539 10659.999999999996 1536.0000000004075
540 10659.999999999996 1166.000000000291
541 10809.999999999996 1166.000000000291
542 10809.999999999996 1536.0000000004075
543 10788.786789860675 1544.7867898608674
544 10779.999999999996 1566.0000000001164
545 10788.786789860573 1587.2132101395982
546 10809.999999999996 1596.000000000291
547 11973.284179687496 2545.9812011722242
548 11948.270979018522 2552.67683484836
549 11929.961258676147 2570.986555190757
550 11923.265624999996 2595.9997558597242
551 11569.132812499989 2595.9998779299203
552 11214.999999999989 2596.0000000001164
553 11214.999999999989 2395.9248046879075
554 11207.677325933018 2378.2379990522168
555 11189.990234374996 2370.916015625291
556 11142.972656249996 2370.916015625291
557 11125.285564691967 2378.2379990522168
558 11117.962890624996 2395.9248046879075
559 11124.591616502828 2412.8896339104394
560 11140.971679687496 2420.854492187791
561 11140.971679687496 2580.9951171876164
562 11125.965820312496 2596.0000000001164
563 10799.343749999996 2596.000122070487
564 10472.721679687496 2596.0002441407996
565 10384.688476562496 2596.0002441407996
566 10384.688476562496 2395.9250488282414
567 10377.365802495431 2378.2382431927836
568 10359.678710937496 2370.9162597660325
569 10312.661132812496 2370.9162597660325
570 10294.974672674918 2378.2385886907578
571 10287.652343749996 2395.9250488282414
572 10294.280710924035 2412.8895674697123
573 10310.660156249996 2420.8547363282996
574 10310.660156249996 2580.995361328416
575 10295.655273437496 2596.0002441407996
576 9924.515950520832 2596.000406901294
577 9553.37662760416 2596.00056966173
578 9182.237304687496 2596.0007324222242
579 8744.709716796871 2596.000915527635
580 8307.182128906246 2596.0010986331035
581 7869.654541015621 2596.001281738514
582 7432.126953124996 2596.0014648439246
583 7424.26665834634 2569.0779132542084
584 7403.146484374996 2550.622558594041
585 7510.110351562496 2319.8979492189246
586 7522.275109904909 2293.63422192086
587 7534.4433205585265 2267.372093930084
588 7546.61498331308 2241.1115657003247
589 7558.7900979582955 2214.852637685486
590 7570.968664283693 2188.5953103392385
591 7583.15068207894 2162.3395841152524
592 7595.336151133499 2136.0854594671982
593 7607.525071236803 2109.832936848805
594 7619.717442178258 2083.582016713626
595 7631.913263747123 2057.332699515391
596 7644.112535732715 2031.0849857075955
597 7656.315257924205 2004.8388757439097
598 7668.521430110737 1978.5943700776552
599 7680.7310520814535 1952.351469162386
600 7692.944123625293 1926.110173451656
601 7705.160644531246 1899.870483398845
602 7712.8093821832845 1900.2015165910125
603 7718.450683593746 1895.0257568361121
604 7726.897949218746 1876.8890380861121
605 7742.310707907356 1861.6210202579387
606 7748.020597491526 1840.6910737761646
607 7742.496582031246 1819.7113037109957
608 7750.966522336286 1801.5421120151295
609 7759.440480807785 1783.374794010655
610 7767.918457031246 1765.2093505862285
611 7794.942055324715 1766.3218094793265
612 7814.689941406246 1747.8411865237285
613 7982.621582031246 1823.2961425785325
614 7983.179456849666 1841.5151967527345
615 7995.958496093746 1854.512939453416
616 8014.918053030891 1855.1474577853223
617 8028.864746093746 1842.2883300785907
618 8051.803222656246 1793.2111816410325
619 8052.594903183392 1773.9120092568337
620 8039.396972656246 1759.8088378910907
621 7817.146972656246 1659.9476318364032
622 7829.434642533135 1633.7284120908007
623 7841.730687691339 1607.5131190629327
624 7854.035106875966 1581.3017554280814
625 7866.347898831347 1555.0943238611799
626 7878.669062300909 1528.8908270367538
627 7890.99859602725 1502.6912676289794
628 7903.336498752124 1476.4956483115093
629 7915.682769216368 1450.3039717578213
630 7928.037406160049 1424.116240640753
631 7940.400408322344 1397.9324576328509
632 7952.771774441575 1371.7526254061959
633 7965.151503255216 1345.5767466325779
634 7977.539593499856 1319.4048239832628
635 7989.936043911253 1293.2368601292255
636 8002.340853224367 1267.072857740859
637 8014.754020173223 1240.9128194883815
638 8027.175543491019 1214.7567480414873
639 8039.605421910124 1188.6046460694051
640 8052.043654161989 1162.4565162411309
641 8064.490238977338 1136.3123612250201
642 8076.945175085904 1110.1721836891957
643 8089.408461216652 1084.035986301431
644 8101.8800960976405 1057.9037717288593
645 8114.360078456146 1031.775542638381
646 8126.848407018526 1005.6513016965473
647 8139.345080510324 979.5310515693272
648 8151.850097656246 953.4147949223407
649 8161.267562144774 933.8032983071171
650 8170.696777343746 914.1974487307016
651 8196.438962872777 919.0297443678137
652 8221.09222624054 910.1850961410673
653 8237.891601562496 890.0905151370098
654 8410.605468749996 969.6866455081035
655 8410.990408105488 987.9133120684419
656 8423.649414062496 1001.03234863322
657 8442.565073246133 1001.8624186959933
658 8456.637695312496 989.1954345704289
659 8481.528320312496 937.6655883791391
660 8482.553407382857 918.340207517962
661 8469.477539062496 904.07336425822
662 8229.148437499996 793.3185424807016
663 8242.234935033604 766.4113880324294
664 8255.343604374099 739.5150283099501
665 8268.474436617184 712.629481583077
666 8281.627422843532 685.7547661142889
667 8294.802554118742 658.8909001586726
668 8307.999821493377 632.0379019640386
669 8321.219216002963 605.1957897706889
670 8334.460728667986 578.3645818116493
671 8347.724350493936 551.5442963124951
672 8361.010072471257 524.734951491293
673 8374.317885575383 497.93656555883354
674 8387.647780766758 471.14915671839844
675 8400.999748990824 444.37274316570256
676 8414.373781178005 417.6073430891847
677 8427.769868243773 390.8529746697168
678 8441.188001088598 364.1096560806036
679 8454.628170597967 337.37740548775764
680 8468.090367642424 310.6562410495244
681 8481.574583077545 283.94618091668235
682 8495.080807743918 257.2472432325594
683 8508.609032467215 230.55944613285828
684 8522.15924805815 203.88280774571467
685 8535.731445312496 177.2173461916973
686 8559.573279886423 180.1354131253902
687 8579.681640624989 166.9976043702336
688 8695.194335937496 12.53223133092979
689 8697.439453124996 9.53125381510472
690 9158.271484374996 9.5310743880691
691 9619.103515624996 9.53089496109169
692 10079.935546874996 9.530715534056071
693 10540.767578124996 9.53053610707866
694 11001.599609374996 9.530356680043042
695 11462.431640624996 9.53017725306563
696 11923.263671874996 9.529997826030012
697 11923.263671874996 12.530974388646428
698 11929.959311318456 37.54465588950552
699 11948.269453837947 55.85461303580087
700 11973.283203124996 62.54999923729338
701 11973.283203124996 426.9364681246807
702 11973.283203124996 791.3229370121262
703 11753.200195312496 791.3230590822059
704 11735.513216921052 798.6459057178581
705 11728.191406249996 816.3333129887469
706 11728.191406249996 867.3523559573223
707 11735.513735174824 885.0388160950388
708 11753.200195312496 892.3611450199387
709 11770.164115511576 885.7324240489979
710 11778.128906249996 869.3532714847242
711 11958.277343749996 869.3532104496262
712 11973.283203124996 884.3580932621262
713 11973.283691406246 1271.503143310838
714 11973.284179687496 1658.6481933596078
715 11773.208984374996 1658.6481933596078
716 11755.521547312263 1665.9705219217576
717 11748.199218749996 1683.6579589844914
718 11748.199218749996 1731.6755371097242
719 11755.521547312212 1749.3629741725745
720 11773.208984374996 1756.6853027348407
721 11790.173195738698 1750.0562454738538
722 11798.137695312496 1733.6765136719914
723 11958.277343749996 1733.6765136719914
724 11973.284179687496 1748.6823730471078
725 11973.284179687496 2147.331787109666
726 10314.123046874996 1975.767944336345
727 10472.721679687496 1975.7678222657996
728 10892.878906249996 1975.767700195429
729 10921.965495192435 1974.9318813987193
730 10950.954205553728 1972.405437067966
731 10979.74685509397 1968.1969240502804
732 11008.2459256142 1962.320596213045
733 11036.354893242056 1954.7963561675278
734 11063.978555349746 1945.6496878599864
735 11091.023352997025 1934.9115702603012
736 11117.397687807232 1922.6183724384755
737 11143.012232203004 1908.8117303859908
738 11167.780231950997 1893.5384059983771
739 11191.617799990945 1876.8501286963583
740 11214.444200553826 1858.803420223354
741 11236.182122606882 1839.4594032107852
742 11256.757941699387 1818.883594161307
743 11276.101969322208 1797.1456815500278
744 11294.14868893677 1774.3192897957633
745 11310.836977873852 1750.4817299013375
746 11326.110314350753 1725.7137376082246
747 11339.916968905633 1700.0991999514517
748 11352.210179600737 1673.724871141545
749 11362.948310400974 1646.680078735575
750 11372.09499219157 1619.0564210923621
751 11379.619245957092 1590.947457137052
752 11385.495587704656 1562.448389485071
753 11389.704114776028 1533.655741998984
754 11392.230573256162 1504.6670328708715
755 11393.066406249996 1475.5804443364032
756 11393.065917968746 1058.2999572756817
757 11393.065429687496 641.0194702150184
758 11392.110214580487 611.2416847418644
759 11389.186678826398 581.5923697029357
760 11384.307637313887 552.2014885064564
761 11377.494476603268 523.1978717541788
762 11368.777061181678 494.70865253085503
763 11358.193602556476 466.8587091357331
764 11345.790491760734 439.77011769625824
765 11331.622096005001 413.56161706586136
766 11315.75052036659 388.3480883493321
767 11298.24533556114 364.24005133862374
768 11279.183272989616 341.3431800653343
769 11258.647888397518 319.7578395945602
770 11236.729195620555 299.57864608906675
771 11213.523272022252 280.8940520732431
772 11189.131837352976 263.7859587148996
773 11163.661807876375 248.32935682294192
774 11137.224827717666 234.59199813677697
775 11109.936779488056 222.6340983461123
776 11081.917276330376 212.50807314465055
777 11053.289137612457 204.25830847327597
778 11024.177850566546 197.92096596123884
779 10994.711020234452 193.52382441650843
780 10965.017810129644 191.08615806198213
781 10935.228376068004 190.61865204916103
782 10905.473295648979 192.12335562193766
783 10875.88299588786 195.59367313364055
784 10846.587181508203 201.01439295825548
785 10817.71426640022 208.36175416834885
786 10789.390810737412 217.6035506875487
787 10761.740966218702 228.6992724610609
788 10734.88593186768 241.60028302576393
789 10708.943422774584 256.25003270071466
790 10684.027154109488 272.58430646464694
791 10660.246342668604 290.5315054326202
792 10637.70522813853 310.01296069979435
793 10616.502616176946 330.9432781744981
794 10596.731445312496 353.2307128907996
795 10374.31901041666 620.759114583605
796 10151.906575520832 888.2875162764103
797 9929.494140624996 1155.8159179692157
798 9911.109338618811 1179.282833226258
799 9894.15573727783 1203.8036908389186
800 9878.693603064454 1229.2913243512157
801 9864.777900591343 1255.655130623607
802 9852.45809723379 1282.8013919079676
803 9841.77798728373 1310.6336089943652
804 9832.775536270256 1339.0528442451614
805 9825.482746000245 1367.9580732974573
806 9819.925540798667 1397.2465441834065
807 9816.12367535316 1426.8141425914946
808 9814.090664490239 1456.5557619711035
809 9813.83373513298 1486.3656771637616
810 9815.35380061084 1516.137920233945
811 9818.64545741295 1545.7666571625741
812 9823.69700439648 1575.146564064431
813 9830.490484381673 1604.1732015924063
814 9839.001747985876 1632.7433861971367
815 9849.200539469439 1660.7555569228134
816 9861.05060428847 1688.1101364347269
817 9874.509817972077 1714.709884995711
818 9889.53033586594 1740.460246132745
819 9906.05876320988 1765.269682765298
820 9924.036344944998 1789.0500026001246
821 9943.399174575407 1811.7166716362117
822 9964.078421342307 1833.189114665438
823 9986.00057490278 1853.3910017000744
824 10009.087706643459 1872.2505193099496
825 10033.257746700252 1889.7006259039626
826 10058.42477569936 1905.6792900485452
827 10084.499330182403 1920.1297109766747
828 10111.388720630111 1933.0005205021007
829 10138.99736095392 1944.2459656226565
830 10167.227108284267 1953.826071162417
831 10195.977611847728 1961.706781875051
832 10225.146669692742 1967.860083502892
833 10254.630591995916 1972.264102361747
834 10284.32456965739 1974.9031830972526
835 10742.822265624996 2555.9855957035325
836 10750.144594187263 2573.6730327662663
837 10767.832031249996 2580.995361328416
838 10785.518836885629 2573.6726872614818
839 10792.840820312496 2555.9855957035325
840 10785.518836885709 2538.2985041453503
841 10767.832031249996 2530.9758300782414
842 10750.14459418719 2538.298158640624
GTSP_SET_SECTION
1 1 -1
2 2 3 4 5 6 7 8 9 10 11 12 13 14 15 16 17 18 19 20 21 22 23 24 25 26 27 28 29 -1
3 30 31 32 33 34 35 36 37 38 39 40 41 42 43 44 45 46 47 48 49 50 51 52 53 54 55 56 57 -1
4 58 59 60 61 62 63 64 65 66 67 68 69 70 71 72 73 74 75 76 77 78 79 80 -1
5 81 82 83 84 85 86 87 88 89 90 91 92 93 94 -1
6 95 96 97 98 99 100 101 102 103 104 105 106 107 108 -1
7 109 110 111 112 113 114 115 116 117 118 119 120 121 122 -1
8 123 124 125 126 127 128 129 130 131 132 133 134 135 136 -1
9 137 138 139 140 141 142 143 144 145 146 147 148 149 150 151 152 153 154 155 156 -1
10 157 158 159 160 161 162 163 164 165 166 167 168 169 170 171 172 173 174 175 176 -1
11 177 178 179 180 181 182 183 184 185 186 187 188 189 190 191 192 193 194 195 196 -1
12 197 198 199 200 201 202 203 204 205 206 207 208 209 210 211 212 213 214 215 216 -1
13 217 218 219 220 221 222 223 224 225 226 227 228 229 230 -1
14 231 232 233 234 235 236 237 238 239 240 241 242 243 244 -1
15 245 246 247 248 249 250 251 252 253 254 255 256 257 258 259 260 261 262 263 264 -1
16 265 266 267 268 269 270 271 272 273 274 275 276 277 278 279 280 281 282 283 284 -1
17 285 286 287 288 289 290 291 292 293 294 295 296 297 298 299 300 301 302 303 304 -1
18 305 306 307 308 309 310 311 312 313 314 315 316 317 318 -1
19 319 320 321 322 323 324 325 326 327 328 329 330 331 332 -1
20 333 334 335 336 337 338 339 340 341 342 343 344 345 346 -1
21 347 348 349 350 351 352 353 354 355 356 357 358 359 360 -1
22 361 362 363 364 365 366 367 368 369 370 371 372 373 374 -1
23 375 376 377 378 379 380 381 382 383 384 385 386 387 388 -1
24 389 390 391 392 393 394 395 396 397 398 399 400 401 402 -1
25 403 404 405 406 407 408 409 410 411 412 413 414 415 416 417 418 419 420 421 422 -1
26 423 424 425 426 427 428 429 430 431 432 433 434 435 436 437 438 439 440 441 442 -1
27 443 444 445 446 447 448 449 450 451 452 453 454 455 456 457 458 459 460 461 462 -1
28 463 464 465 466 467 468 469 470 471 472 473 474 475 476 -1
29 477 478 479 480 481 482 483 484 485 486 487 488 489 490 -1
30 491 492 493 494 495 496 497 498 499 500 501 502 503 504 -1
31 505 506 507 508 509 510 511 512 513 514 515 516 517 518 -1
32 519 520 521 522 523 524 525 526 527 528 529 530 531 532 -1
33 533 534 535 536 537 538 539 540 541 542 543 544 545 546 -1
34 547 548 549 550 551 552 553 554 555 556 557 558 559 560 561 562 563 564 565 566 567 568 569 570 571 572 573 574 575 576 577 578 579 580 581 582 583 584 585 586 587 588 589 590 591 592 593 594 595 596 597 598 599 600 601 602 603 604 605 606 607 608 609 610 611 612 613 614 615 616 617 618 619 620 621 622 623 624 625 626 627 628 629 630 631 632 633 634 635 636 637 638 639 640 641 642 643 644 645 646 647 648 649 650 651 652 653 654 655 656 657 658 659 660 661 662 663 664 665 666 667 668 669 670 671 672 673 674 675 676 677 678 679 680 681 682 683 684 685 686 687 688 689 690 691 692 693 694 695 696 697 698 699 700 701 702 703 704 705 706 707 708 709 710 711 712 713 714 715 716 717 718 719 720 721 722 723 724 725 -1
35 726 727 728 729 730 731 732 733 734 735 736 737 738 739 740 741 742 743 744 745 746 747 748 749 750 751 752 753 754 755 756 757 758 759 760 761 762 763 764 765 766 767 768 769 770 771 772 773 774 775 776 777 778 779 780 781 782 783 784 785 786 787 788 789 790 791 792 793 794 795 796 797 798 799 800 801 802 803 804 805 806 807 808 809 810 811 812 813 814 815 816 817 818 819 820 821 822 823 824 825 826 827 828 829 830 831 832 833 834 -1
36 835 836 837 838 839 840 841 842 -1
GTSP_SET_ORDERING
19 35 34 -1
20 35 34 -1
21 35 34 -1
22 35 34 -1
23 35 34 -1
24 35 34 -1
25 35 34 -1
26 35 34 -1
27 35 34 -1
28 35 34 -1
29 35 34 -1
30 35 34 -1
31 35 34 -1
32 35 34 -1
33 35 34 -1
35 34 -1
36 34 -1
EOF