NAME: Mc38v1402
TYPE: PCGTSP 
COMMENT: 
DIMENSION: 1403
GTSP_SETS: 39
EDGE_WEIGHT_TYPE: EUC_2D
NODE_COORD_SECTION
1 0.0 0.0
2 7301.999999999996 1125.0
3 6931.999999999996 1125.0
4 6923.213210139391 1103.7867898605764
5 6901.999999999996 1094.9999999999418
6 6880.786789860602 1103.7867898605764
7 6871.999999999996 1125.0
8 6501.999999999996 1125.0
9 6501.999999999996 975.0
10 6871.999999999996 975.0
11 6880.786789860602 996.2132101393654
12 6901.999999999996 1005.0
13 6923.213210139391 996.2132101393654
14 6931.999999999996 975.0
15 7301.999999999996 975.0
16 8111.999999999996 1080.9999999999418
17 7741.999999999996 1080.9999999999418
18 7733.213210139369 1059.7867898605764
19 7711.999999999996 1051.0
20 7690.786789860624 1059.7867898605764
21 7681.999999999996 1080.9999999999418
22 7311.999999999996 1080.9999999999418
23 7311.999999999996 931.0
24 7681.999999999996 931.0
25 7690.786789860602 952.2132101393654
26 7711.999999999996 961.0
27 7733.213210139391 952.2132101393654
28 7741.999999999996 931.0
29 8111.999999999996 931.0
30 8921.999999999996 1029.0
31 8551.999999999996 1029.0
32 8543.213210139369 1007.7867898606928
33 8521.999999999996 999.0000000001164
34 8500.786789860624 1007.7867898606928
35 8491.999999999996 1029.0
36 8121.999999999996 1029.0
37 8121.999999999996 878.9999999999418
38 8491.999999999996 878.9999999999418
39 8500.78678986058 900.2132101393654
40 8521.999999999996 909.0
41 8543.213210139413 900.2132101393654
42 8551.999999999996 878.9999999999418
43 8921.999999999996 878.9999999999418
44 8921.999999999996 1189.0
45 8551.999999999996 1189.0
46 8543.21321013939 1167.7867898606346
47 8521.999999999996 1159.0
48 8500.786789860602 1167.7867898606346
49 8491.999999999996 1189.0
50 8121.999999999996 1189.0
51 8121.999999999996 1038.9999999999418
52 8491.999999999996 1038.9999999999418
53 8500.78678986058 1060.2132101393654
54 8521.999999999996 1069.0
55 8543.213210139413 1060.2132101393654
56 8551.999999999996 1038.9999999999418
57 8921.999999999996 1038.9999999999418
58 9731.999999999996 972.0
59 9361.999999999996 972.0
60 9353.21321013939 950.7867898606346
61 9331.999999999996 942.0
62 9310.78678986061 950.7867898606346
63 9302.000000000011 972.0
64 8931.999999999996 972.0
65 8931.999999999996 822.0
66 9302.000000000011 822.0
67 9310.78678986061 843.2132101393654
68 9331.999999999996 852.0
69 9353.21321013939 843.2132101393654
70 9361.999999999996 822.0
71 9731.999999999996 822.0
72 9731.999999999996 1131.9999999999418
73 9361.999999999996 1131.9999999999418
74 9353.213210139362 1110.7867898606346
75 9331.999999999996 1102.0000000001164
76 9310.786789860638 1110.7867898606346
77 9302.000000000011 1131.9999999999418
78 8931.999999999996 1131.9999999999418
79 8931.999999999996 982.0
80 9302.000000000011 982.0
81 9310.786789860616 1003.2132101393654
82 9331.999999999996 1011.9999999999418
83 9353.21321013939 1003.2132101393654
84 9361.999999999996 982.0
85 9731.999999999996 982.0
86 9927.999999999996 1292.0
87 9557.999999999996 1292.0
88 9549.21321013939 1270.7867898606346
89 9527.999999999996 1262.0
90 9506.786789860602 1270.7867898606346
91 9497.999999999996 1292.0
92 9127.999999999996 1292.0
93 9127.999999999996 1142.0
94 9497.999999999996 1142.0
95 9506.786789860602 1163.2132101393654
96 9527.999999999996 1172.0
97 9549.21321013939 1163.2132101393654
98 9557.999999999996 1142.0
99 9927.999999999996 1142.0
100 10237.999999999996 1240.0
101 10117.999999999996 1240.0
102 10117.999999999996 1209.9999999999418
103 10115.07106781186 1202.9289321880788
104 10107.999999999996 1199.9999999999418
105 10067.999999999996 1199.9999999999418
106 10060.928932188133 1202.9289321880788
107 10057.999999999996 1209.9999999999418
108 10057.999999999996 1240.0
109 9937.999999999996 1240.0
110 9937.999999999996 1080.0
111 10057.999999999996 1080.0
112 10057.999999999996 1110.0
113 10060.928932188133 1117.071067811863
114 10067.999999999996 1120.0
115 10107.999999999996 1120.0
116 10115.07106781186 1117.071067811863
117 10117.999999999996 1110.0
118 10117.999999999996 1080.0
119 10237.999999999996 1080.0
120 10407.999999999996 1379.9998779296875
121 10247.999999999996 1380.0
122 10247.999999999996 1260.0
123 10277.999999999996 1260.0
124 10285.07106781186 1257.071067811863
125 10287.999999999996 1250.0
126 10287.999999999996 1209.9999999999418
127 10285.07106781186 1202.9289321880788
128 10277.999999999996 1199.9999999999418
129 10247.999999999996 1199.9999999999418
130 10247.999999999996 1080.0
131 10407.999999999996 1079.9998779296875
132 10407.999999999996 1199.9998779296875
133 10377.999999999996 1199.9999999999418
134 10370.92893218814 1202.9289321880788
135 10368.000000000011 1209.9999999999418
136 10368.000000000011 1250.0
137 10370.92893218814 1257.071067811863
138 10377.999999999996 1260.0
139 10407.999999999996 1259.9998779296875
140 1450.0 1668.0
141 1330.0 1668.0
142 1330.0 1638.0
143 1327.0710678118667 1630.928932188137
144 1320.0 1627.9999999999418
145 1280.0 1627.9999999999418
146 1272.9289321881333 1630.928932188137
147 1270.0 1638.0
148 1270.0 1668.0
149 1150.0 1668.0
150 1150.0 1508.0
151 1270.0 1508.0
152 1270.0 1538.0
153 1272.9289321881333 1545.071067811863
154 1280.0 1548.0
155 1320.0 1548.0
156 1327.0710678118667 1545.071067811863
157 1330.0 1538.0
158 1330.0 1508.0
159 1450.0 1508.0
160 1440.0 1837.0
161 1320.0 1837.0
162 1320.0 1807.0
163 1317.0710678118667 1799.928932188137
164 1310.0 1797.0
165 1270.0 1797.0
166 1262.9289321881333 1799.928932188137
167 1260.0 1807.0
168 1260.0 1837.0
169 1140.0 1837.0
170 1140.0 1676.9999999999418
171 1260.0 1676.9999999999418
172 1260.0 1707.0
173 1262.928932188137 1714.071067811863
174 1270.0 1716.9999999999418
175 1310.0 1716.9999999999418
176 1317.071067811863 1714.071067811863
177 1320.0 1707.0
178 1320.0 1676.9999999999418
179 1440.0 1676.9999999999418
180 3215.0 1668.0
181 3095.0 1668.0
182 3095.0 1638.0
183 3092.0710678118667 1630.928932188137
184 3085.0 1627.9999999999418
185 3045.0 1627.9999999999418
186 3037.9289321881333 1630.928932188137
187 3035.0 1638.0
188 3035.0 1668.0
189 2915.0 1668.0
190 2915.0 1508.0
191 3035.0 1508.0
192 3035.0 1538.0
193 3037.9289321881333 1545.071067811863
194 3045.0 1548.0
195 3085.0 1548.0
196 3092.0710678118667 1545.071067811863
197 3095.0 1538.0
198 3095.0 1508.0
199 3215.0 1508.0
200 3215.0 1850.0
201 3095.0 1850.0
202 3095.0 1820.0
203 3092.0710678118667 1812.928932188137
204 3085.0 1810.0
205 3045.0 1810.0
206 3037.9289321881333 1812.928932188137
207 3035.0 1820.0
208 3035.0 1850.0
209 2915.0 1850.0
210 2915.0 1690.0
211 3035.0 1690.0
212 3035.0 1720.0
213 3037.9289321881333 1727.071067811863
214 3045.0 1730.0
215 3085.0 1730.0
216 3092.0710678118667 1727.071067811863
217 3095.0 1720.0
218 3095.0 1690.0
219 3215.0 1690.0
220 4415.0 1711.0
221 4295.0 1711.0
222 4295.0 1681.0
223 4292.071067811867 1673.928932188137
224 4285.0 1671.0
225 4244.999999999989 1671.0
226 4237.928932188133 1673.928932188137
227 4235.0 1681.0
228 4235.0 1711.0
229 4114.999999999989 1711.0
230 4114.999999999989 1551.0000000001164
231 4235.0 1551.0000000001164
232 4235.0 1581.0
233 4237.928932188133 1588.071067811863
234 4244.999999999989 1591.0
235 4285.0 1591.0
236 4292.071067811867 1588.071067811863
237 4295.0 1581.0
238 4295.0 1551.0000000001164
239 4415.0 1551.0000000001164
240 4400.0 1881.0000000001164
241 4280.0 1881.0000000001164
242 4280.0 1851.0000000001164
243 4277.0710678118885 1843.9289321881952
244 4270.0 1841.0
245 4230.0 1841.0
246 4222.928932188104 1843.9289321881952
247 4219.999999999989 1851.0000000001164
248 4219.999999999989 1881.0000000001164
249 4100.0 1881.0000000001164
250 4100.0 1721.0
251 4219.999999999989 1721.0
252 4219.999999999989 1751.0
253 4222.928932188104 1758.0710678119212
254 4230.0 1761.0000000001164
255 4270.0 1761.0000000001164
256 4277.0710678118885 1758.0710678119212
257 4280.0 1751.0
258 4280.0 1721.0
259 4400.0 1721.0
260 6964.999999999996 1719.0
261 6844.999999999996 1719.0
262 6844.999999999996 1689.0
263 6842.071067811859 1681.928932188137
264 6834.999999999996 1679.0
265 6794.999999999996 1679.0
266 6787.928932188133 1681.928932188137
267 6784.999999999996 1689.0
268 6784.999999999996 1719.0
269 6664.999999999996 1719.0
270 6664.999999999996 1559.0
271 6784.999999999996 1559.0
272 6784.999999999996 1589.0
273 6787.928932188133 1596.071067811863
274 6794.999999999996 1598.9999999999418
275 6834.999999999996 1598.9999999999418
276 6842.071067811859 1596.071067811863
277 6844.999999999996 1589.0
278 6844.999999999996 1559.0
279 6964.999999999996 1559.0
280 6951.999999999996 1889.0
281 6831.999999999996 1889.0
282 6831.999999999996 1859.0
283 6829.071067811859 1851.928932188137
284 6821.999999999996 1849.0
285 6781.999999999996 1849.0
286 6774.928932188133 1851.928932188137
287 6771.999999999996 1859.0
288 6771.999999999996 1889.0
289 6651.999999999996 1889.0
290 6651.999999999996 1729.0000000001164
291 6771.999999999996 1729.0000000001164
292 6771.999999999996 1759.0000000001164
293 6774.928932188155 1766.0710678119212
294 6781.999999999996 1769.0
295 6821.999999999996 1769.0
296 6829.071067811838 1766.0710678119212
297 6831.999999999996 1759.0000000001164
298 6831.999999999996 1729.0000000001164
299 6951.999999999996 1729.0000000001164
300 10577.999999999989 1395.0
301 10417.999999999996 1395.0
302 10417.999999999996 1275.0
303 10447.999999999996 1275.0
304 10455.07106781186 1272.071067811863
305 10457.999999999996 1265.0
306 10457.999999999996 1225.0
307 10455.07106781186 1217.928932188137
308 10447.999999999996 1215.0
309 10417.999999999996 1215.0
310 10417.999999999996 1094.9999999999418
311 10577.999999999989 1094.9999999999418
312 10577.999999999989 1215.0
313 10547.999999999996 1215.0
314 10540.928932188133 1217.928932188137
315 10537.999999999996 1225.0
316 10537.999999999996 1265.0
317 10540.928932188133 1272.071067811863
318 10547.999999999996 1275.0
319 10577.999999999989 1275.0
320 10541.999999999996 1070.0
321 10171.999999999996 1070.0
322 10163.213210139384 1048.7867898605764
323 10141.999999999989 1040.0
324 10120.786789860595 1048.7867898606346
325 10111.999999999996 1070.0
326 9741.999999999996 1070.0
327 9741.999999999996 919.9999999999418
328 10111.999999999996 919.9999999999418
329 10120.786789860573 941.2132101394236
330 10141.999999999989 950.0000000001164
331 10163.213210139413 941.2132101394236
332 10171.999999999996 919.9999999999418
333 10541.999999999996 919.9999999999418
334 10541.999999999996 910.0
335 10171.999999999996 910.0
336 10163.213210139384 888.7867898605764
337 10141.999999999989 880.0
338 10120.786789860595 888.7867898606346
339 10111.999999999996 910.0
340 9741.999999999996 910.0
341 9741.999999999996 760.0
342 10111.999999999996 760.0
343 10120.786789860602 781.2132101393654
344 10141.999999999989 789.9999999999418
345 10163.213210139384 781.2132101393654
346 10171.999999999996 760.0
347 10541.999999999996 760.0
348 1450.0 388.0
349 1330.0 388.0
350 1330.0 358.0
351 1327.0710678118667 350.92893218813697
352 1320.0 347.9999999999418
353 1280.0 347.9999999999418
354 1272.9289321881333 350.92893218813697
355 1270.0 358.0
356 1270.0 388.0
357 1150.0 388.0
358 1150.0 228.0
359 1270.0 228.0
360 1270.0 258.0
361 1272.9289321881333 265.07106781186303
362 1280.0 268.0
363 1320.0 268.0
364 1327.0710678118667 265.07106781186303
365 1330.0 258.0
366 1330.0 228.0
367 1450.0 228.0
368 1453.0 563.9999999999418
369 1333.0 563.9999999999418
370 1333.0 534.0
371 1330.0710678118412 526.9289321881952
372 1323.0 524.0000000001164
373 1283.0 524.0000000001164
374 1275.9289321881588 526.9289321881952
375 1273.0 534.0
376 1273.0 563.9999999999418
377 1153.0 563.9999999999418
378 1153.0 404.0
379 1273.0 404.0
380 1273.0 434.0000000001164
381 1275.9289321881806 441.07106781186303
382 1283.0 443.9999999999418
383 1323.0 443.9999999999418
384 1330.0710678118194 441.07106781186303
385 1333.0 434.0000000001164
386 1333.0 404.0
387 1453.0 404.0
388 3215.0 388.0
389 3095.0 388.0
390 3095.0 358.0
391 3092.0710678118667 350.92893218813697
392 3085.0 347.9999999999418
393 3045.0 347.9999999999418
394 3037.9289321881333 350.92893218813697
395 3035.0 358.0
396 3035.0 388.0
397 2915.0 388.0
398 2915.0 228.0
399 3035.0 228.0
400 3035.0 258.0
401 3037.9289321881333 265.07106781186303
402 3045.0 268.0
403 3085.0 268.0
404 3092.0710678118667 265.07106781186303
405 3095.0 258.0
406 3095.0 228.0
407 3215.0 228.0
408 3207.0 560.0
409 3087.0 560.000061035098
410 3087.0 530.000061035098
411 3084.0710678118885 522.9289932231768
412 3077.0 520.0000610350398
413 3037.0 520.0000610350398
414 3029.928932188104 522.9289932231768
415 3026.999999999989 530.000061035098
416 3026.999999999989 560.000061035098
417 2907.0 560.0001220703125
418 2907.0 400.0001220704871
419 3026.999999999989 400.00006103503983
420 3026.999999999989 430.00006103521446
421 3029.9289321881297 437.0711288470775
422 3037.0 440.00006103521446
423 3077.0 440.00006103521446
424 3084.0710678118667 437.0711288470775
425 3087.0 430.00006103521446
426 3087.0 400.00006103503983
427 3207.0 400.0
428 4415.0 310.0
429 4295.0 310.0
430 4295.0 280.0000000001164
431 4292.0710678118885 272.9289321881952
432 4285.0 270.0
433 4244.999999999989 270.0
434 4237.928932188108 272.9289321881952
435 4235.0 280.0000000001164
436 4235.0 310.0
437 4114.999999999989 310.0
438 4114.999999999989 149.9999999999418
439 4235.0 149.9999999999418
440 4235.0 180.0
441 4237.928932188108 187.07106781192124
442 4244.999999999989 190.00000000011642
443 4285.0 190.00000000011642
444 4292.0710678118885 187.07106781192124
445 4295.0 180.0
446 4295.0 149.9999999999418
447 4415.0 149.9999999999418
448 4400.0 480.0
449 4280.0 480.0
450 4280.0 450.0
451 4277.071067811841 442.9289321881952
452 4270.0 440.0000000001164
453 4230.0 440.0000000001164
454 4222.9289321881515 442.9289321881952
455 4219.999999999989 450.0
456 4219.999999999989 480.0
457 4100.0 480.0
458 4100.0 320.0
459 4219.999999999989 320.0
460 4219.999999999989 350.0
461 4222.92893218813 357.07106781186303
462 4230.0 359.9999999999418
463 4270.0 359.9999999999418
464 4277.071067811863 357.07106781186303
465 4280.0 350.0
466 4280.0 320.0
467 4400.0 320.0
468 6964.999999999996 338.0
469 6844.999999999996 338.0
470 6844.999999999996 308.0
471 6842.071067811859 300.92893218813697
472 6834.999999999996 298.0
473 6794.999999999996 298.0
474 6787.928932188133 300.92893218813697
475 6784.999999999996 308.0
476 6784.999999999996 338.0
477 6664.999999999996 338.0
478 6664.999999999996 178.0
479 6784.999999999996 178.0
480 6784.999999999996 208.0
481 6787.928932188104 215.07106781192124
482 6794.999999999996 218.00000000011642
483 6834.999999999996 218.00000000011642
484 6842.0710678118885 215.07106781192124
485 6844.999999999996 208.0
486 6844.999999999996 178.0
487 6964.999999999996 178.0
488 6972.999999999996 513.9999999999418
489 6852.999999999996 513.9999999999418
490 6852.999999999996 484.0
491 6850.071067811859 476.92893218813697
492 6842.999999999996 474.0
493 6802.999999999996 474.0
494 6795.928932188133 476.92893218813697
495 6792.999999999996 484.0
496 6792.999999999996 513.9999999999418
497 6672.999999999996 513.9999999999418
498 6672.999999999996 353.9999999999418
499 6792.999999999996 353.9999999999418
500 6792.999999999996 384.0
501 6795.928932188133 391.07106781186303
502 6802.999999999996 394.0
503 6842.999999999996 394.0
504 6850.071067811859 391.07106781186303
505 6852.999999999996 384.0
506 6852.999999999996 353.9999999999418
507 6972.999999999996 353.9999999999418
508 10574.195312499996 2090.99609375
509 10079.569335937496 2090.9964904785156
510 9584.943359374996 2090.9968872070312
511 9090.317382812496 2090.997283935605
512 8595.691406249996 2090.9976806641207
513 8101.065429687496 2090.9980773926363
514 7606.439453124996 2090.99847412121
515 7111.813476562496 2090.998870849726
516 6617.187499999996 2090.9992675782414
517 6610.492354158156 2065.9869131257874
518 6592.183837249893 2047.677323787997
519 6567.171874999996 2040.9807128907414
520 6542.156610273811 2047.6747176938225
521 6523.844884142742 2065.9846564082545
522 6517.148437499996 2090.9992675782414
523 6038.574218749996 2090.9996337891207
524 5560.0 2091.0
525 5560.590905660352 2086.0135359928827
526 5560.7890625 2080.99609375
527 5555.921841275249 2056.491741392878
528 5542.043900789045 2035.7178179609473
529 5521.269977357137 2021.839877474762
530 5496.765625 2016.97265625
531 5472.261272642863 2021.839877474762
532 5451.487349210955 2035.7178179609473
533 5437.609408724751 2056.491741392878
534 5432.7421875 2080.99609375
535 5432.940344339648 2086.0135359928827
536 5433.53125 2091.0
537 4940.7265625 2091.0003995028674
538 4447.921875 2091.0007990056765
539 3955.1171875 2091.001198508544
540 3462.3125 2091.0015980114113
541 2969.5078125 2091.0019975142204
542 2476.703125 2091.002397017088
543 1983.8984375 2091.002796519897
544 1491.09375 2091.0031960227643
545 998.2890625 2091.0035955256317
546 505.484375 2091.003995028441
547 12.6796875 2091.004394531308
548 12.679422696430265 1750.8770751953707
549 12.67915789286053 1410.749755859375
550 12.678893089290796 1070.6224365234375
551 465.7351248741106 1070.6220825195196
552 918.7913566589341 1070.6217285156017
553 1371.847588443754 1070.6213745116838
554 1824.9038202285737 1070.621020507766
555 2277.9600520133936 1070.6206665039062
556 2731.016283798217 1070.6203124999884
557 3184.072515583037 1070.6199584960705
558 3637.1287473678567 1070.6196044921526
559 4090.18497915268 1070.6192504882347
560 4543.2412109375 1070.6188964843168
561 4572.346749375662 1070.672805016744
562 4601.452200788372 1070.7620908914832
563 4630.55752217503 1070.886753976636
564 4659.662670535203 1071.0467940880335
565 4688.767602868746 1071.2422109891777
566 4717.872276175804 1071.473004391417
567 4746.976647456926 1071.7391739537707
568 4776.0806737130915 1072.0407192829298
569 4805.184311945803 1072.3776399334893
570 4834.287519157122 1072.749935407599
571 4863.390252349767 1073.1576051552547
572 4892.492468527129 1073.6006485741818
573 4921.594124693394 1074.079065009777
574 4950.695177853551 1074.5928537552827
575 4979.795585013486 1075.142014051613
576 5008.895303180052 1075.726545087411
577 5037.9942893611005 1076.3464459991083
578 5067.092500565581 1077.001715870807
579 5096.18989380357 1077.6923537344555
580 5125.286426086383 1078.4183585696737
581 5154.382054426565 1079.1797293039272
582 5183.476735838038 1079.9764648122364
583 5212.570427336093 1080.8085639175843
584 5241.6630859375 1081.676025390625
585 5270.8498616691395 1082.5724399728351
586 5300.036058088248 1083.4875220983522
587 5329.221663255299 1084.421271392901
588 5358.406665230967 1085.3736874744063
589 5387.591052076183 1086.3447699532262
590 5416.774811852123 1087.3345184322097
591 5445.957932620247 1088.3429325064644
592 5475.140402442248 1089.3700117633562
593 5504.322209380083 1090.4157557828003
594 5533.503341496016 1091.4801641370286
595 5562.683786852547 1092.5632363905315
596 5591.863533512471 1093.6649721003487
597 5621.04256953888 1094.7853708156617
598 5650.220882995149 1095.9244320782018
599 5679.398461944937 1097.0821554220165
600 5708.575294452206 1098.2585403734702
601 5737.751368581263 1099.4535864513018
602 5766.926672396661 1100.6672931666835
603 5796.101193963306 1101.899660023104
604 5825.27492134643 1103.1506865163683
605 5854.447842611578 1104.420372134773
606 5883.619945824608 1105.708716358873
607 5912.791219051749 1107.0157186616561
608 5941.961650359543 1108.341378508485
609 5971.13122781488 1109.6856953569222
610 6000.299939484994 1111.0486686571967
611 6029.467773437496 1112.4302978516207
612 6059.275495794089 1113.8364742186386
613 6089.082868300964 1115.2500471019885
614 6118.889889122791 1116.6710164146498
615 6148.696556424238 1118.0993820691947
616 6178.502868369938 1119.5351439776132
617 6208.308823124553 1120.9783020514296
618 6238.114418852823 1122.4288562019356
619 6267.9196537194985 1123.886806339724
620 6297.724525889313 1125.3521523750387
621 6327.529033527007 1126.8248942176579
622 6357.333174797412 1128.3050317768357
623 6387.136947865376 1129.7925649615354
624 6416.9403508957075 1131.28749368008
625 6446.74338205325 1132.789817840443
626 6476.546039502926 1134.2995373501908
627 6506.34832140966 1135.8166521162493
628 6536.150225938374 1137.3411620452534
629 6565.951751253986 1138.8730670433724
630 6595.752895521513 1140.4123670161935
631 6625.553656905988 1141.9590618690127
632 6655.354033572414 1143.513151506544
633 6685.154023685802 1145.0746358331526
634 6714.953625411272 1146.6435147526208
635 6744.752836913944 1148.2197881683242
636 6774.551656358908 1149.8034559832886
637 6804.3500819113 1151.3945181000163
638 6834.148111736311 1152.9929744204273
639 6863.945743999157 1154.598824846209
640 6893.742976865051 1156.21206927835
641 6923.539808499194 1157.8327076176647
642 6953.336237066895 1159.4607397642685
643 6983.13226073347 1161.0961656179861
644 7012.92787766422 1162.7389850780019
645 7042.723086024449 1164.3891980432672
646 7072.517883979566 1166.0468044121517
647 7102.312269694998 1167.711804082559
648 7132.106241336125 1169.3841969519854
649 7161.899797068374 1171.0639829174033
650 7191.692935057243 1172.751161875436
651 7221.485653468266 1174.4457337222411
652 7251.277950466927 1176.147698353394
653 7281.069824218746 1177.8570556641207
654 7310.5295244083645 1179.5652632117271
655 7339.988090141047 1181.2929244230618
656 7369.445508570596 1183.040038544801
657 7398.901766851315 1184.8066048150067
658 7428.356852138026 1186.5926224634168
659 7457.810751586043 1188.3980907110963
660 7487.263452351221 1190.2230087707867
661 7516.714941589922 1192.0673758466146
662 7546.165206459034 1193.931191134383
663 7575.61423411599 1195.81445382128
664 7605.062011718746 1197.7171630859957
665 7634.935903374764 1199.6155145221855
666 7664.80937392831 1201.5204811721342
667 7694.682421914509 1203.4320629425347
668 7724.555045868536 1205.3502597396146
669 7754.427244325565 1207.2750714693102
670 7784.299015820794 1209.2064980373252
671 7814.170358889427 1211.144539348781
672 7844.04127206677 1213.0891953087994
673 7873.911753888049 1215.0404658219777
674 7903.781802888556 1216.9983507925645
675 7933.651417603596 1218.9628501246916
676 7963.520596568505 1220.933963721851
677 7993.389338318633 1222.911691487534
678 8023.257641389344 1224.896033324767
679 8053.125504316045 1226.88698913611
680 8082.992925634146 1228.8845588240656
681 8112.859903879074 1230.8887422906118
682 8142.726437586305 1232.8995394374942
683 8172.592525291304 1234.9169501661672
684 8202.45816552958 1236.9409743775614
685 8232.323356836638 1238.9716119726072
686 8262.188097748065 1241.0088628516532
687 8292.052386799416 1243.0527269146987
688 8321.916222526273 1245.1032040616847
689 8351.779603464249 1247.16029419197
690 8381.642528148983 1249.2239972047391
691 8411.504995116124 1251.2943129987689
692 8441.36700290137 1253.3712414724869
693 8471.228550040407 1255.4547825241461
694 8501.089635068962 1257.544936051534
695 8530.950256522792 1259.6417019521468
696 8560.810412937662 1261.7450801231898
697 8590.670102849366 1263.855070461519
698 8620.529324793719 1265.9716728636995
699 8650.388077306528 1268.0948872258887
700 8680.24635892372 1270.224713443953
701 8710.104168181151 1272.3611514135264
702 8739.961503614726 1274.5042010298348
703 8769.818363760376 1276.6538621877553
704 8799.674747154062 1278.810134781932
705 8829.530652331752 1280.9730187065434
706 8859.386077829458 1283.1425138556515
707 8889.2410221832 1285.3186201227945
708 8919.095483929024 1287.5013374012779
709 8948.949461603017 1289.6906655840576
710 8978.802953741255 1291.8866045637988
711 9008.655958879874 1294.0891542328754
712 9038.508475555016 1296.2983144831378
713 9068.36050230281 1298.514085206436
714 9098.212037659516 1300.7364662939217
715 9128.063080161312 1302.965457636863
716 9157.91362834445 1305.201059125713
717 9187.763680745182 1307.4432706510415
718 9217.613235899811 1309.6920921027777
719 9247.46229234464 1311.9475233707344
720 9277.310848616009 1314.209564344259
721 9307.158903250278 1316.4782149124076
722 9337.006454783837 1318.7534749640035
723 9366.8535017531 1321.0353443874628
724 9396.70004269449 1323.323823070852
725 9426.546076144488 1325.6189109020052
726 9456.391600639563 1327.9206077683484
727 9486.236614716214 1330.2289135570172
728 9516.081116911013 1332.5438281548559
729 9545.925105760503 1334.8653514483012
730 9575.768579801279 1337.1934833235573
731 9605.611537569948 1339.5282236664789
732 9635.453977603134 1341.8695723625133
733 9665.295898437496 1344.2175292969332
734 9694.935477784984 1346.54038547253
735 9724.574532674025 1348.8699240522692
736 9754.213061597988 1351.2061449178145
737 9783.851063050355 1353.549047950306
738 9813.488535524553 1355.8986330307089
739 9843.125477514124 1358.2549000396393
740 9872.761887512544 1360.6178488571895
741 9902.397764013385 1362.9874793633935
742 9932.033105510247 1365.3637914377032
743 9961.667910496686 1367.746784959454
744 9991.302177466398 1370.1364598073415
745 10020.935904912967 1372.5328158600023
746 10050.569091330148 1374.935852995608
747 10080.201735211598 1377.3455710919807
748 10109.833835051108 1379.7619700266514
749 10139.4653893424 1382.1850496768602
750 10169.096396579294 1384.6148099193815
751 10198.726855255638 1387.0512506306404
752 10228.356763865242 1389.4943716868875
753 10257.986120902035 1391.9441729639657
754 10287.614924859863 1394.400654337136
755 10317.243174232735 1396.8638156818342
756 10346.870867514543 1399.3336568726227
757 10376.498003199315 1401.8101777840639
758 10406.124579781103 1404.2933782902546
759 10435.7505957539 1406.7832582650008
760 10465.376049611838 1409.2798175816424
761 10495.000939848967 1411.783056113345
762 10524.625264959486 1414.2929737328668
763 10554.249023437496 1416.8095703126164
764 10556.57781505687 1424.1240832025069
765 10563.405273437489 1427.6328125
766 10574.186523437496 1428.5185546875
767 10574.190917968746 1759.75732421875
768 1000.0543823242078 1690.8541259766207
769 1002.081514106445 1719.3315632648882
770 1008.1427075527936 1747.2302304691984
771 1018.1144546793657 1773.9816408435
772 1031.7935627660736 1799.0406851134612
773 1048.901294782656 1821.89673908212
774 1069.0890491692335 1842.084068538912
775 1091.9454632353663 1859.191319452133
776 1117.0047954327893 1872.8699000652996
777 1143.7564156975532 1882.8410840962897
778 1171.6552104783987 1888.9016902992153
779 1200.1326904296875 1890.9282226563082
780 1400.2108154296802 1890.9281005859957
781 1428.6875030854571 1888.9004967164947
782 1456.5853827788778 1882.8390426081605
783 1483.3360122531267 1872.8672453765757
784 1508.3943254186997 1859.188288596517
785 1531.2497385235547 1842.0808922690921
786 1551.4365537172198 1821.8936336728511
787 1568.5434480277363 1799.037844814302
788 1582.2218544057177 1773.9792312003556
789 1592.1930640648025 1747.2283827047795
790 1598.2539054025547 1719.3303698799573
791 1600.2808837890589 1690.8536376953125
792 1598.2539639087263 1662.376823638915
793 1592.1931579844786 1634.478723801265
794 1582.2219605952341 1607.7277880114852
795 1568.5435441966656 1582.6690915602958
796 1551.4366192927191 1559.81322878215
797 1531.2497554489091 1539.625909218681
798 1508.3942788620116 1522.5184683525003
799 1483.335891204788 1508.8394862622954
800 1456.5851805196435 1498.867684978526
801 1428.6872175105782 1492.8062492617173
802 1400.21044921875 1490.7786865234957
803 1200.13232421875 1490.7788085938082
804 1171.654771051435 1492.805404064362
805 1143.7559151416972 1498.8660940025584
806 1117.0042501676799 1508.8373800137197
807 1091.9448935516339 1522.516077670618
808 1069.0884786277893 1539.6234567927313
809 1048.9007494908547 1559.8109211181873
810 1031.793070550444 1582.667111633462
811 1018.114044177808 1607.7262888166006
812 1008.1424072516529 1634.4778229896328
813 1002.0813513498615 1662.3765993957059
814 2765.7263183593677 1690.8527832032414
815 2767.7534477868867 1719.3302040070994
816 2773.814634232491 1747.2288557348656
817 2783.786369998663 1773.980252617388
818 2797.4654628332355 1799.0392862894805
819 2814.573176341073 1821.895333364373
820 2834.760909745073 1842.0826603138703
821 2857.617301261016 1859.189913635957
822 2882.6766103420705 1872.8685019306722
823 2909.428207989491 1882.8396990837646
824 2937.3269817471773 1888.9003238183795
825 2965.8044433593677 1890.9268798828125
826 3165.8747558593677 1890.9266357421875
827 3194.352239450345 1888.900076537917
828 3222.2510338430147 1882.8394424688886
829 3249.002649479171 1872.8682301685913
830 3274.0619726904515 1859.1896215377492
831 3296.9183733979808 1842.0823435374186
832 3317.1061101450723 1821.8949886113405
833 3334.213820441182 1799.03891146963
834 3347.892903033826 1773.9798469757661
835 3357.8646213041247 1747.2284199368441
836 3363.925783041188 1719.329740178131
837 3365.9528808593677 1690.8522949219332
838 3363.92587472999 1662.3747543296195
839 3357.8647777845435 1634.475969842635
840 3347.893096854874 1607.724434345204
841 3334.214024651952 1582.6652632555342
842 3317.106299312709 1559.809086721565
843 3296.9185245595036 1539.6216445222963
844 3274.062066210139 1522.514295699133
845 3249.0026697861504 1508.8356363021303
846 3222.250970027115 1498.8643960564514
847 3194.3520856984032 1492.803758693335
848 3165.87451171875 1490.7772216796875
849 2965.80419921875 1490.777465820429
850 2937.3266521644728 1492.8040691934875
851 2909.4278032624643 1498.8647653088556
852 2882.6761458275723 1508.8360556940897
853 2857.616796916991 1522.514755911543
854 2834.7603895098837 1539.6221358365729
855 2814.572667367145 1559.8095993262832
856 2797.4649945963174 1582.6657875436358
857 2783.7859733077203 1607.7249611941515
858 2773.814340168359 1634.4764908698853
859 2767.7532866001275 1662.3752621171298
860 3966.1794433593677 1750.874267578125
861 3968.095246186869 1780.2574287682655
862 3973.831750482521 1809.1387892012717
863 3983.290708713779 1837.0237057544873
864 3996.310119902573 1863.4346011254238
865 4012.6670041715297 1887.919143167499
866 4032.0812216590493 1910.057991858106
867 4054.220270397731 1929.4719812200055
868 4078.7049809841883 1945.8286131928326
869 4105.116010509209 1958.8477522360627
870 4133.001024528519 1968.3064231332392
871 4161.882444070507 1974.0426298273378
872 4191.265625 1975.9581298828125
873 4341.3203125 1975.9580078125
874 4370.703456925596 1974.042416101729
875 4399.584829085488 1968.3061272230698
876 4427.46978667951 1958.8473848163267
877 4453.880752690628 1945.8281858280534
878 4478.365394698303 1929.4715060398448
879 4500.5043718355555 1910.0574812316336
880 4519.9185167098585 1887.9186093828175
881 4536.275329285436 1863.4340560827404
882 4549.294671508222 1837.0231606790912
883 4558.753565143386 1809.1382543831132
884 4564.490010654383 1780.2569133332581
885 4566.40576171875 1750.8737792969332
886 4564.490063843226 1721.4905603837688
887 4558.753649531591 1692.6091303136782
888 4549.294765114057 1664.7241351079429
889 4536.275410863174 1638.3131550629041
890 4519.91856645012 1613.8285253353533
891 4500.504372019968 1591.6895888957079
892 4478.365330291876 1572.275514531706
893 4453.880611856759 1555.918802906177
894 4427.469561204387 1542.8995918898727
895 4399.584514700775 1533.4408587008948
896 4370.703053520861 1527.7046010217164
897 4341.31982421875 1525.7890624999418
898 4191.26513671875 1525.7891845703125
899 4161.881899404332 1527.7047562819207
900 4133.00043487439 1533.441049219342
901 4105.115390081566 1542.8998190632556
902 4078.7043465008937 1555.91906739166
903 4054.2196406892544 1572.2758161937818
904 4032.0806172094417 1591.6899267687695
905 4012.6664466013535 1613.8288976043696
906 3996.3096314054856 1638.3135590621969
907 3983.290311459732 1664.7245673392317
908 3973.8314660015203 1692.6095864831004
909 3968.0950947478887 1721.4910354581662
910 6517.147949218746 1740.8684082030086
911 6519.17495848762 1769.345970774535
912 6525.236064767309 1797.2447758970084
913 6535.207760844129 1823.9963293835754
914 6548.886853383225 1849.0555146037368
915 6565.9946034008135 1871.9117003294523
916 6586.18240613084 1892.09914587182
917 6609.038894547182 1909.2064914832008
918 6634.098321793059 1922.8851406380418
919 6660.850051708603 1932.8563633874292
920 6688.7489640682215 1938.916976041568
921 6717.226562499996 1940.9434814453125
922 6917.304687499996 1940.9432373046875
923 6945.7814276289755 1938.9155908351531
924 6973.679351513321 1932.8540793469292
925 7000.430013790941 1922.8822116037481
926 7025.488345589791 1909.2031734051998
927 7048.343760797743 1892.095687492576
928 7068.530559715156 1871.9083343216334
929 7085.637418106318 1849.052449421608
930 7099.315768301738 1823.9937420624774
931 7109.286901578784 1797.242806008784
932 7115.347647103332 1769.3447157109622
933 7117.374511718746 1740.8679199219332
934 7115.347609213142 1712.3911046285648
935 7109.286820310448 1684.4930010927492
936 7099.315639242774 1657.74205921893
937 7085.6372381332 1632.6833544219262
938 7068.530327174176 1609.8274812060408
939 7048.343475647078 1589.6401493258309
940 7025.488009497716 1572.5326945147244
941 7000.429630186187 1558.8536971355788
942 6973.678925584853 1548.8818795303814
943 6945.780966273767 1542.8204267922556
944 6917.304199218746 1540.7928466796875
945 6717.226074218746 1540.793090820429
946 6688.748502712344 1542.8196625836426
947 6660.849625779443 1548.8803339900333
948 6634.097938188064 1558.851606879034
949 6609.038558455632 1572.5302968543256
950 6586.182120981572 1589.6376735675149
951 6565.994370862045 1609.825140400324
952 6548.886673412879 1632.6813378093648
953 6535.207631788111 1657.740525590314
954 6525.235983501578 1684.4920732551254
955 6519.1749205990745 1712.3908651376842
956 10574.187499999996 672.4775390625
957 10563.406249999996 673.36328125
958 10556.578791619348 676.8720105475513
959 10554.249999999996 684.1865234375
960 10524.62624160232 686.7031444377499
961 10495.001916566649 689.213086477248
962 10465.377026398757 691.7163494285778
963 10435.75157260455 694.212933164381
964 10406.125556689945 696.7028375578229
965 10376.498980160806 699.1860624823021
966 10346.871844523132 701.6626078116242
967 10317.244151282855 704.1324734198279
968 10287.615901946006 706.5956591814756
969 10257.98709801865 709.0521649712464
970 10228.357741006792 711.5019906644011
971 10198.727832416556 713.945136136259
972 10169.097373754088 716.3816012628376
973 10139.466366525474 718.8113859200384
974 10109.834812236924 721.2344899845775
975 10080.202712394672 723.650913333171
976 10050.570068504883 726.0606558430009
977 10020.936882073878 728.463717391598
978 9991.30315460789 730.8600978567847
979 9961.668887613243 733.2497971167904
980 9932.034082596332 735.6328150500776
981 9902.398741063455 738.0091515355743
982 9872.762864521039 740.3788064524997
983 9843.126454475529 742.7417796803638
984 9813.48951243333 745.0980710990843
985 9783.852039900961 747.4476805888698
986 9754.214038384885 749.7906080302782
987 9724.575509391656 752.1268533042166
988 9694.936454427854 754.4564162918832
989 9665.296874999996 756.779296875
990 9635.454947267335 759.1272769262432
991 9605.612500330619 761.4686487356666
992 9575.769535653122 763.803412188543
993 9545.926054698251 766.1315671703196
994 9516.08205892939 768.4531135668512
995 9486.23754980999 770.7680512642255
996 9456.392528803426 773.0763801491121
997 9426.546997373192 775.3781001081225
998 9396.700956982782 777.6732110285666
999 9366.85440909574 779.9617127977544
1000 9337.007355175545 782.2436053034617
1001 9307.159796685799 784.5188884339295
1002 9277.311735090105 786.7875620775158
1003 9247.463171852036 789.0496261229855
1004 9217.614108435253 791.3050804594532
1005 9187.764546303417 793.5539249762078
1006 9157.914486920246 795.7961595630622
1007 9128.063931749402 798.0317841100041
1008 9098.21288225464 800.2607985075447
1009 9068.361339899759 802.4832026462536
1010 9038.509306148484 804.6989964172244
1011 9008.656782464644 806.9081797117251
1012 8978.803770312083 809.1107524214895
1013 8948.950271154685 811.306714438484
1014 8919.096286456264 813.4960656550829
1015 8889.241817680766 815.678805963893
1016 8859.386866292112 817.8549352578702
1017 8829.531433754291 820.0244534303201
1018 8799.675521531219 822.187360374839
1019 8769.819131086912 824.3436559854308
1020 8739.96226388543 826.4933401562739
1021 8710.104921390772 828.6364127820125
1022 8680.247105067017 830.7728737575817
1023 8650.388816378272 832.9027229781495
1024 8620.530056788677 835.0259603393497
1025 8590.670827762315 837.1425857369322
1026 8560.81113076337 839.2525990672875
1027 8530.950967256034 841.3560002269223
1028 8501.090338704544 843.4527891125763
1029 8471.229246573068 845.5429656214546
1030 8441.367692325894 847.6265296511701
1031 8411.505677427329 849.7034810994519
1032 8381.643203341595 851.7738198645529
1033 8351.780271533065 853.8375458448427
1034 8321.91688346607 855.8946589392144
1035 8292.053040605013 857.9451590467943
1036 8262.188744414216 859.989046066883
1037 8232.323996358118 862.0263198994799
1038 8202.45879790116 864.056980444584
1039 8172.593150507822 866.081027602544
1040 8142.727055642525 868.0984612742905
1041 8112.860514769785 870.1092813606956
1042 8082.99352935416 872.1134877633303
1043 8053.12610086014 874.1110803837655
1044 8023.258230752315 876.102059124154
1045 7993.389920495265 878.0864238868235
1046 7963.521171553624 880.064174574567
1047 7933.651985391978 882.0353110902361
1048 7903.782363474991 883.9998333372641
1049 7873.912307267372 885.9577412193757
1050 7844.041818233749 887.90903464047
1051 7814.170897838867 889.8537135048537
1052 7784.299547547471 891.7917777172988
1053 7754.427768824335 893.723227182636
1054 7724.555563134189 895.6480618062196
1055 7694.682931941843 897.5662814936368
1056 7664.80987671213 899.4778861508239
1057 7634.936398909918 901.3828756841249
1058 7605.062499999996 903.28125
1059 7575.6147224708075 905.1839814637788
1060 7546.1656948726995 907.0672663488076
1061 7516.7154300477305 908.9311038338346
1062 7487.263940838446 910.7754931061645
1063 7457.811240087973 912.6004333613673
1064 7428.357340639941 914.4059238036862
1065 7398.902255338511 916.1919636458624
1066 7369.445997028361 917.958552108903
1067 7339.98857855469 919.7056884225458
1068 7310.530012763167 921.4333718249109
1069 7281.070312499996 923.1416015625
1070 7251.278450489157 924.8509820125764
1071 7221.486165225888 926.5529697885504
1072 7191.693458544691 928.2475647856481
1073 7161.900332280009 929.9347668995033
1074 7132.106788266345 931.6145760262152
1075 7102.312828338207 933.2869920624653
1076 7072.518454330191 934.9520149051095
1077 7042.723668076844 936.6096444517025
1078 7012.928471412775 938.2598806001479
1079 6983.132866172589 939.9027232489316
1080 6953.336854190977 941.5381722967722
1081 6923.540437302607 943.1662276430288
1082 6893.74361734217 944.7868891874678
1083 6863.946396144373 946.4001568302629
1084 6834.148775544014 948.0060304720537
1085 6804.350757375851 949.6045100140618
1086 6774.552343474683 951.1955953577417
1087 6744.753535675311 952.779286405188
1088 6714.954335812628 954.3555830588448
1089 6685.154745721495 955.9244852216798
1090 6655.354767236804 957.4859927971265
1091 6625.554402193451 959.0401056889677
1092 6595.753652426432 960.5868238015682
1093 6565.9525197706935 962.1261470396421
1094 6536.151006061202 963.6580753084272
1095 6506.349113133027 965.1826085136272
1096 6476.546842821179 966.6997465612367
1097 6446.744196960721 968.209489358007
1098 6416.941177386714 969.7118368109223
1099 6387.137785934323 971.2067888274323
1100 6357.334024438645 972.6943453155691
1101 6327.529894734846 974.1745061835973
1102 6297.725398658073 975.6472713404801
1103 6267.920538043578 977.11264069553
1104 6238.115314726561 978.5706141585251
1105 6208.30973054226 980.0211916396511
1106 6178.503787325917 981.4643730495591
1107 6148.697486912879 982.9001582994824
1108 6118.890831138418 984.3285473009455
1109 6089.0838218378885 985.7495399660547
1110 6059.276460846606 987.1631362072076
1111 6029.468749999996 988.5693359375
1112 6000.300916235781 989.9509877443779
1113 5971.132204739453 991.3139836565824
1114 5941.96262744343 992.6583231166005
1115 5912.792196280465 993.984005574428
1116 5883.620923183651 995.2910304878023
1117 5854.448820086462 996.579397322028
1118 5825.275898922675 997.8491055500344
1119 5796.102171626426 999.1001546524349
1120 5766.927650132169 1000.3325441174675
1121 5737.752346374666 1001.5462734408793
1122 5708.576272289047 1002.7413421262754
1123 5679.399439810713 1003.9177496847115
1124 5650.221860875379 1005.0754956349847
1125 5621.0435474191 1006.2145795034012
1126 5591.864511378182 1007.3350008240668
1127 5562.684764689275 1008.4367591385962
1128 5533.504319289288 1009.5198539962876
1129 5504.323187115413 1010.5842849540641
1130 5475.141380105157 1011.6300515764742
1131 5445.95891019627 1012.6571534357499
1132 5416.7757893267735 1013.6655901116901
1133 5387.592029434989 1014.6553611917188
1134 5358.40764245945 1015.62646627106
1135 5329.222640338998 1016.57890495233
1136 5300.0370350126905 1017.5126768460032
1137 5270.850838419832 1018.4277815700043
1138 5241.6640625 1019.32421875
1139 5212.571404183087 1020.1917005713331
1140 5183.477712944787 1021.023820024915
1141 5154.383031768324 1021.8205758813419
1142 5125.287403638402 1022.5819669635966
1143 5096.190871541119 1023.3079921466997
1144 5067.093478463903 1023.9986503580003
1145 5037.995267395465 1024.6539405771764
1146 5008.896281325713 1025.27386183606
1147 4979.796563245709 1025.8584132188116
1148 4950.696156147595 1026.4075938618043
1149 4921.59510302452 1026.9214029536233
1150 4892.493446870609 1027.3998397352407
1151 4863.3912306808525 1027.8429034997243
1152 4834.288497451085 1028.2505935925292
1153 4805.185290177902 1028.6229094113223
1154 4776.0816518586 1028.9598504060996
1155 4746.977625491105 1029.2614160790108
1156 4717.873254073929 1029.5276059844764
1157 4688.768580606084 1029.7584197293036
1158 4659.663648087026 1029.9538569724537
1159 4630.558499516606 1030.1139174252166
1160 4601.453177894986 1030.2386008510366
1161 4572.347726222579 1030.3279070658027
1162 4543.2421875 1030.3818359375
1163 4090.1859374999985 1030.3818359375
1164 3637.1296875000007 1030.3818359375
1165 3184.0734374999993 1030.3818359375
1166 2731.0171875000015 1030.3818359375
1167 2277.9609375 1030.3818359375
1168 1824.9046875000022 1030.3818359375
1169 1371.8484375000007 1030.3818359375
1170 918.7921874999993 1030.3818359375
1171 465.73593750000146 1030.3818359375
1172 12.6796875 1030.3818359375
1173 12.6796875 690.2545572916861
1174 12.6796875 350.12727864581393
1175 12.6796875 10.0
1176 505.484375 10.0
1177 998.2890625 10.0
1178 1491.09375 10.0
1179 1983.8984375 10.0
1180 2476.703125 10.0
1181 2969.5078125 10.0
1182 3462.3125 10.0
1183 3955.1171875 10.0
1184 4447.921875 10.0
1185 4940.7265625 10.0
1186 5433.53125 10.0
1187 5432.940344339648 14.98646400711732
1188 5432.7421875 20.00390625
1189 5437.609408724751 44.508258607122116
1190 5451.487349210955 65.28218203905271
1191 5472.261272642863 79.16012252523797
1192 5496.765625 84.02734375
1193 5521.269977357137 79.16012252523797
1194 5542.043900789045 65.28218203905271
1195 5555.921841275249 44.508258607122116
1196 5560.7890625 20.00390625
1197 5560.590905660352 14.98646400711732
1198 5560.0 10.0
1199 6038.574218749996 10.0
1200 6517.148437499996 10.0
1201 6523.844884142742 35.01461116998689
1202 6542.156610273811 53.32454988441896
1203 6567.171874999996 60.0185546875
1204 6592.183837249893 53.321943790244404
1205 6610.492354158156 35.01235445245402
1206 6617.187499999996 10.0
1207 7111.813476562496 10.0
1208 7606.439453124996 10.0
1209 8101.065429687496 10.0
1210 8595.691406249996 10.0
1211 9090.317382812496 10.0
1212 9584.943359374996 10.0
1213 10079.569335937496 10.0
1214 10574.195312499996 10.0
1215 10574.191406249996 341.23876953125
1216 1000.0546875 410.14941406273283
1217 1002.0816746851015 438.6269449018873
1218 1008.1427499419624 466.5257227689726
1219 1018.1144069764923 493.2772553555551
1220 1031.793453722261 518.3364277256187
1221 1048.9011527772964 541.1926101012505
1222 1069.0889012252628 561.3800629456528
1223 1091.9453341034896 578.4874273197493
1224 1117.00470677076 592.1661071269773
1225 1143.7563853677093 602.1373724424047
1226 1171.6552519830511 608.1980391816469
1227 1200.1328125 610.224609375
1228 1400.2109375 610.224609375
1229 1428.6877155443908 608.1970276921638
1230 1456.5856851728604 602.1355702865985
1231 1483.3363987684097 592.1637451077113
1232 1508.394785144883 578.484737560444
1233 1531.2502558898923 561.377270410303
1234 1551.4371090884306 541.1899245418608
1235 1568.544018441553 518.3340362927993
1236 1582.2224144302054 493.27531608508434
1237 1592.1935867500906 466.5243591332692
1238 1598.2543632987472 438.62624158215476
1239 1600.28125 410.14941406273283
1240 1598.2542368641407 381.67268435203005
1241 1592.1933614833542 353.7746789234807
1242 1582.2221191812132 327.0238425959833
1243 1568.5436822252777 301.9652456736658
1244 1551.4367600249425 279.10947769047925
1245 1531.249920197868 258.92224372772034
1246 1508.3944862179233 241.81487529014703
1247 1483.3361563609142 228.13594908785308
1248 1456.5855147189686 218.16418449900812
1249 1428.687627629497 212.10276443324983
1250 1400.2109375 210.0751953125
1251 1200.1328125 210.0751953125
1252 1171.6553398983997 212.10175294690998
1253 1143.756555823209 218.16238234873163
1254 1117.0049491814134 228.1335870755138
1255 1091.9456330352405 241.8121855382924
1256 1069.0892369235044 258.91945119953016
1257 1048.9015018479586 279.1067921373178
1258 1031.7937899459866 301.9628542456776
1259 1018.1147022323858 327.02190332865575
1260 1008.1429752141594 353.77331528940704
1261 1002.0818011228366 381.67198103270493
1262 2765.7265625 410.14941406273283
1263 2767.7535496851015 438.6269449018873
1264 2773.8146249419624 466.5257227689726
1265 2783.7862819764923 493.2772553555551
1266 2797.465328722261 518.3364277256187
1267 2814.5730277772964 541.1926101012505
1268 2834.760776225263 561.3800629456528
1269 2857.6172091034896 578.4874273197493
1270 2882.67658177076 592.1661071269773
1271 2909.4282603677093 602.1373724424047
1272 2937.327126983051 608.1980391816469
1273 2965.8046875 610.224609375
1274 3165.875 610.224609375
1275 3194.352560516949 608.1980391816469
1276 3222.2514271322907 602.1373724424047
1277 3249.00310572924 592.1661071269773
1278 3274.0624783965104 578.4874273197493
1279 3296.918911274737 561.3800629456528
1280 3317.1066597227036 541.1926101012505
1281 3334.214358777739 518.3364277256187
1282 3347.8934055235077 493.2772553555551
1283 3357.8650625580376 466.5257227689726
1284 3363.9261378148985 438.6269449018873
1285 3365.953125 410.14941406273283
1286 3363.9260113771634 381.67198103270493
1287 3357.8648372858406 353.77331528940704
1288 3347.8931102676142 327.02190332865575
1289 3334.2140225540134 301.9628542456776
1290 3317.1063106520414 279.1067921373178
1291 3296.9185755764956 258.91945119953016
1292 3274.0621794647595 241.8121855382924
1293 3249.0028633185866 228.1335870755138
1294 3222.251256676791 218.16238234873163
1295 3194.3524726016003 212.10175294690998
1296 3165.875 210.0751953125
1297 2965.8046875 210.0751953125
1298 2937.3272148983997 212.10175294690998
1299 2909.428430823209 218.16238234873163
1300 2882.6768241814134 228.1335870755138
1301 2857.6175080352405 241.8121855382924
1302 2834.7611119235044 258.91945119953016
1303 2814.5733768479586 279.1067921373178
1304 2797.4656649459866 301.9628542456776
1305 2783.7865772323858 327.02190332865575
1306 2773.8148502141594 353.77331528940704
1307 2767.7536761228366 381.67198103270493
1308 3966.1796875 350.126953125
1309 3968.0953561429087 379.5101942962501
1310 3973.8317469914327 408.3916497323662
1311 3983.290613981688 436.2766722953529
1312 3996.309956916124 462.6876805614447
1313 4012.6667960097984 487.17233826668235
1314 4032.0809908223055 509.3113013828406
1315 4054.2200381692674 528.7254001423717
1316 4078.704766840503 545.0821330060135
1317 4105.115831592473 558.1013613527757
1318 4133.000895193709 567.5601073601283
1319 4161.882375517656 573.2963729026378
1320 4191.265625 575.2119140625
1321 4341.3203125 575.2119140625
1322 4370.703561982344 573.2963729026378
1323 4399.585042306291 567.5601073601283
1324 4427.470105907527 558.1013613527757
1325 4453.881170659497 545.0821330060135
1326 4478.365899330733 528.7254001423717
1327 4500.5049466776945 509.3113013828406
1328 4519.919141490202 487.17233826668235
1329 4536.275980583876 462.6876805614447
1330 4549.295323518312 436.2766722953529
1331 4558.754190508567 408.3916497323662
1332 4564.490581357091 379.5101942962501
1333 4566.40625 350.126953125
1334 4564.490464426854 320.74380098615075
1335 4558.753979726072 291.8624470141949
1336 4549.295043026839 263.9775338800973
1337 4536.275654826713 237.566638498276
1338 4519.918794455556 213.08209270355292
1339 4500.504601172448 190.94323629356222
1340 4478.365576300919 171.5292351162061
1341 4453.8808885740655 155.17258720489917
1342 4427.46988022036 142.1534281799686
1343 4399.584885009484 132.69473344628932
1344 4370.703481261531 126.95849935727892
1345 4341.3203125 125.04296875
1346 4191.265625 125.04296875
1347 4161.882456238469 126.95849935727892
1348 4133.001052490516 132.69473344628932
1349 4105.11605727964 142.1534281799686
1350 4078.7050489259345 155.17258720489917
1351 4054.220361199081 171.5292351162061
1352 4032.081336327552 190.94323629356222
1353 4012.667143044444 213.08209270355292
1354 3996.3102826732866 237.566638498276
1355 3983.2908944731607 263.9775338800973
1356 3973.8319577739276 291.8624470141949
1357 3968.0954730731464 320.74380098615075
1358 6517.148437499996 360.130859375
1359 6519.17542468508 388.6083902142127
1360 6525.236499941926 416.507168081298
1361 6535.208156976445 443.2587006678805
1362 6548.887203722206 468.3178730379441
1363 6565.994902777242 491.17405541357584
1364 6586.182651225212 511.36150825803634
1365 6609.039084103442 528.468872632191
1366 6634.098456770716 542.1475524394191
1367 6660.85013536768 552.1188177548465
1368 6688.749001983033 558.1794844941469
1369 6717.226562499996 560.2060546875
1370 6917.304687499996 560.2060546875
1371 6945.781465544405 558.1784730046056
1372 6973.679435172886 552.1170155990985
1373 7000.430148768446 542.1451904201531
1374 7025.488535144923 528.4661828728858
1375 7048.344005889932 511.3587157226866
1376 7068.530859088478 491.1713698542444
1377 7085.637768441597 468.31548160512466
1378 7099.3161644302345 443.2567613974097
1379 7109.287336750112 416.50580444559455
1380 7115.3481132987545 388.60768689442193
1381 7117.374999999996 360.130859375
1382 7115.3481132987545 331.65403185557807
1383 7109.287336750112 303.75591430440545
1384 7099.3161644302345 277.0049573525903
1385 7085.637768441597 251.94623714487534
1386 7068.530859088478 229.0903488957556
1387 7048.344005889932 208.9030030273134
1388 7025.488535144923 191.79553587711416
1389 7000.430148768446 178.11652832984691
1390 6973.679435172886 168.14470315090148
1391 6945.781465544405 162.08324574539438
1392 6917.304687499996 160.0556640625
1393 6717.226562499996 160.0556640625
1394 6688.749001983033 162.0822342558531
1395 6660.85013536768 168.14290099515347
1396 6634.098456770716 178.1141663105809
1397 6609.039084103442 191.79284611780895
1398 6586.182651225212 208.90021049196366
1399 6565.994902777242 229.08766333642416
1400 6548.887203722206 251.94384571205592
1401 6535.208156976445 277.0030180821195
1402 6525.236499941926 303.754550668702
1403 6519.17542468508 331.6533285357873
GTSP_SET_SECTION
1 1 -1
2 2 3 4 5 6 7 8 9 10 11 12 13 14 15 -1
3 16 17 18 19 20 21 22 23 24 25 26 27 28 29 -1
4 30 31 32 33 34 35 36 37 38 39 40 41 42 43 -1
5 44 45 46 47 48 49 50 51 52 53 54 55 56 57 -1
6 58 59 60 61 62 63 64 65 66 67 68 69 70 71 -1
7 72 73 74 75 76 77 78 79 80 81 82 83 84 85 -1
8 86 87 88 89 90 91 92 93 94 95 96 97 98 99 -1
9 100 101 102 103 104 105 106 107 108 109 110 111 112 113 114 115 116 117 118 119 -1
10 120 121 122 123 124 125 126 127 128 129 130 131 132 133 134 135 136 137 138 139 -1
11 140 141 142 143 144 145 146 147 148 149 150 151 152 153 154 155 156 157 158 159 -1
12 160 161 162 163 164 165 166 167 168 169 170 171 172 173 174 175 176 177 178 179 -1
13 180 181 182 183 184 185 186 187 188 189 190 191 192 193 194 195 196 197 198 199 -1
14 200 201 202 203 204 205 206 207 208 209 210 211 212 213 214 215 216 217 218 219 -1
15 220 221 222 223 224 225 226 227 228 229 230 231 232 233 234 235 236 237 238 239 -1
16 240 241 242 243 244 245 246 247 248 249 250 251 252 253 254 255 256 257 258 259 -1
17 260 261 262 263 264 265 266 267 268 269 270 271 272 273 274 275 276 277 278 279 -1
18 280 281 282 283 284 285 286 287 288 289 290 291 292 293 294 295 296 297 298 299 -1
19 300 301 302 303 304 305 306 307 308 309 310 311 312 313 314 315 316 317 318 319 -1
20 320 321 322 323 324 325 326 327 328 329 330 331 332 333 -1
21 334 335 336 337 338 339 340 341 342 343 344 345 346 347 -1
22 348 349 350 351 352 353 354 355 356 357 358 359 360 361 362 363 364 365 366 367 -1
23 368 369 370 371 372 373 374 375 376 377 378 379 380 381 382 383 384 385 386 387 -1
24 388 389 390 391 392 393 394 395 396 397 398 399 400 401 402 403 404 405 406 407 -1
25 408 409 410 411 412 413 414 415 416 417 418 419 420 421 422 423 424 425 426 427 -1
26 428 429 430 431 432 433 434 435 436 437 438 439 440 441 442 443 444 445 446 447 -1
27 448 449 450 451 452 453 454 455 456 457 458 459 460 461 462 463 464 465 466 467 -1
28 468 469 470 471 472 473 474 475 476 477 478 479 480 481 482 483 484 485 486 487 -1
29 488 489 490 491 492 493 494 495 496 497 498 499 500 501 502 503 504 505 506 507 -1
30 508 509 510 511 512 513 514 515 516 517 518 519 520 521 522 523 524 525 526 527 528 529 530 531 532 533 534 535 536 537 538 539 540 541 542 543 544 545 546 547 548 549 550 551 552 553 554 555 556 557 558 559 560 561 562 563 564 565 566 567 568 569 570 571 572 573 574 575 576 577 578 579 580 581 582 583 584 585 586 587 588 589 590 591 592 593 594 595 596 597 598 599 600 601 602 603 604 605 606 607 608 609 610 611 612 613 614 615 616 617 618 619 620 621 622 623 624 625 626 627 628 629 630 631 632 633 634 635 636 637 638 639 640 641 642 643 644 645 646 647 648 649 650 651 652 653 654 655 656 657 658 659 660 661 662 663 664 665 666 667 668 669 670 671 672 673 674 675 676 677 678 679 680 681 682 683 684 685 686 687 688 689 690 691 692 693 694 695 696 697 698 699 700 701 702 703 704 705 706 707 708 709 710 711 712 713 714 715 716 717 718 719 720 721 722 723 724 725 726 727 728 729 730 731 732 733 734 735 736 737 738 739 740 741 742 743 744 745 746 747 748 749 750 751 752 753 754 755 756 757 758 759 760 761 762 763 764 765 766 767 -1
31 768 769 770 771 772 773 774 775 776 777 778 779 780 781 782 783 784 785 786 787 788 789 790 791 792 793 794 795 796 797 798 799 800 801 802 803 804 805 806 807 808 809 810 811 812 813 -1
32 814 815 816 817 818 819 820 821 822 823 824 825 826 827 828 829 830 831 832 833 834 835 836 837 838 839 840 841 842 843 844 845 846 847 848 849 850 851 852 853 854 855 856 857 858 859 -1
33 860 861 862 863 864 865 866 867 868 869 870 871 872 873 874 875 876 877 878 879 880 881 882 883 884 885 886 887 888 889 890 891 892 893 894 895 896 897 898 899 900 901 902 903 904 905 906 907 908 909 -1
34 910 911 912 913 914 915 916 917 918 919 920 921 922 923 924 925 926 927 928 929 930 931 932 933 934 935 936 937 938 939 940 941 942 943 944 945 946 947 948 949 950 951 952 953 954 955 -1
35 956 957 958 959 960 961 962 963 964 965 966 967 968 969 970 971 972 973 974 975 976 977 978 979 980 981 982 983 984 985 986 987 988 989 990 991 992 993 994 995 996 997 998 999 1000 1001 1002 1003 1004 1005 1006 1007 1008 1009 1010 1011 1012 1013 1014 1015 1016 1017 1018 1019 1020 1021 1022 1023 1024 1025 1026 1027 1028 1029 1030 1031 1032 1033 1034 1035 1036 1037 1038 1039 1040 1041 1042 1043 1044 1045 1046 1047 1048 1049 1050 1051 1052 1053 1054 1055 1056 1057 1058 1059 1060 1061 1062 1063 1064 1065 1066 1067 1068 1069 1070 1071 1072 1073 1074 1075 1076 1077 1078 1079 1080 1081 1082 1083 1084 1085 1086 1087 1088 1089 1090 1091 1092 1093 1094 1095 1096 1097 1098 1099 1100 1101 1102 1103 1104 1105 1106 1107 1108 1109 1110 1111 1112 1113 1114 1115 1116 1117 1118 1119 1120 1121 1122 1123 1124 1125 1126 1127 1128 1129 1130 1131 1132 1133 1134 1135 1136 1137 1138 1139 1140 1141 1142 1143 1144 1145 1146 1147 1148 1149 1150 1151 1152 1153 1154 1155 1156 1157 1158 1159 1160 1161 1162 1163 1164 1165 1166 1167 1168 1169 1170 1171 1172 1173 1174 1175 1176 1177 1178 1179 1180 1181 1182 1183 1184 1185 1186 1187 1188 1189 1190 1191 1192 1193 1194 1195 1196 1197 1198 1199 1200 1201 1202 1203 1204 1205 1206 1207 1208 1209 1210 1211 1212 1213 1214 1215 -1
36 1216 1217 1218 1219 1220 1221 1222 1223 1224 1225 1226 1227 1228 1229 1230 1231 1232 1233 1234 1235 1236 1237 1238 1239 1240 1241 1242 1243 1244 1245 1246 1247 1248 1249 1250 1251 1252 1253 1254 1255 1256 1257 1258 1259 1260 1261 -1
37 1262 1263 1264 1265 1266 1267 1268 1269 1270 1271 1272 1273 1274 1275 1276 1277 1278 1279 1280 1281 1282 1283 1284 1285 1286 1287 1288 1289 1290 1291 1292 1293 1294 1295 1296 1297 1298 1299 1300 1301 1302 1303 1304 1305 1306 1307 -1
38 1308 1309 1310 1311 1312 1313 1314 1315 1316 1317 1318 1319 1320 1321 1322 1323 1324 1325 1326 1327 1328 1329 1330 1331 1332 1333 1334 1335 1336 1337 1338 1339 1340 1341 1342 1343 1344 1345 1346 1347 1348 1349 1350 1351 1352 1353 1354 1355 1356 1357 -1
39 1358 1359 1360 1361 1362 1363 1364 1365 1366 1367 1368 1369 1370 1371 1372 1373 1374 1375 1376 1377 1378 1379 1380 1381 1382 1383 1384 1385 1386 1387 1388 1389 1390 1391 1392 1393 1394 1395 1396 1397 1398 1399 1400 1401 1402 1403 -1
GTSP_SET_ORDERING
11 31 30 -1
12 31 30 -1
13 32 30 -1
14 32 30 -1
15 33 30 -1
16 33 30 -1
17 34 30 -1
18 34 30 -1
22 36 35 -1
23 36 35 -1
24 37 35 -1
25 37 35 -1
26 38 35 -1
27 38 35 -1
28 39 35 -1
29 39 35 -1
31 30 -1
32 30 -1
33 30 -1
34 30 -1
36 35 -1
37 35 -1
38 35 -1
39 35 -1
EOF