NAME: Mc40v735
TYPE: PCGTSP 
COMMENT: 
DIMENSION: 736
GTSP_SETS: 41
EDGE_WEIGHT_TYPE: EUC_2D
NODE_COORD_SECTION
1 0.0 0.0
2 3239.59375 2349.0000000001164
3 2859.0 2349.000244140392
4 2829.7364516975795 2351.8824520800263
5 2801.597485145234 2360.4183142638067
6 2775.6644650470553 2374.2798022951465
7 2752.9339828220145 2392.934226962505
8 2734.279558154616 2415.6647091875784
9 2720.4180701233054 2441.5977292857133
10 2711.882207939514 2469.7366958380444
11 2709.0 2499.0002441405086
12 2689.0 2499.0002441405086
13 2689.0 2234.000244140625
14 2713.748737341528 2223.7489814821165
15 2724.0 2199.000244140625
16 3015.0 2199.000122070196
17 3306.0 2198.9999999998836
18 3319.0 2214.0
19 3319.0 2301.9999999998836
20 3378.0 2481.9995117186336
21 3353.251262658472 2492.250774377142
22 3343.0 2516.9995117186336
23 3052.0 2516.9997558592586
24 2761.0 2517.0
25 2748.0 2501.9999999996508
26 2748.0 2413.9999999998836
27 2827.40625 2366.9999999998836
28 3207.999999999989 2366.999755859375
29 3237.2635436113706 2364.1175002905075
30 3265.4024962707626 2355.5815923075425
31 3291.335493807961 2341.7200620674994
32 3314.065945671002 2323.0656004038174
33 3332.720333342175 2300.3350878166966
34 3346.581779164764 2274.402045157389
35 3355.1175955494036 2246.2630647119367
36 3357.9997558593677 2216.9995117184008
37 3377.9997558593677 2216.9995117184008
38 3473.0 2655.999999999767
39 3448.251262658472 2666.2512626582757
40 3438.0 2690.999999999767
41 3032.5 2691.000122070196
42 2627.0 2691.0002441405086
43 2612.0 2676.000244140625
44 2612.0 2391.000244140392
45 2627.0 2391.000244140392
46 2629.882207939496 2420.2637924428564
47 2638.4180701232726 2448.4027589951875
48 2652.2795581545724 2474.3357790934388
49 2670.933982821971 2497.0662613185123
50 2693.6644650470153 2515.7206859858707
51 2719.597485145201 2529.5821740172105
52 2747.7364516975613 2538.1180362011073
53 2777.0 2541.000244140625
54 3042.5 2541.0001220703125
55 3308.0 2541.0
56 3337.263548302417 2538.1177920605987
57 3365.402514854759 2529.5819298768183
58 3391.3355349529375 2515.7204418454785
59 3414.066017177978 2497.06601717812
60 3432.7204418453803 2474.3355349530466
61 3446.581929876691 2448.4025148549117
62 3455.117792060486 2420.2635483025806
63 3458.0 2391.0000000001164
64 3473.0 2391.0000000001164
65 3495.0 2343.0
66 3487.6776695296176 2360.6776695295703
67 3470.0 2367.9999999998836
68 3388.0 2367.9999999998836
69 3388.0 2254.9999999998836
70 3403.0 2240.0
71 3459.999999999989 2240.0
72 3487.677734375 2267.6777343751164
73 3493.097030675086 2275.7883555218577
74 3495.0 2285.3554687501164
75 4233.0 184.99999999976717
76 3999.1730957031177 320.00009155261796
77 3531.1514663696216 320.0002746580867
78 3063.1298370361255 320.00045776355546
79 2595.1082077026294 320.0006408690242
80 2127.0865783691333 320.00082397449296
81 1659.0649490356373 320.0010070799617
82 1191.0433197021412 320.00119018543046
83 723.0216903686451 320.0013732908992
84 255.00006103514897 320.00155639636796
85 255.0 180.00155639648438
86 262.0 180.0015411375789
87 269.0710678118194 177.07260894950014
88 272.0 170.0015411376953
89 767.125 170.0013484954834
90 1262.25 170.00115585327148
91 1757.375 170.00096321105957
92 2252.5 170.00077056884766
93 2747.625 170.00057792663574
94 3242.75 170.00038528442383
95 3737.875 170.0001926422119
96 4233.0 170.0
97 4233.0 160.0
98 3764.978355407715 160.0
99 3296.9567108154297 160.0
100 2828.9350662231445 160.0
101 2360.9134216308594 160.0
102 1892.8917770385742 160.0
103 1424.870132446289 160.0
104 956.8484878540039 160.0
105 488.82684326171875 160.0
106 255.0 25.0
107 255.0 9.99999999976717
108 750.125 9.99999999976717
109 1245.25 9.99999999976717
110 1740.375 9.99999999976717
111 2235.5 9.99999999976717
112 2730.625 9.99999999976717
113 3225.75 9.99999999976717
114 3720.875 9.99999999976717
115 4216.0 9.99999999976717
116 4218.928932188086 17.071067811804824
117 4226.0 20.0
118 4233.0 20.0
119 4338.3203125 102.67775726306718
120 4330.212399804168 108.09594083682168
121 4320.6484375 110.00003814685624
122 4271.0 110.00007629406173
123 4253.32233586513 102.67775121855084
124 4246.0 85.00009155285079
125 4246.0 10.000093459850177
126 4351.0 10.000011444091797
127 4366.0 25.0
128 4366.0 75.0
129 4374.0 303.9999999998836
130 4358.994140625 319.00799560546875
131 4073.8879394531177 319.00814819324296
132 4073.8879394531177 304.0001525878906
133 4358.994140625 118.93000793457031
134 4374.0 118.93000030505937
135 4378.0 344.9999999998836
136 4144.17333984375 480.0000915527344
137 3676.151679992676 480.0002746582031
138 3208.1300201416016 480.0004577636719
139 2740.1083602905273 480.0006408691406
140 2272.0867004394568 480.0008239747258
141 1804.0650405883825 480.00100708019454
142 1336.0433807373083 480.0011901856633
143 868.0217208862341 480.00137329113204
144 400.0000610351599 480.0015563966008
145 400.0 340.0015563966008
146 407.0 340.0015563966008
147 414.07106781186667 337.07262420852203
148 417.0 330.0015563966008
149 912.125 330.00136184704024
150 1407.25 330.0011672974797
151 1902.375 330.00097274791915
152 2397.5 330.0007781983586
153 2892.625 330.00058364868164
154 3387.75 330.0003890991211
155 3882.875 330.00019454956055
156 4378.0 330.0
157 5390.369140625 465.51800537097733
158 5375.36474609375 480.2550048826961
159 4890.181396484375 471.5429992674617
160 4404.998046875 462.83099365222733
161 4389.994140625 447.55499267589767
162 4389.994140625 25.004999160650186
163 4405.0 9.99999999976717
164 4890.181396484375 9.99999999976717
165 5375.36279296875 9.99999999976717
166 5390.369140625 25.004999160650186
167 5806.210449218746 145.00001525855623
168 5780.229980468746 160.00001525855623
169 5565.0 160.00010681163985
170 5535.736446085499 162.88231586746406
171 5507.597474572303 171.41818131448235
172 5481.664450773977 185.27967450325377
173 5458.933966637669 203.93410581804346
174 5440.279542259665 226.66459564713296
175 5426.418056984945 252.59762367571238
176 5417.882200125325 280.73659779375885
177 5415.0 310.0001525878906
178 5400.0 310.00018310546875
179 5400.0 25.000167846796103
180 5415.0 10.000163078308105
181 5832.999999999996 9.99999999976717
182 5843.564453124996 24.329172134399414
183 5868.722656249996 383.40377807605546
184 5697.099609375 482.49041748035233
185 5427.099609375 482.49047851539217
186 5419.599609375 469.50009155250154
187 5778.999999999996 262.0
188 5785.072023266828 266.65920771390665
189 5792.660156249996 265.6602478028508
190 5798.722656249996 262.1602478029672
191 5891.999999999996 181.99999999988358
192 5649.946044921871 321.75006103503983
193 5407.89208984375 461.5001220701961
194 5400.39208984375 448.5097656248836
195 5449.80517578125 264.0963134766789
196 5614.5 169.00968933093827
197 5884.499999999996 169.00961303699296
198 9239.578124999996 985.9939575192984
199 9224.570312499996 1000.9999389648438
200 9025.999999999996 1001.0
201 9010.992187499996 985.9940185545711
202 9010.992187499996 800.9249877930852
203 9025.999999999996 800.9249877930852
204 9239.578124999996 870.9509887694148
205 9240.007812499996 855.0750122070312
206 9224.999999999996 855.0750122070312
207 9011.421874999996 785.0490722653922
208 9011.421874999996 670.006103515625
209 9026.429687499996 655.0001220703125
210 9224.999999999996 655.0000000001164
211 9240.007812499996 670.0059814454289
212 9232.000000000011 630.0
213 9216.999999999996 644.9999999998836
214 8931.999999999996 645.0000610349234
215 8931.999999999996 630.0000610351562
216 8961.263552043809 627.1178523515118
217 8989.402521903397 618.5819879922783
218 9015.335544468344 604.7204965226119
219 9038.066027967569 586.0660674236715
220 9056.720452442034 563.3355801291764
221 9070.581938635612 537.4025547441561
222 9079.117797269955 509.2635831478983
223 9081.999999999996 480.00003051769454
224 9081.999999999996 264.770263671875
225 9096.999999999996 238.78950500464998
226 9217.670898437496 201.43562316871248
227 9232.000000000011 211.99999999988358
228 8995.999999999996 605.0
229 8845.945312499996 605.0001220703125
230 8845.945312499996 307.3887915611267
231 8845.945312499996 9.777461051940918
232 9264.101562499996 9.777134895441122
233 9264.101562499996 159.83279418956954
234 9146.054687499996 159.8328857421875
235 9116.776423138454 162.70713640539907
236 9088.622263484493 171.2406805154169
237 9062.67517778552 185.1052693888778
238 9039.933238660906 203.76759201369714
239 9021.271230547503 226.5097892265767
240 9007.407000510557 252.45706666342448
241 8998.873845759186 280.6113443293143
242 8995.999999999996 309.8896484375
243 9264.101562499996 1250.22265625
244 8845.945312499996 1250.22265625
245 8845.945312499996 952.6113281251164
246 8845.945312499996 655.0000000001164
247 8995.999999999996 655.0000000001164
248 8995.999999999996 950.1103515625
249 8998.873866612234 979.3886383598438
250 9007.407035571738 1007.5428958460689
251 9021.271272964372 1033.490152128972
252 9039.933281848822 1056.2323290583445
253 9062.675215871543 1074.8946339534596
254 9088.622291695323 1088.7592090745457
255 9116.7764381114 1097.2927444892703
256 9146.054687499996 1100.1669921875
257 9264.101562499996 1100.1669921875
258 9434.999999999996 1411.0000000002328
259 9053.999999999996 1411.0001220703125
260 8672.999999999996 1411.0002441403922
261 8674.470703124996 1396.0002441405086
262 8908.297851562496 1261.000244140625
263 9201.172851562496 1261.000122070429
264 9434.999999999996 1395.9999999997672
265 9849.999999999996 1571.0000000001164
266 9443.999999999996 1571.000152588007
267 9037.999999999996 1571.0003051757812
268 8631.999999999996 1571.0004577635555
269 8225.999999999996 1571.000610351446
270 8225.999999999996 1556.000610351446
271 8459.827148437496 1421.0004882811336
272 8845.275716145832 1421.0003662109375
273 9230.72428385416 1421.000244140625
274 9616.172851562496 1421.000122070429
275 9849.999999999996 1556.0
276 9740.999999999996 2690.999999999767
277 9284.142857142851 2691.000174385961
278 8827.285714285714 2691.000348772155
279 8370.428571428569 2691.000523158349
280 7913.571428571424 2691.000697544543
281 7456.714285714279 2691.000871930737
282 6999.857142857141 2691.001046316931
283 6542.999999999996 2691.001220703125
284 6542.999999999996 2676.001220703125
285 6776.827148437496 2541.001220702892
286 7231.884765624996 2541.001017252449
287 7686.942382812496 2541.0008138018893
288 8141.999999999996 2541.000610351446
289 8597.057617187496 2541.000406901003
290 9052.115234374996 2541.000203450443
291 9507.172851562496 2541.0
292 9740.999999999996 2676.0
293 9866.999999999996 2531.0
294 9411.571428571424 2531.000174386194
295 8956.142857142851 2531.0003487722715
296 8500.714285714279 2531.0005231584655
297 8045.285714285714 2531.0006975446595
298 7589.857142857141 2531.0008719308535
299 7134.428571428569 2531.001046316931
300 6678.999999999996 2531.001220703125
301 6678.999999999996 2516.001220703125
302 6912.827148437496 2381.001220702892
303 7366.218098958332 2381.0010172523325
304 7819.609049479161 2381.0008138018893
305 8272.999999999996 2381.000610351446
306 8726.390950520832 2381.0004069008864
307 9179.78190104166 2381.000203450327
308 9633.172851562496 2380.9999999998836
309 9866.999999999996 2515.999999999767
310 9892.999999999996 2370.9975585936336
311 9437.571428571424 2370.9979073660215
312 8982.142857142851 2370.998256138293
313 8526.714285714279 2370.998604910681
314 8071.285714285714 2370.9989536829526
315 7615.857142857141 2370.9993024553405
316 7160.428571428569 2370.999651227612
317 6704.999999999996 2371.0
318 6704.999999999996 2356.0000000001164
319 6938.826660156246 2220.999755859375
320 7392.217692057286 2220.999430338503
321 7845.608723958332 2220.999104817747
322 8298.999755859371 2220.9987792969914
323 8752.39078776041 2220.9984537761193
324 9205.781819661457 2220.998128255247
325 9659.172851562496 2220.9978027344914
326 9892.999999999996 2355.997558593517
327 9895.999999999996 2210.997558593517
328 9449.142857142851 2210.997907365905
329 9002.285714285714 2210.9982561381767
330 8555.428571428569 2210.9986049105646
331 8108.571428571424 2210.9989536829526
332 7661.714285714279 2210.9993024553405
333 7214.857142857141 2210.999651227612
334 6767.999999999996 2211.0
335 6767.999999999996 2196.0
336 7001.826660156246 2060.9997558594914
337 7445.217692057286 2060.9994303386193
338 7888.608723958332 2060.9991048178636
339 8331.999755859371 2060.9987792969914
340 8775.39078776041 2060.9984537761193
341 9218.781819661457 2060.9981282553636
342 9662.172851562496 2060.9978027344914
343 9895.999999999996 2195.9975585936336
344 10007.999999999996 2051.0
345 9561.142857142851 2051.0001743860776
346 9114.285714285714 2051.0003487722715
347 8667.428571428569 2051.000523158349
348 8220.571428571424 2051.000697544543
349 7773.714285714279 2051.0008719306206
350 7326.857142857141 2051.0010463168146
351 6879.999999999996 2051.001220702892
352 6879.999999999996 2036.0012207028922
353 7113.827148437496 1901.001098632929
354 7557.218098958332 1901.0009358724346
355 8000.609049479161 1901.0007731120568
356 8443.999999999996 1901.000610351679
357 8887.390950520832 1901.0004475911846
358 9330.78190104166 1901.0002848306904
359 9774.172851562496 1901.0001220703125
360 10007.999999999996 2036.0
361 10237.999999999996 1731.0
362 9818.66666666666 1731.0001627603779
363 9399.333333333332 1731.0003255207557
364 8979.999999999996 1731.0004882811336
365 8560.66666666666 1731.0006510416279
366 8141.333333333332 1731.0008138020057
367 7721.999999999996 1731.0009765623836
368 7721.999999999996 1716.0009765625
369 7955.826660156246 1581.0008544921875
370 8365.495898437493 1581.0007080078358
371 8775.165136718748 1581.0005615233677
372 9184.834374999995 1581.000415039016
373 9594.50361328125 1581.0002685545478
374 10004.172851562496 1581.000122070196
375 10237.999999999996 1716.0
376 10342.999999999996 1890.99755859375
377 9896.428571428569 1890.9979073660215
378 9449.857142857141 1890.9982561384095
379 9003.285714285714 1890.998604910681
380 8556.714285714279 1890.9989536829526
381 8110.142857142851 1890.999302455224
382 7663.571428571424 1890.999651227612
383 7216.999999999996 1890.9999999998836
384 7216.999999999996 1876.0
385 7450.826660156246 1740.9998779293383
386 7893.884358723957 1740.9995320634916
387 8336.94205729166 1740.999186197645
388 8779.999755859371 1740.9988403319148
389 9223.057454427082 1740.9984944660682
390 9666.115152994786 1740.9981486002216
391 10109.172851562496 1740.997802734375
392 10342.999999999996 1875.9975585939828
393 10421.013671874996 1751.6787109375
394 10412.903050728262 1757.0980072375387
395 10403.335937499996 1759.0009765625
396 10272.541992187496 1759.001098632696
397 10254.864322657832 1751.6787681623828
398 10247.541992187496 1734.001098632696
399 10247.541992187496 1659.001098632696
400 10432.790039062496 1659.0009765626164
401 10447.999999999996 1673.9999999998836
402 10448.691406249989 1724.0009765625
403 10912.000000000011 1890.9999999998836
404 10632.500000000004 1891.000122070196
405 10352.999999999996 1891.000244140625
406 10352.999999999996 1876.0002441407414
407 10487.999999999996 1741.000122070196
408 10678.172851562496 1741.000122070196
409 10912.000000000011 1876.0
410 11094.999999999996 2021.0
411 11043.038085937496 2051.0
412 10548.787109374996 2051.0002441405086
413 10054.536132812496 2051.0004882811336
414 9820.708984374996 1916.0004882811336
415 9818.999999999996 1901.00048828125
416 10234.333333333332 1901.0003255208721
417 10649.66666666666 1901.0001627604943
418 11064.999999999996 1901.0000000001164
419 11073.786796564451 1922.2132034356473
420 11094.999999999996 1930.9999999998836
421 11229.999999999996 2076.0000000001164
422 10996.172851562496 2211.0
423 10645.057617187496 2211.000162760378
424 10293.942382812496 2211.0003255207557
425 9942.827148437496 2211.0004882811336
426 9708.999999999996 2076.0004882813664
427 9708.999999999996 2061.00048828125
428 10089.249999999996 2061.000366210821
429 10469.499999999996 2061.0002441405086
430 10849.749999999996 2061.000122070196
431 11229.999999999996 2060.999999999767
432 11291.999999999996 2211.0
433 11262.769761244297 2210.801731830812
434 11233.540039062496 2210.5380859376164
435 11207.246836389695 2210.2653117954032
436 11180.954970401795 2209.8849233099027
437 11154.664881547167 2209.396926853573
438 11128.377010244421 2208.8013306014473
439 11102.091796874996 2208.0981445311336
440 11107.1588426989 2181.0399116044864
441 11120.608002187513 2157.0202731487807
442 11141.02850711488 2138.5588024326134
443 11166.278320312496 2127.592041015625
444 11291.988281249996 2095.8071289063664
445 11278.999999999996 2531.0
446 10831.999999999996 2531.000162760378
447 10384.999999999996 2531.000325520872
448 9937.999999999996 2531.00048828125
449 9927.74873734148 2506.2517509397585
450 9902.999999999996 2496.0004882813664
451 9902.999999999996 2231.0004882811336
452 9922.999999999996 2231.0004882811336
453 9925.88220793947 2260.2640365835978
454 9934.418070123236 2288.4030031360453
455 9948.279558154525 2314.33602323418
456 9966.93398282192 2337.06650545937
457 9989.664465046972 2355.7209301267285
458 10015.597485145165 2369.5824181581847
459 10043.73645169754 2378.118280341965
460 10072.999999999996 2381.000488281483
461 10559.086425781246 2381.0002441407414
462 11045.172851562496 2380.9999999998836
463 11278.999999999996 2515.999999999767
464 11308.999999999996 2521.0
465 11288.999999999996 2521.0
466 11286.117792060479 2491.736451697536
467 11277.581929876691 2463.5974851452047
468 11263.72044184538 2437.66446504707
469 11245.066017177978 2414.9339828219963
470 11222.335534952934 2396.279558154638
471 11196.402514854763 2382.418070123298
472 11168.263548302417 2373.8822079395177
473 11138.999999999996 2371.0
474 10652.913574218746 2371.0
475 10166.827148437496 2371.0
476 9932.999999999996 2236.0000000001164
477 9932.999999999996 2221.0
478 10379.999999999996 2221.0
479 10826.999999999996 2221.0
480 11273.999999999996 2221.0
481 11284.251262658468 2245.7487373414915
482 11308.999999999996 2256.0
483 11430.999999999996 2671.0000000001164
484 11396.358398437496 2690.999999999767
485 10993.975585937496 2690.999999999767
486 10591.592773437496 2690.999999999767
487 10189.209960937496 2690.999999999767
488 9786.827148437496 2690.999999999767
489 9552.999999999996 2555.9999999998836
490 9552.999999999996 2541.0
491 10014.999999999996 2541.0
492 10476.999999999996 2541.0
493 10938.999999999996 2541.0
494 11400.999999999996 2541.0
495 11409.786796564444 2562.213203435531
496 11430.999999999996 2570.9999999998836
497 11427.677734374996 2503.322265625
498 11399.999999999996 2531.0
499 11333.999999999996 2531.0
500 11318.999999999996 2515.999999999767
501 11318.999999999996 2354.9999999998836
502 11409.999999999996 2354.9999999998836
503 11427.677669529705 2362.322330470197
504 11434.999999999996 2380.0
505 11434.999999999996 2485.64453125
506 11433.097030675086 2495.2116444782587
507 2595.88427734375 2673.01513671875
508 2164.8893280029297 2673.015218098997
509 1733.8943786621094 2673.015299479128
510 1302.899429321289 2673.015380859375
511 871.9044799804688 2673.015462239622
512 440.90953063964844 2673.015543619753
513 9.914581298828125 2673.015625
514 9.914494832355558 2229.1796949704876
515 9.91440836588663 1785.3437649408588
516 9.914321899414062 1341.50783491123
517 9.914235432941496 897.6719048817176
518 9.914148966472567 453.83597485220525
519 9.9140625 10.000044822576456
520 240.0 9.99999999976717
521 240.0000610351599 292.109375
522 242.02663557221967 320.5869352078298
523 248.0873065669075 348.4858008987503
524 258.058575962772 375.23747797473334
525 271.7372595922752 400.29684855556116
526 288.8446274526541 423.1532788244076
527 309.03208337631804 443.34102419309784
528 331.8882683613483 460.44871976191644
529 356.94744281784006 474.1277626854135
530 383.6989769253669 484.0994156395318
531 411.597755716899 490.1604866409907
532 440.07528686523074 492.1874694824219
533 878.5729929606096 492.1873830159893
534 1317.0706990559884 492.18729654944036
535 1755.5684051513635 492.1872100830078
536 2194.0661112467424 492.18712361657526
537 2632.563817342121 492.1870371500263
538 3071.0615234375 492.18695068359375
539 3071.0616455078125 894.8393096923828
540 3071.061767578125 1297.4916687010555
541 3071.0618896484375 1700.1440277098445
542 3071.06201171875 2102.7963867186336
543 2946.01513671875 2102.7963867186336
544 2917.0980877074326 2103.982147029019
545 2888.3778659755517 2107.552947318647
546 2860.0508479150412 2113.484372007195
547 2832.310721362068 2121.7358645910863
548 2805.3471612437643 2132.2510049507255
549 2779.3445326635556 2144.9578951272415
550 2754.48063029271 2159.769650928909
551 2730.9254626876645 2176.584996008198
552 2708.840089845413 2195.2889543446945
553 2688.3755219452614 2215.7536364017287
554 2669.671686806865 2237.8391135791317
555 2652.8564731246115 2261.3943749840837
556 2638.044856020333 2286.2583599783247
557 2625.3381108933936 2312.2610594404396
558 2614.82312094354 2339.224678214523
559 2606.5717831013317 2366.964850795921
560 2600.640516428197 2395.291901943041
561 2597.069876347414 2424.0121435932815
562 2595.88427734375 2452.9291992186336
563 6142.086425781246 2672.015625
564 5711.091471354161 2672.0157063801307
565 5280.096516927082 2672.015787760378
566 4849.101562499996 2672.0158691405086
567 4418.106608072914 2672.0159505206393
568 3987.111653645832 2672.0160319008864
569 3556.11669921875 2672.016113281017
570 3556.11669921875 2451.9301757813664
571 3554.931100215086 2423.0131201560143
572 3551.360460134303 2394.292878505774
573 3545.429193461172 2365.9658273586538
574 3537.17785561896 2338.2256547771394
575 3526.6628656691064 2311.2620360031724
576 3513.9561205421705 2285.2593365410576
577 3499.144503437892 2260.3953515468165
578 3482.3292897556385 2236.8400901418645
579 3463.625454617242 2214.7546129644616
580 3443.1608867170908 2194.2899309074273
581 3421.075513874839 2175.5859725709306
582 3397.5203462697937 2158.770627491642
583 3372.656443898948 2143.958871689858
584 3346.6538153187394 2131.2519815134583
585 3319.690255200436 2120.736841153819
586 3291.9501286474624 2112.4853485699277
587 3263.623110586952 2106.55392388138
588 3234.9028888550674 2102.983123591752
589 3205.98583984375 2101.79736328125
590 3080.93896484375 2101.79736328125
591 3080.9388427734375 1699.1450347899226
592 3080.938720703125 1296.4927062987117
593 3080.9385986328125 893.8403778075008
594 3080.9384765625 491.1880493161734
595 3519.436197916668 491.18796284974087
596 3957.933919270832 491.1878763833083
597 4396.431640624996 491.1877899168758
598 4834.929361979164 491.1877034504432
599 5273.427083333332 491.1876169840107
600 5711.924804687496 491.1875305175781
601 5740.402338274089 489.16054294013884
602 5768.301118720588 483.0994665165199
603 5795.05265355582 473.12780758854933
604 5820.11182769221 459.44875830074307
605 5842.96801121681 442.34105616097804
606 5863.155464479165 422.15330421586987
607 5880.2628284518105 399.29686757933814
608 5893.941506978768 374.23749105934985
609 5903.912770107188 347.4858086927561
610 5909.973433757852 319.5869385736296
611 5911.999999999996 291.1093750001164
612 5911.999999999996 9.0
613 6142.085937499996 8.999955177423544
614 6142.086018880207 452.83590014791116
615 6142.086100260411 896.6718451182824
616 6142.086181640621 1340.50779008877
617 6142.086263020832 1784.3437350591412
618 6142.086344401036 2228.1796800295124
619 8833.016601562496 1292.0205078126164
620 8431.012817382809 1419.5422973633977
621 8029.009033203121 1547.064086914179
622 7627.005249023434 1674.5858764648438
623 7225.001464843746 1802.107666015625
624 7196.819772775842 1811.6189910164103
625 7169.011121975851 1822.1713372846134
626 7141.6139523882775 1833.7501182943815
627 7114.666135166513 1846.3393286771607
628 7088.204920323402 1859.9215663465438
629 7062.266885240493 1874.478056552587
630 7036.887884107095 1889.9886778345099
631 7012.102998358951 1906.4319898345275
632 6987.946488185113 1923.7852629350964
633 6964.451745170012 1942.0245096776634
634 6941.651246136247 1961.1245179208927
635 6919.576508251786 1981.0588856914546
636 6898.258045463754 2001.8000576794147
637 6877.7253263189305 2023.3193633281626
638 6858.006733229366 2045.5870564652141
639 6839.129523239277 2068.5723564212676
640 6821.119790347639 2092.243490577792
641 6804.002429438351 2116.5677382862195
642 6787.801101868052 2141.511476098327
643 6772.538202758962 2167.040224243654
644 6758.23483004206 2193.118694290868
645 6744.910755293389 2219.710837927065
646 6732.584396403767 2246.7798967878334
647 6721.272792119726 2274.2884532676544
648 6710.991578490797 2302.1984822428785
649 6701.754967255776 2330.47140363371
650 6693.57572619784 2359.0681357336
651 6686.465161495591 2387.9491492320085
652 6680.433102094521 2417.074521855684
653 6675.487886120423 2446.4039935530163
654 6671.636349353623 2475.897022146499
655 6668.883815779835 2505.512839373201
656 6667.2340902308315 2535.210507239448
657 6666.689453124996 2564.9489746092586
658 6666.689453124996 2592.970458984375
659 6410.591796874996 2592.970581054571
660 6154.494140624996 2592.9707031248836
661 6154.493815104161 2162.475931008579
662 6154.493489583332 1731.9811588921584
663 6154.493164062496 1301.486386775854
664 6154.492838541661 870.9916146595497
665 6154.492513020832 440.4968425431289
666 6154.492187499996 10.002070426824503
667 6617.002604166661 10.001710255863145
668 7079.513020833332 10.001350084785372
669 7542.023437499996 10.000989913824014
670 7965.682291666661 10.000659942510538
671 8389.341145833332 10.000329971080646
672 8812.999999999996 9.99999999976717
673 8815.930314517656 17.076352305011824
674 8823.007812499996 20.00389862060547
675 8833.007812499996 20.003890991210938
676 8833.010742187496 444.0094299316406
677 8833.013671874996 868.0149688721867
678 11987.508789062496 2592.9677734376164
679 11731.411132812496 2592.967895507696
680 11475.313476562496 2592.968017577892
681 11475.313476562496 2564.946533203125
682 11474.768811292739 2535.2080737913493
683 11473.119058171378 2505.5104149093386
684 11470.366497653766 2475.8946076597786
685 11466.514934607021 2446.401590002468
686 11461.569693050511 2417.0721301644808
687 11455.537608796501 2387.9467702870024
688 11448.427020000989 2359.0657703836914
689 11440.247755637833 2330.4690526888007
690 11431.0111219122 2302.1961464735214
691 11420.729886631958 2274.2861334037734
692 11409.418261558738 2246.7775935181417
693 11397.091882762976 2219.708551898133
694 11383.767789010188 2193.116426106775
695 11369.464398208253 2167.037974465522
696 11354.20148194832 2141.509245243622
697 11338.00013817452 2116.565526828752
698 11320.882762020268 2092.241298947134
699 11302.873014851426 2068.5701850031037
700 11283.995791559191 2045.5849056005245
701 11264.27718614785 2023.31723331369
702 11243.744455665033 2001.7979487680132
703 11222.425982524252 1981.0567980915075
704 11200.35123527185 1961.1224517972441
705 11177.550727852638 1942.0224651515018
706 11154.055977430402 1923.7832400847692
707 11129.899460821736 1906.4299886955414
708 11105.114569603258 1889.986698400462
709 11079.735563954437 1874.4760987758636
710 11053.79752529971 1859.9196301386692
711 11027.336307815367 1846.337413909845
712 11000.388488868328 1833.7482248002198
713 10972.99131845518 1822.1694648583652
714 10945.182667711484 1811.6171394153498
715 10917.000976562496 1802.105834961054
716 10514.997070312496 1674.5845031739445
717 10112.993164062496 1547.0631713868352
718 9710.989257812496 1419.5418395997258
719 9308.985351562496 1292.0205078126164
720 9308.987630208332 868.0149765014648
721 9308.98990885416 444.0094451903133
722 9308.992187499996 20.0039138791617
723 9318.992187499996 20.003910064464435
724 9326.069689532069 17.076359705301
725 9328.999999999996 9.99999999976717
726 9752.65885416666 9.999835014110431
727 10176.317708333332 9.999670028570108
728 10599.976562499996 9.99950504291337
729 11062.48697916666 9.999324798583984
730 11524.997395833332 9.999144554138184
731 11987.507812499996 9.998964309808798
732 11987.50797526041 440.49376583111007
733 11987.508138020832 870.9885673524113
734 11987.508300781246 1301.4833688737126
735 11987.50846354166 1731.9781703950139
736 11987.508626302082 2162.472971916315
GTSP_SET_SECTION
1 1 -1
2 2 3 4 5 6 7 8 9 10 11 12 13 14 15 16 17 18 19 -1
3 20 21 22 23 24 25 26 27 28 29 30 31 32 33 34 35 36 37 -1
4 38 39 40 41 42 43 44 45 46 47 48 49 50 51 52 53 54 55 56 57 58 59 60 61 62 63 64 -1
5 65 66 67 68 69 70 71 72 73 74 -1
6 75 76 77 78 79 80 81 82 83 84 85 86 87 88 89 90 91 92 93 94 95 96 -1
7 97 98 99 100 101 102 103 104 105 106 107 108 109 110 111 112 113 114 115 116 117 118 -1
8 119 120 121 122 123 124 125 126 127 128 -1
9 129 130 131 132 133 134 -1
10 135 136 137 138 139 140 141 142 143 144 145 146 147 148 149 150 151 152 153 154 155 156 -1
11 157 158 159 160 161 162 163 164 165 166 -1
12 167 168 169 170 171 172 173 174 175 176 177 178 179 180 181 182 -1
13 183 184 185 186 187 188 189 190 -1
14 191 192 193 194 195 196 197 -1
15 198 199 200 201 202 203 204 -1
16 205 206 207 208 209 210 211 -1
17 212 213 214 215 216 217 218 219 220 221 222 223 224 225 226 227 -1
18 228 229 230 231 232 233 234 235 236 237 238 239 240 241 242 -1
19 243 244 245 246 247 248 249 250 251 252 253 254 255 256 257 -1
20 258 259 260 261 262 263 264 -1
21 265 266 267 268 269 270 271 272 273 274 275 -1
22 276 277 278 279 280 281 282 283 284 285 286 287 288 289 290 291 292 -1
23 293 294 295 296 297 298 299 300 301 302 303 304 305 306 307 308 309 -1
24 310 311 312 313 314 315 316 317 318 319 320 321 322 323 324 325 326 -1
25 327 328 329 330 331 332 333 334 335 336 337 338 339 340 341 342 343 -1
26 344 345 346 347 348 349 350 351 352 353 354 355 356 357 358 359 360 -1
27 361 362 363 364 365 366 367 368 369 370 371 372 373 374 375 -1
28 376 377 378 379 380 381 382 383 384 385 386 387 388 389 390 391 392 -1
29 393 394 395 396 397 398 399 400 401 402 -1
30 403 404 405 406 407 408 409 -1
31 410 411 412 413 414 415 416 417 418 419 420 -1
32 421 422 423 424 425 426 427 428 429 430 431 -1
33 432 433 434 435 436 437 438 439 440 441 442 443 444 -1
34 445 446 447 448 449 450 451 452 453 454 455 456 457 458 459 460 461 462 463 -1
35 464 465 466 467 468 469 470 471 472 473 474 475 476 477 478 479 480 481 482 -1
36 483 484 485 486 487 488 489 490 491 492 493 494 495 496 -1
37 497 498 499 500 501 502 503 504 505 506 -1
38 507 508 509 510 511 512 513 514 515 516 517 518 519 520 521 522 523 524 525 526 527 528 529 530 531 532 533 534 535 536 537 538 539 540 541 542 543 544 545 546 547 548 549 550 551 552 553 554 555 556 557 558 559 560 561 562 -1
39 563 564 565 566 567 568 569 570 571 572 573 574 575 576 577 578 579 580 581 582 583 584 585 586 587 588 589 590 591 592 593 594 595 596 597 598 599 600 601 602 603 604 605 606 607 608 609 610 611 612 613 614 615 616 617 618 -1
40 619 620 621 622 623 624 625 626 627 628 629 630 631 632 633 634 635 636 637 638 639 640 641 642 643 644 645 646 647 648 649 650 651 652 653 654 655 656 657 658 659 660 661 662 663 664 665 666 667 668 669 670 671 672 673 674 675 676 677 -1
41 678 679 680 681 682 683 684 685 686 687 688 689 690 691 692 693 694 695 696 697 698 699 700 701 702 703 704 705 706 707 708 709 710 711 712 713 714 715 716 717 718 719 720 721 722 723 724 725 726 727 728 729 730 731 732 733 734 735 736 -1
GTSP_SET_ORDERING
EOF