NAME: Mc40v1086
TYPE: PCGTSP 
COMMENT: 
DIMENSION: 1087
GTSP_SETS: 41
EDGE_WEIGHT_TYPE: EUC_2D
NODE_COORD_SECTION
1 0.0 0.0
2 2380.0 2391.0
3 2260.0 2391.0
4 2260.0 2361.0
5 2257.0710678118667 2353.928932188137
6 2250.0 2351.0
7 2210.0 2351.0
8 2202.9289321881333 2353.928932188137
9 2200.0 2361.0
10 2200.0 2391.0
11 2080.0 2391.0
12 2080.0 2231.0
13 2200.0 2231.0
14 2200.0 2261.0
15 2202.9289321881333 2268.071067811863
16 2210.0 2271.0
17 2250.0 2271.0
18 2257.0710678118667 2268.071067811863
19 2260.0 2261.0
20 2260.0 2231.0
21 2380.0 2231.0
22 2448.0 2221.0000000000873
23 2328.0 2221.0000000000873
24 2328.0 2191.0
25 2325.0710678118667 2183.928932188137
26 2318.0 2181.0
27 2278.0 2181.0
28 2270.9289321881333 2183.928932188137
29 2268.0 2191.0
30 2268.0 2221.0000000000873
31 2148.0 2221.0000000000873
32 2148.0 2061.0
33 2268.0 2061.0
34 2268.0 2091.0
35 2270.9289321881333 2098.071067811863
36 2278.0 2101.0
37 2318.0 2101.0
38 2325.0710678118667 2098.071067811863
39 2328.0 2091.0
40 2328.0 2061.0
41 2448.0 2061.0
42 2550.0 2051.0
43 2430.0 2051.0
44 2430.0 2021.0
45 2427.0710678118667 2013.928932188137
46 2420.0 2011.0
47 2380.0 2011.0
48 2372.9289321881333 2013.928932188137
49 2370.0 2021.0
50 2370.0 2051.0
51 2250.0 2051.0
52 2250.0 1891.0
53 2370.0 1891.0
54 2370.0 1921.0
55 2372.9289321881333 1928.071067811863
56 2380.0 1931.0
57 2420.0 1931.0
58 2427.0710678118667 1928.071067811863
59 2430.0 1921.0
60 2430.0 1891.0
61 2550.0 1891.0
62 2758.0 2221.0000000000873
63 2638.0 2221.0000000000873
64 2638.0 2191.0
65 2635.0710678118667 2183.928932188137
66 2628.0 2181.0
67 2588.0 2181.0
68 2580.9289321881333 2183.928932188137
69 2578.0 2191.0
70 2578.0 2221.0000000000873
71 2458.0 2221.0000000000873
72 2458.0 2061.0
73 2578.0 2061.0
74 2578.0 2091.0
75 2580.9289321881333 2098.071067811863
76 2588.0 2101.0
77 2628.0 2101.0
78 2635.0710678118667 2098.071067811863
79 2638.0 2091.0
80 2638.0 2061.0
81 2758.0 2061.0
82 2690.0 2391.0
83 2570.0 2391.0
84 2570.0 2361.0
85 2567.0710678118667 2353.928932188137
86 2560.0 2351.0
87 2520.0 2351.0
88 2512.9289321881333 2353.928932188137
89 2510.0 2361.0
90 2510.0 2391.0
91 2390.0 2391.0
92 2390.0 2231.0
93 2510.0 2231.0
94 2510.0 2261.0
95 2512.9289321881333 2268.071067811863
96 2520.0 2271.0
97 2560.0 2271.0
98 2567.0710678118667 2268.071067811863
99 2570.0 2261.0
100 2570.0 2231.0
101 2690.0 2231.0
102 3000.0 2391.0
103 2880.0 2391.0
104 2880.0 2361.0
105 2877.0710678118667 2353.928932188137
106 2870.0 2351.0
107 2830.0 2351.0
108 2822.9289321881333 2353.928932188137
109 2820.0 2361.0
110 2820.0 2391.0
111 2700.0 2391.0
112 2700.0 2231.0
113 2820.0 2231.0
114 2820.0 2261.0
115 2822.9289321881333 2268.071067811863
116 2830.0 2271.0
117 2870.0 2271.0
118 2877.0710678118667 2268.071067811863
119 2880.0 2261.0
120 2880.0 2231.0
121 3000.0 2231.0
122 3048.0 1494.0
123 2928.0 1494.0
124 2928.0 1464.0
125 2925.0710678118667 1456.928932188137
126 2918.0 1454.0
127 2878.0 1454.0
128 2870.9289321881333 1456.928932188137
129 2868.0 1464.0
130 2868.0 1494.0
131 2748.0 1494.0
132 2748.0 1334.0
133 2868.0 1334.0
134 2868.0 1364.0
135 2870.9289321881333 1371.071067811863
136 2878.0 1374.0
137 2918.0 1374.0
138 2925.0710678118667 1371.071067811863
139 2928.0 1364.0
140 2928.0 1334.0
141 3048.0 1334.0
142 3218.0 1308.0
143 3098.0 1308.0
144 3098.0 1278.0
145 3095.0710678118667 1270.928932188137
146 3088.0 1268.0
147 3048.0 1268.0
148 3040.9289321881333 1270.928932188137
149 3038.0 1278.0
150 3038.0 1308.0
151 2918.0 1308.0
152 2918.0 1148.0
153 3038.0 1148.0
154 3038.0 1178.0
155 3040.9289321881333 1185.071067811863
156 3048.0 1188.0
157 3088.0 1188.0
158 3095.0710678118667 1185.071067811863
159 3098.0 1178.0
160 3098.0 1148.0
161 3218.0 1148.0
162 3358.0 1478.0
163 3238.0 1478.0
164 3238.0 1448.0
165 3235.0710678118667 1440.928932188137
166 3228.0 1438.0
167 3188.0 1438.0
168 3180.9289321881333 1440.928932188137
169 3178.0 1448.0
170 3178.0 1478.0
171 3058.0 1478.0
172 3058.0 1318.0
173 3178.0 1318.0
174 3178.0 1348.0
175 3180.9289321881333 1355.071067811863
176 3188.0 1358.0
177 3228.0 1358.0
178 3235.0710678118667 1355.071067811863
179 3238.0 1348.0
180 3238.0 1318.0
181 3358.0 1318.0
182 3417.0 1138.0
183 3297.0 1138.0
184 3297.0 1108.0
185 3294.0710678118667 1100.928932188137
186 3287.0 1098.0
187 3247.0 1098.0
188 3239.9289321881333 1100.928932188137
189 3237.0 1108.0
190 3237.0 1138.0
191 3117.0 1138.0
192 3117.0 978.0
193 3237.0 978.0
194 3237.0 1008.0
195 3239.9289321881333 1015.071067811863
196 3247.0 1018.0
197 3287.0 1018.0
198 3294.0710678118667 1015.071067811863
199 3297.0 1008.0
200 3297.0 978.0
201 3417.0 978.0
202 3664.0 1267.0
203 3545.8229980468823 1287.8377685546002
204 3540.6135253906214 1258.2935791015916
205 3536.501236497261 1251.838590386993
206 3529.0290527343714 1250.1820068358793
207 3489.63671875 1257.1279296873836
208 3483.181680763042 1261.2402628174168
209 3481.5251464843823 1268.7125244140916
210 3486.7346191406214 1298.2567138671875
211 3368.5576171875 1319.0946044921875
212 3340.77392578125 1161.5252685546875
213 3458.9509277343823 1140.6875
214 3464.1604003906214 1170.231689453096
215 3468.2726522398807 1176.6867560014362
216 3475.7448730468714 1178.3433837890043
217 3515.13720703125 1171.3973388671875
218 3521.5921957458268 1167.2850499737833
219 3523.2487792968823 1159.8128662108793
220 3518.0393066406214 1130.2685546875
221 3636.21630859375 1109.4307861327834
222 3727.0 1066.0
223 3607.0 1066.0
224 3607.0 1036.0
225 3604.0710678118667 1028.928932188137
226 3597.0 1026.0
227 3557.0 1026.0
228 3549.9289321881333 1028.928932188137
229 3547.0 1036.0
230 3547.0 1066.0
231 3427.0 1066.0
232 3427.0 906.0
233 3547.0 906.0
234 3547.0 936.0
235 3549.9289321881333 943.071067811863
236 3557.0 946.0
237 3597.0 946.0
238 3604.0710678118667 943.071067811863
239 3607.0 936.0
240 3607.0 906.0
241 3727.0 906.0
242 3932.0 340.0
243 3812.0 340.0
244 3812.0 309.9999999998836
245 3809.071067811841 302.92893218807876
246 3802.0 300.0
247 3762.0 300.0
248 3754.928932188159 302.92893218807876
249 3752.0 309.9999999998836
250 3752.0 340.0
251 3632.0 340.0
252 3632.0 180.0
253 3752.0 180.0
254 3752.0 210.0
255 3754.9289321881333 217.07106781186303
256 3762.0 220.0
257 3802.0 220.0
258 3809.0710678118667 217.07106781186303
259 3812.0 210.0
260 3812.0 180.0
261 3932.0 180.0
262 3822.0 170.0
263 3702.0 170.0
264 3702.0 140.0
265 3699.0710678118667 132.92893218813697
266 3692.0 130.0
267 3652.0 130.0
268 3644.9289321881333 132.92893218813697
269 3642.0 140.0
270 3642.0 170.0
271 3522.0 170.0
272 3522.0 10.0
273 3642.0 10.0
274 3642.0 40.0
275 3644.9289321881333 47.07106781186303
276 3652.0 50.0
277 3692.0 50.0
278 3699.0710678118667 47.07106781186303
279 3702.0 40.0
280 3702.0 10.0
281 3822.0 10.0
282 4132.0 170.0
283 4012.0 170.0
284 4012.0 140.0
285 4009.0710678118667 132.92893218813697
286 4002.0 130.0
287 3962.0 130.0
288 3954.9289321881333 132.92893218813697
289 3952.0 140.0
290 3952.0 170.0
291 3832.0 170.0
292 3832.0 10.0
293 3952.0 10.0
294 3952.0 40.0
295 3954.9289321881333 47.07106781186303
296 3962.0 50.0
297 4002.0 50.0
298 4009.0710678118667 47.07106781186303
299 4012.0 40.0
300 4012.0 10.0
301 4132.0 10.0
302 4242.0 340.0
303 4122.0 340.0
304 4122.0 309.9999999998836
305 4119.071067811841 302.92893218807876
306 4112.0 300.0
307 4072.0 300.0
308 4064.928932188159 302.92893218807876
309 4062.0 309.9999999998836
310 4062.0 340.0
311 3942.0 340.0
312 3942.0 180.0
313 4062.0 180.0
314 4062.0 210.0
315 4064.9289321881333 217.07106781186303
316 4072.0 220.0
317 4112.0 220.0
318 4119.071067811867 217.07106781186303
319 4122.0 210.0
320 4122.0 180.0
321 4242.0 180.0
322 4339.0 510.0
323 4219.0 510.0
324 4219.0 480.0
325 4216.071067811867 472.92893218813697
326 4209.0 470.0
327 4169.0 470.0
328 4161.928932188133 472.92893218813697
329 4159.0 480.0
330 4159.0 510.0
331 4039.0 510.0
332 4039.0 350.0
333 4159.0 350.0
334 4159.0 380.0
335 4161.928932188133 387.07106781186303
336 4169.0 390.0
337 4209.0 390.0
338 4216.071067811867 387.07106781186303
339 4219.0 380.0
340 4219.0 350.0
341 4339.0 350.0
342 4442.0 170.0
343 4322.0 170.0
344 4322.0 140.0
345 4319.071067811867 132.92893218813697
346 4312.0 130.0
347 4272.0 130.0
348 4264.928932188133 132.92893218813697
349 4262.0 140.0
350 4262.0 170.0
351 4142.0 170.0
352 4142.0 10.0
353 4262.0 10.0
354 4262.0 40.0
355 4264.928932188133 47.07106781186303
356 4272.0 50.0
357 4312.0 50.0
358 4319.071067811867 47.07106781186303
359 4322.0 40.0
360 4322.0 10.0
361 4442.0 10.0
362 8992.999999999989 170.0
363 8872.999999999989 170.0
364 8872.999999999989 140.0
365 8870.07106781186 132.92893218813697
366 8863.000000000011 130.0
367 8823.000000000004 130.0
368 8815.928932188148 132.92893218813697
369 8813.000000000011 140.0
370 8813.000000000011 170.0
371 8693.000000000004 170.0
372 8693.000000000004 10.0
373 8813.000000000011 10.0
374 8813.000000000011 40.0
375 8815.928932188148 47.07106781186303
376 8823.000000000004 50.0
377 8863.000000000011 50.0
378 8870.07106781186 47.07106781186303
379 8872.999999999989 40.0
380 8872.999999999989 10.0
381 8992.999999999989 10.0
382 9061.000000000004 340.0
383 8941.000000000004 340.0
384 8941.000000000004 309.9999999998836
385 8938.071067811845 302.92893218807876
386 8931.000000000004 300.0
387 8891.000000000011 300.0
388 8883.92893218817 302.92893218807876
389 8881.000000000004 309.9999999998836
390 8881.000000000004 340.0
391 8761.000000000004 340.0
392 8761.000000000004 180.0
393 8881.000000000004 180.0
394 8881.000000000004 210.0
395 8883.92893218814 217.07106781186303
396 8891.000000000011 220.0
397 8931.000000000004 220.0
398 8938.071067811867 217.07106781186303
399 8941.000000000004 210.0
400 8941.000000000004 180.0
401 9061.000000000004 180.0
402 9164.000000000011 510.0
403 9044.000000000004 510.0
404 9044.000000000004 480.0
405 9041.071067811874 472.92893218813697
406 9034.000000000011 470.0
407 8994.000000000004 470.0
408 8986.928932188148 472.92893218813697
409 8984.000000000011 480.0
410 8984.000000000011 510.0
411 8864.000000000011 510.0
412 8864.000000000011 350.0
413 8984.000000000011 350.0
414 8984.000000000011 380.0
415 8986.928932188148 387.07106781186303
416 8994.000000000004 390.0
417 9034.000000000011 390.0
418 9041.071067811874 387.07106781186303
419 9044.000000000004 380.0
420 9044.000000000004 350.0
421 9164.000000000011 350.0
422 9371.000000000011 340.0
423 9251.000000000004 340.0
424 9251.000000000004 309.9999999998836
425 9248.071067811838 302.92893218807876
426 9240.999999999989 300.0
427 9200.999999999989 300.0
428 9193.928932188148 302.92893218807876
429 9190.999999999989 309.9999999998836
430 9190.999999999989 340.0
431 9070.999999999989 340.0
432 9070.999999999989 180.0
433 9190.999999999989 180.0
434 9190.999999999989 210.0
435 9193.928932188126 217.07106781186303
436 9200.999999999989 220.0
437 9240.999999999989 220.0
438 9248.071067811867 217.07106781186303
439 9251.000000000004 210.0
440 9251.000000000004 180.0
441 9371.000000000011 180.0
442 9303.000000000011 170.0
443 9183.000000000004 170.0
444 9183.000000000004 140.0
445 9180.071067811867 132.92893218813697
446 9173.000000000004 130.0
447 9133.000000000004 130.0
448 9125.92893218814 132.92893218813697
449 9123.000000000004 140.0
450 9123.000000000004 170.0
451 9003.000000000004 170.0
452 9003.000000000004 10.0
453 9123.000000000004 10.0
454 9123.000000000004 40.0
455 9125.92893218814 47.07106781186303
456 9133.000000000004 50.0
457 9173.000000000004 50.0
458 9180.071067811867 47.07106781186303
459 9183.000000000004 40.0
460 9183.000000000004 10.0
461 9303.000000000011 10.0
462 9613.000000000004 170.0
463 9493.000000000004 170.0
464 9493.000000000004 140.0
465 9490.071067811874 132.92893218813697
466 9483.000000000011 130.0
467 9442.999999999989 130.0
468 9435.928932188133 132.92893218813697
469 9433.000000000011 140.0
470 9433.000000000011 170.0
471 9313.000000000011 170.0
472 9313.000000000011 10.0
473 9433.000000000011 10.0
474 9433.000000000011 40.0
475 9435.928932188133 47.07106781186303
476 9442.999999999989 50.0
477 9483.000000000011 50.0
478 9490.071067811874 47.07106781186303
479 9493.000000000004 40.0
480 9493.000000000004 10.0
481 9613.000000000004 10.0
482 9661.000000000004 1066.0
483 9541.000000000004 1066.0
484 9541.000000000004 1036.0
485 9538.071067811867 1028.928932188137
486 9531.000000000004 1026.0
487 9491.000000000011 1026.0
488 9483.928932188126 1028.9289321881079
489 9480.999999999989 1036.0
490 9480.999999999989 1066.0
491 9360.999999999989 1066.0
492 9360.999999999989 906.0
493 9480.999999999989 906.0
494 9480.999999999989 936.0
495 9483.928932188126 943.0710678118921
496 9491.000000000011 946.0
497 9531.000000000004 946.0
498 9538.071067811867 943.071067811863
499 9541.000000000004 936.0
500 9541.000000000004 906.0
501 9661.000000000004 906.0
502 9815.999999999989 1236.0
503 9696.000000000011 1236.0
504 9696.000000000011 1206.0
505 9693.071067811874 1198.928932188137
506 9686.000000000011 1196.0
507 9646.000000000011 1196.0
508 9638.92893218814 1198.928932188137
509 9636.000000000004 1206.0
510 9636.000000000004 1236.0
511 9516.000000000004 1236.0
512 9516.000000000004 1076.0
513 9636.000000000004 1076.0
514 9636.000000000004 1106.0
515 9638.92893218814 1113.071067811863
516 9646.000000000011 1116.0
517 9686.000000000011 1116.0
518 9693.071067811874 1113.071067811863
519 9696.000000000011 1106.0
520 9696.000000000011 1076.0
521 9815.999999999989 1076.0
522 10004.000000000004 1406.0
523 9884.000000000004 1406.0
524 9884.000000000004 1376.0
525 9881.071067811867 1368.928932188137
526 9874.000000000004 1366.0
527 9834.000000000011 1366.0
528 9826.928932188126 1368.9289321881079
529 9823.999999999989 1376.0
530 9823.999999999989 1406.0
531 9703.999999999989 1406.0
532 9703.999999999989 1246.0
533 9823.999999999989 1246.0
534 9823.999999999989 1276.0
535 9826.928932188155 1283.071067811834
536 9834.000000000011 1285.9999999998836
537 9874.000000000004 1285.9999999998836
538 9881.071067811845 1283.0710678118048
539 9884.000000000004 1276.0
540 9884.000000000004 1246.0
541 10004.000000000004 1246.0
542 10126.000000000004 1143.0
543 10006.000000000004 1143.0
544 10006.000000000004 1113.0
545 10003.071067811896 1105.9289321880788
546 9996.000000000004 1102.9999999998836
547 9956.000000000004 1102.9999999998836
548 9948.928932188104 1105.9289321880788
549 9945.999999999989 1113.0
550 9945.999999999989 1143.0
551 9826.000000000011 1143.0
552 9826.000000000011 983.0
553 9945.999999999989 983.0
554 9945.999999999989 1013.0
555 9948.928932188126 1020.071067811863
556 9956.000000000004 1023.0
557 9996.000000000004 1023.0
558 10003.071067811867 1020.071067811863
559 10006.000000000004 1013.0
560 10006.000000000004 983.0
561 10126.000000000004 983.0
562 10314.000000000004 1324.0
563 10194.000000000004 1324.0
564 10194.000000000004 1294.0
565 10191.071067811867 1286.928932188137
566 10183.999999999989 1284.0
567 10143.999999999989 1284.0
568 10136.928932188133 1286.928932188137
569 10134.000000000004 1294.0
570 10134.000000000004 1324.0
571 10014.000000000011 1324.0
572 10014.000000000011 1163.9999999998836
573 10134.000000000004 1163.9999999998836
574 10134.000000000004 1194.0
575 10136.928932188133 1201.071067811863
576 10143.999999999989 1204.0
577 10183.999999999989 1204.0
578 10191.071067811867 1201.071067811863
579 10194.000000000004 1194.0
580 10194.000000000004 1163.9999999998836
581 10314.000000000004 1163.9999999998836
582 10314.000000000004 1494.0
583 10194.000000000004 1494.0
584 10194.000000000004 1464.0
585 10191.071067811867 1456.928932188137
586 10183.999999999989 1454.0
587 10143.999999999989 1454.0
588 10136.928932188133 1456.928932188137
589 10134.000000000004 1464.0
590 10134.000000000004 1494.0
591 10014.000000000011 1494.0
592 10014.000000000011 1334.0
593 10134.000000000004 1334.0
594 10134.000000000004 1364.0
595 10136.928932188133 1371.071067811863
596 10143.999999999989 1374.0
597 10183.999999999989 1374.0
598 10191.071067811867 1371.071067811863
599 10194.000000000004 1364.0
600 10194.000000000004 1334.0
601 10314.000000000004 1334.0
602 10549.999999999989 2217.0
603 10429.999999999989 2217.0
604 10429.999999999989 2187.0
605 10427.071067811852 2179.928932188137
606 10419.999999999989 2177.0
607 10380.000000000011 2177.0
608 10372.92893218814 2179.928932188137
609 10370.000000000004 2187.0
610 10370.000000000004 2217.0
611 10250.000000000004 2217.0
612 10250.000000000004 2057.0
613 10370.000000000004 2057.0
614 10370.000000000004 2087.0
615 10372.92893218814 2094.071067811863
616 10380.000000000011 2097.0
617 10419.999999999989 2097.0
618 10427.071067811852 2094.071067811863
619 10429.999999999989 2087.0
620 10429.999999999989 2057.0
621 10549.999999999989 2057.0
622 10435.000000000011 2391.0
623 10315.000000000004 2391.0
624 10315.000000000004 2361.0
625 10312.071067811867 2353.928932188137
626 10305.000000000004 2351.0
627 10265.000000000004 2351.0
628 10257.928932188148 2353.928932188137
629 10255.000000000011 2361.0
630 10255.000000000011 2391.0
631 10135.000000000004 2391.0
632 10135.000000000004 2231.0
633 10255.000000000011 2231.0
634 10255.000000000011 2261.0
635 10257.928932188148 2268.071067811863
636 10265.000000000004 2271.0
637 10305.000000000004 2271.0
638 10312.071067811867 2268.071067811863
639 10315.000000000004 2261.0
640 10315.000000000004 2231.0
641 10435.000000000011 2231.0
642 10745.000000000004 2391.0
643 10625.000000000004 2391.0
644 10625.000000000004 2361.0
645 10622.071067811867 2353.928932188137
646 10615.000000000004 2351.0
647 10575.000000000004 2351.0
648 10567.928932188126 2353.928932188137
649 10564.999999999989 2361.0
650 10564.999999999989 2391.0
651 10444.999999999989 2391.0
652 10444.999999999989 2231.0
653 10564.999999999989 2231.0
654 10564.999999999989 2261.0
655 10567.928932188126 2268.071067811863
656 10575.000000000004 2271.0
657 10615.000000000004 2271.0
658 10622.071067811867 2268.071067811863
659 10625.000000000004 2261.0
660 10625.000000000004 2231.0
661 10745.000000000004 2231.0
662 10860.000000000011 2221.0000000000873
663 10740.000000000004 2221.0000000000873
664 10740.000000000004 2191.0
665 10737.071067811867 2183.928932188137
666 10730.000000000004 2181.0
667 10690.000000000011 2181.0
668 10682.92893218814 2183.928932188137
669 10680.000000000004 2191.0
670 10680.000000000004 2221.0000000000873
671 10560.000000000011 2221.0000000000873
672 10560.000000000011 2061.0
673 10680.000000000004 2061.0
674 10680.000000000004 2091.0
675 10682.92893218814 2098.071067811863
676 10690.000000000011 2101.0
677 10730.000000000004 2101.0
678 10737.071067811867 2098.071067811863
679 10740.000000000004 2091.0
680 10740.000000000004 2061.0
681 10860.000000000011 2061.0
682 10951.999999999989 2051.0
683 10831.999999999989 2051.0
684 10831.999999999989 2021.0
685 10829.07106781186 2013.928932188137
686 10822.000000000004 2011.0
687 10782.000000000011 2011.0
688 10774.92893218814 2013.928932188137
689 10772.000000000004 2021.0
690 10772.000000000004 2051.0
691 10652.000000000004 2051.0
692 10652.000000000004 1891.0
693 10772.000000000004 1891.0
694 10772.000000000004 1921.0
695 10774.92893218814 1928.071067811863
696 10782.000000000011 1931.0
697 10822.000000000004 1931.0
698 10829.07106781186 1928.071067811863
699 10831.999999999989 1921.0
700 10831.999999999989 1891.0
701 10951.999999999989 1891.0
702 11054.999999999989 2391.0
703 10934.999999999989 2391.0
704 10934.999999999989 2361.0
705 10932.071067811852 2353.928932188137
706 10924.999999999989 2351.0
707 10885.000000000011 2351.0
708 10877.92893218814 2353.928932188137
709 10875.000000000004 2361.0
710 10875.000000000004 2391.0
711 10755.000000000011 2391.0
712 10755.000000000011 2231.0
713 10875.000000000004 2231.0
714 10875.000000000004 2261.0
715 10877.92893218814 2268.071067811863
716 10885.000000000011 2271.0
717 10924.999999999989 2271.0
718 10932.071067811852 2268.071067811863
719 10934.999999999989 2261.0
720 10934.999999999989 2231.0
721 11054.999999999989 2231.0
722 4029.1740722656214 898.4492797851854
723 3714.1203613281214 898.449432373076
724 3399.0666503906214 898.4495849609957
725 3369.756637324681 899.1610091898765
726 3340.5163694129515 901.3033730266907
727 3311.4156645357907 904.8715610839135
728 3282.5240073346504 909.8570534899482
729 3253.9103833014524 916.2479462324409
730 3225.6431140598397 924.0289795816352
731 3197.789694231549 933.1815745266795
732 3170.4166302774283 943.6838771371695
733 3143.589281697954 955.5108107445994
734 3117.371704972331 968.6341358184873
735 3091.8265006088986 983.0225173949439
736 3067.01466367198 998.6415998960147
737 3042.995438142105 1015.4540891615616
738 3019.8261754573505 1033.4198414977
739 2997.562197573552 1052.4959595291293
740 2976.256664870398 1072.6368946264265
741 2955.96044921875 1093.7945556640043
742 2642.309692382816 1437.0578613280377
743 2328.6589355468823 1780.3211669921002
744 2308.7811181101897 1802.6221455153136
745 2289.464601984655 1825.411034779856
746 2270.7213588664636 1848.6737110349932
747 2252.5630051573753 1872.3957568935584
748 2235.0007947653066 1896.5624702672067
749 2218.045612129543 1921.1588734783872
750 2201.7079654749577 1946.1697225429234
751 2185.9979802993766 1971.5795166176977
752 2170.925393098154 1997.3725076075352
753 2156.499545329829 2023.5327099252609
754 2142.729377626627 2050.0439103991084
755 2129.623424253379 2076.889678321051
756 2117.1898078182603 2104.0533756298246
757 2105.436234238703 2131.518167222879
758 2094.3699879655433 2159.267031389929
759 2083.9979274683537 2187.282770362537
760 2074.3264809848224 2215.5480209727248
761 2065.3616425367654 2244.045265413879
762 2057.1089682152196 2272.756842097908
763 2049.57357273699 2301.6649566010165
764 2042.760126274723 2330.7516926923417
765 2036.6728515625 2359.9990234375
766 1633.1382812500015 2359.9992187499884
767 1229.6037109374993 2359.999414062506
768 826.0691406250007 2359.999609374994
769 422.53457031249854 2359.9998046875116
770 19.0 2360.0
771 19.095699310302734 2353.1376953125
772 16.265469075060537 2346.0221826843917
773 9.23143768310183 2342.9951171875
774 15.688447570799326 1876.819919776899
775 22.145457458493183 1410.644722366298
776 28.60246734619068 944.4695249556971
777 35.059477233884536 478.29432754509617
778 41.51648712158203 12.119130134495208
779 532.5944889613565 12.118901797628496
780 1023.6724908011311 12.118673460761784
781 1514.7504926409056 12.118445123895071
782 2005.8284944806765 12.118216786999255
783 2496.906496320451 12.117988450132543
784 2987.9844981602255 12.117760113265831
785 3479.0625 12.117531776399119
786 3480.7628076122674 41.747542963246815
787 3484.2181089056758 71.22447465363075
788 3489.416229767303 100.44447034862242
789 3496.3388555828788 129.30457881561597
790 3504.961595764933 157.7031168178073
791 3515.254069688508 185.54002737626433
792 3527.1800137316495 212.7172323022387
793 3540.6974090435506 239.13897775727673
794 3555.758629590182 264.7121716241818
795 3572.31060995577 289.34671149982023
796 3590.2950323089535 312.9558021542907
797 3609.648531874838 335.45626133764745
798 3630.3029201890276 356.7688128572481
799 3652.185425347012 376.8183658926282
800 3675.218948402482 395.5342795641918
801 3699.322335011151 412.8506118231162
802 3724.4106613630356 428.70635178597877
803 3750.395533395731 443.04563469527056
804 3777.1853982344983 455.8179387485143
805 3804.6858667618217 466.97826310250093
806 3832.8000461799566 476.48728642531205
807 3861.428881394706 484.3115054377704
808 3890.471504017685 490.42335295610246
809 3919.8255877573574 494.80129501974443
810 3949.3877089467424 497.42990676220506
811 3979.0537109375 498.2999267577834
812 4029.173828125 498.29989624020527
813 6580.439941406254 2387.880859375
814 6089.361955915181 2387.8809640067047
815 5598.283970424109 2387.8810686384095
816 5107.205984933036 2387.8811732701142
817 4616.127999441967 2387.88127790179
818 4125.050013950895 2387.8813825334946
819 3633.9720284598225 2387.8814871651994
820 3142.89404296875 2387.881591796904
821 3141.193746995981 2358.2515622141655
822 3137.738455186234 2328.77461159206
823 3132.5403416335394 2299.554596620088
824 3125.617720948263 2270.694468721602
825 3116.994983728884 2242.2959113231336
826 3106.702510626161 2214.4589815912477
827 3094.7765653024 2187.281757899269
828 3081.2591666630433 2160.8599942659785
829 3066.1979408106454 2135.2867829836323
830 3049.6459532429653 2110.6522266241664
831 3031.6615218862935 2087.0431205791247
832 3012.3080116228157 2064.5426472518593
833 2991.6536110359593 2043.230082979455
834 2969.771092160263 2023.1805187167483
835 2946.7375540823195 2004.4645954672596
836 2922.6341512961444 1987.1482553921815
837 2897.545807770006 1971.2925094752281
838 2871.560917732244 1956.953222561482
839 2844.771034230227 1944.1809165278391
840 2817.270546559812 1933.0205922781606
841 2789.1563477017553 1923.511571190873
842 2760.527492936879 1915.6873565772257
843 2731.484850842764 1909.5755156383966
844 2702.130747901585 1905.1975823374232
845 2672.5686079713414 1902.5689815283695
846 2642.9025878906214 1901.698974609404
847 2592.7824707031323 1901.698974609404
848 2592.7824707031323 1501.549560546904
849 2907.8361816406323 1501.5494995117479
850 3222.8898925781323 1501.5494384765916
851 3252.199914218978 1500.8380366733763
852 3281.4401917621944 1498.6956944252015
853 3310.5409072661787 1495.127527070872
854 3339.432576026069 1490.142054437165
855 3368.046212484551 1483.7511804958049
856 3396.3134949509003 1475.970164939965
857 3424.1669287348413 1466.8175867482205
858 3451.540007305779 1456.3152998228907
859 3478.367371092543 1444.4883808088198
860 3504.584963544534 1431.3650692171068
861 3530.130184081583 1416.976699996565
862 3554.9420375673435 1401.357628714526
863 3578.961279949326 1384.5451495246962
864 3602.130559717807 1366.5794061189226
865 3624.394554845858 1347.5032958746888
866 3645.700104883508 1327.3623674277042
867 3665.9963378906323 1306.2047119140916
868 3979.647094726566 962.9414367676072
869 4293.2978515625 619.6781616210938
870 4312.410245852057 598.2567664562957
871 4331.004733028989 576.3842989934783
872 4349.07067085123 554.0732775715587
873 4366.597719583046 531.3364715285425
874 4383.575847912805 508.18689389299834
875 4399.995338694258 484.63779393644654
876 4415.8467945079465 460.70264959026827
877 4431.12114303968 436.3951597318519
878 4445.80964227291 411.7292363443121
879 4459.903885492098 386.71899655408924
880 4473.3958060941295 361.378754551406
881 4486.277682205109 335.72301339768455
882 4498.542141099864 309.7664567249594
883 4510.18216342157 283.52394033197197
884 4521.191087199179 257.01048368171905
885 4531.562611660283 230.24126130531658
886 4541.290800837254 203.23159411700908
887 4550.3700869645945 175.9969406456803
888 4558.795273665564 148.55288818728877
889 4566.56153892622 120.91514388375799
890 4573.664437855237 93.09952573332703
891 4580.0999052278385 65.12195353733841
892 4585.8642578125 36.998439788789256
893 4989.291406250002 36.998751831037225
894 5392.718554687501 36.999063873285195
895 5796.145703124999 36.99937591550406
896 6199.572851562505 36.99968795775203
897 6603.000000000004 37.0
898 6602.861328124989 46.8623046875
899 6605.691902174225 53.97815756502678
900 6612.726562500004 57.0048828125
901 6606.269238281257 523.1800781250058
902 6599.811914062502 989.3552734375116
903 6593.354589843755 1455.5304687499884
904 6586.897265625001 1921.7056640624942
905 10642.217773437504 1901.697509765596
906 10592.097656250004 1901.697509765596
907 10562.4316459711 1902.5675306158664
908 10532.869516602583 1905.1961441947788
909 10503.51542487994 1909.5740890649613
910 10474.472794556186 1915.685940341442
911 10445.843952007297 1923.5101640383073
912 10417.729765703978 1933.019192939828
913 10390.229290820145 1944.1795237284678
914 10363.43942023021 1956.951835027634
915 10337.4545431248 1971.2911259433022
916 10312.366212447789 1987.1468746165629
917 10288.262822326335 2004.4632162278867
918 10265.229296630332 2023.179139826796
919 10243.34678975883 2043.2287032925233
920 10222.692400707343 2064.5412656691624
921 10203.338901423722 2087.0417360559513
922 10185.354480409569 2110.6508381763997
923 10168.802502470531 2135.2853896935994
924 10153.741285462074 2160.858595287951
925 10140.223894817227 2187.280352464615
926 10128.297956580249 2214.4575690129714
927 10118.00548960501 2242.2944909999787
928 10109.382757509291 2270.6930401416903
929 10102.460140906584 2299.553159363888
930 10097.262030365539 2328.7731653350056
931 10093.806740474323 2358.25010672849
932 10092.106445312511 2387.880126953096
933 9601.028529575899 2387.8802315848006
934 9109.950613839294 2387.8803362165054
935 8618.872698102681 2387.88044084821
936 8127.794782366069 2387.8805454798858
937 7636.7168666294565 2387.8806501115905
938 7145.638950892851 2387.8807547432953
939 6654.561035156239 2387.880859375
940 6648.103515624989 1921.7056640624942
941 6641.645996093739 1455.5304687499884
942 6635.188476562489 989.3552734375116
943 6628.730957031239 523.1800781250058
944 6622.273437499989 57.0048828125
945 6629.308097825768 53.97815756502678
946 6632.138671875004 46.8623046875
947 6631.999999999989 37.0
948 7035.427148437495 36.999530792207224
949 7438.854296874993 36.99906158444355
950 7842.281445312499 36.99859237665078
951 8245.708593749998 36.998123168887105
952 8649.135742187504 36.99765396109433
953 8654.900096259229 65.12116457519005
954 8661.335564978868 93.09873361687642
955 8668.438465114818 120.91434859810397
956 8676.204731442402 148.55208972239052
957 8684.629919070536 175.99613899644464
958 8693.709205985684 203.23078928311588
959 8703.43739581166 230.24045329127694
960 8713.808920783657 257.0096724969335
961 8724.817844934918 283.52312599052675
962 8736.457867494024 309.7656392456847
963 8748.72232649109 335.7221928041836
964 8761.604202570586 361.3779308718513
965 8775.096123008774 386.71816982128075
966 8789.190365933344 411.72840659561916
967 8803.878864742921 436.39432700912585
968 8819.153212723813 460.7018139397551
969 8835.004667861493 484.636955408816
970 8851.424157843892 508.18605254314025
971 8868.402285253844 531.3356274156249
972 8885.929332947486 554.0724307588825
973 8903.995269615723 576.3834495483316
974 8922.589755525481 598.255914450041
975 8941.702148437489 619.6773071289062
976 9255.353027343746 962.9403991698928
977 9569.003906250011 1306.2034912108793
978 9589.300139257142 1327.3611467244918
979 9610.605689294793 1347.5020751714474
980 9632.869684422843 1366.5781854157103
981 9656.038964191324 1384.5439288214839
982 9680.058206573307 1401.3564080113138
983 9704.870060059064 1416.9754792933527
984 9730.41528059611 1431.3638485138654
985 9756.6328730481 1444.4871601056075
986 9783.460236834868 1456.3140791196784
987 9810.833315405802 1466.816366044979
988 9838.686749189746 1475.9689442367526
989 9866.954031656092 1483.7499597925635
990 9895.567668114574 1490.1408337339235
991 9924.459336874457 1495.1263063676597
992 9953.560052378441 1498.6944737219892
993 9982.800329921654 1500.836815970164
994 10012.110351562504 1501.5482177733793
995 10327.164062500004 1501.5481567382521
996 10642.217773437504 1501.548095703096
997 13216.000000000004 2360.0
998 12812.465429687505 2360.0001953124884
999 12408.930859375007 2360.000390625006
1000 12005.3962890625 2360.000585937494
1001 11601.861718750002 2360.0007812500116
1002 11198.327148437504 2360.0009765625
1003 11192.239858684621 2330.7536541660083
1004 11185.426397518018 2301.666926766222
1005 11177.890987679453 2272.7588212858536
1006 11169.63829934887 2244.0472539441544
1007 11160.67344725 2215.5500191529572
1008 11151.00198748046 2187.2847784883925
1009 11140.629914068228 2159.2690497448784
1010 11129.563655256807 2131.5201960781415
1011 11117.810069521202 2104.05541524422
1012 11105.37644131728 2076.8917289408855
1013 11092.270476567133 2050.0459722581727
1014 11078.500297883216 2023.5347832446278
1015 11064.074439534237 1997.3745925955882
1016 11049.001842155933 1971.5816134700435
1017 11033.291847209945 1946.1718314423342
1018 11016.954191194363 1921.1609945947712
1019 10999.998999609339 1896.564603757608
1020 10982.436780681706 1872.3979029021284
1021 10964.278418852318 1848.6758696930774
1022 10945.535168030274 1825.4132062058197
1023 10926.218644618133 1802.6243298147456
1024 10906.340820312489 1780.3233642577834
1025 10592.689453124996 1437.060302734346
1026 10279.038085937504 1093.7972412108793
1027 10258.741845765679 1072.6396013415651
1028 10237.436289548637 1052.4986886453698
1029 10215.172289219303 1033.4225942000048
1030 10192.00300521711 1015.4568665838451
1031 10167.983759555205 998.6444031181163
1032 10143.171903726387 983.025347439805
1033 10117.626681763151 968.6369936492702
1034 10091.409088778917 955.5136972620967
1035 10064.581725328087 943.6867931773304
1036 10037.20864793281 933.1845208582236
1037 10009.355216133215 924.0319569038984
1038 9981.087936426458 916.250955173251
1039 9952.474303467065 909.8600946038205
1040 9923.58263890792 904.8746348502464
1041 9894.481928266501 901.3064798483683
1042 9865.241656206079 899.1641493918141
1043 9835.931640625004 898.4527587890043
1044 9520.877929687504 898.4529113768949
1045 9205.824218750004 898.4530639647855
1046 9205.824218750004 498.3036193847074
1047 9255.944335937504 498.3035888671875
1048 9285.610354504559 497.4335671622539
1049 9315.172492052214 494.80495174688986
1050 9344.52659175784 490.42700407016673
1051 9373.569229782373 484.3151490355667
1052 9402.198079665413 476.4909206542652
1053 9430.312272853927 466.9818861740059
1054 9457.81275409427 455.8215489507129
1055 9484.602630435384 443.04923040565336
1056 9510.587512613518 428.70993148357957
1057 9535.67584761565 412.8541740999499
1058 9559.779241249907 395.5378231361974
1059 9582.812769586435 376.82188960994245
1060 9604.69527817146 356.772315713868
1061 9625.34966796025 335.45974248019047
1062 9644.7031669616 312.9592608899402
1063 9662.68758663673 289.35014730351395
1064 9679.239562149214 264.71558414478204
1065 9694.30077561949 239.1423668229254
1066 9707.818161597275 212.7205979246064
1067 9719.74409402809 185.54336975389742
1068 9730.036554054986 157.7064363383106
1069 9738.659278064359 129.30787605707883
1070 9745.581885454205 100.44774607964791
1071 9750.779985674653 71.2277298324625
1072 9754.235264163657 41.75077873587725
1073 9755.935546875004 12.120749473484466
1074 10247.013532366076 12.120521136617754
1075 10738.091517857141 12.120292799751041
1076 11229.169503348214 12.12006446288433
1077 11720.247488839279 12.119836125988513
1078 12211.325474330351 12.119607789121801
1079 12702.403459821417 12.119379452255089
1080 13193.481445312489 12.119151115388377
1081 13199.938867187495 478.29434432979906
1082 13206.3962890625 944.4695375442388
1083 13212.8537109375 1410.6447307586495
1084 13219.311132812505 1876.8199239730893
1085 13225.768554687511 2342.9951171875
1086 13218.73452576192 2346.0221840185986
1087 13215.904296875004 2353.1376953125
GTSP_SET_SECTION
1 1 -1
2 2 3 4 5 6 7 8 9 10 11 12 13 14 15 16 17 18 19 20 21 -1
3 22 23 24 25 26 27 28 29 30 31 32 33 34 35 36 37 38 39 40 41 -1
4 42 43 44 45 46 47 48 49 50 51 52 53 54 55 56 57 58 59 60 61 -1
5 62 63 64 65 66 67 68 69 70 71 72 73 74 75 76 77 78 79 80 81 -1
6 82 83 84 85 86 87 88 89 90 91 92 93 94 95 96 97 98 99 100 101 -1
7 102 103 104 105 106 107 108 109 110 111 112 113 114 115 116 117 118 119 120 121 -1
8 122 123 124 125 126 127 128 129 130 131 132 133 134 135 136 137 138 139 140 141 -1
9 142 143 144 145 146 147 148 149 150 151 152 153 154 155 156 157 158 159 160 161 -1
10 162 163 164 165 166 167 168 169 170 171 172 173 174 175 176 177 178 179 180 181 -1
11 182 183 184 185 186 187 188 189 190 191 192 193 194 195 196 197 198 199 200 201 -1
12 202 203 204 205 206 207 208 209 210 211 212 213 214 215 216 217 218 219 220 221 -1
13 222 223 224 225 226 227 228 229 230 231 232 233 234 235 236 237 238 239 240 241 -1
14 242 243 244 245 246 247 248 249 250 251 252 253 254 255 256 257 258 259 260 261 -1
15 262 263 264 265 266 267 268 269 270 271 272 273 274 275 276 277 278 279 280 281 -1
16 282 283 284 285 286 287 288 289 290 291 292 293 294 295 296 297 298 299 300 301 -1
17 302 303 304 305 306 307 308 309 310 311 312 313 314 315 316 317 318 319 320 321 -1
18 322 323 324 325 326 327 328 329 330 331 332 333 334 335 336 337 338 339 340 341 -1
19 342 343 344 345 346 347 348 349 350 351 352 353 354 355 356 357 358 359 360 361 -1
20 362 363 364 365 366 367 368 369 370 371 372 373 374 375 376 377 378 379 380 381 -1
21 382 383 384 385 386 387 388 389 390 391 392 393 394 395 396 397 398 399 400 401 -1
22 402 403 404 405 406 407 408 409 410 411 412 413 414 415 416 417 418 419 420 421 -1
23 422 423 424 425 426 427 428 429 430 431 432 433 434 435 436 437 438 439 440 441 -1
24 442 443 444 445 446 447 448 449 450 451 452 453 454 455 456 457 458 459 460 461 -1
25 462 463 464 465 466 467 468 469 470 471 472 473 474 475 476 477 478 479 480 481 -1
26 482 483 484 485 486 487 488 489 490 491 492 493 494 495 496 497 498 499 500 501 -1
27 502 503 504 505 506 507 508 509 510 511 512 513 514 515 516 517 518 519 520 521 -1
28 522 523 524 525 526 527 528 529 530 531 532 533 534 535 536 537 538 539 540 541 -1
29 542 543 544 545 546 547 548 549 550 551 552 553 554 555 556 557 558 559 560 561 -1
30 562 563 564 565 566 567 568 569 570 571 572 573 574 575 576 577 578 579 580 581 -1
31 582 583 584 585 586 587 588 589 590 591 592 593 594 595 596 597 598 599 600 601 -1
32 602 603 604 605 606 607 608 609 610 611 612 613 614 615 616 617 618 619 620 621 -1
33 622 623 624 625 626 627 628 629 630 631 632 633 634 635 636 637 638 639 640 641 -1
34 642 643 644 645 646 647 648 649 650 651 652 653 654 655 656 657 658 659 660 661 -1
35 662 663 664 665 666 667 668 669 670 671 672 673 674 675 676 677 678 679 680 681 -1
36 682 683 684 685 686 687 688 689 690 691 692 693 694 695 696 697 698 699 700 701 -1
37 702 703 704 705 706 707 708 709 710 711 712 713 714 715 716 717 718 719 720 721 -1
38 722 723 724 725 726 727 728 729 730 731 732 733 734 735 736 737 738 739 740 741 742 743 744 745 746 747 748 749 750 751 752 753 754 755 756 757 758 759 760 761 762 763 764 765 766 767 768 769 770 771 772 773 774 775 776 777 778 779 780 781 782 783 784 785 786 787 788 789 790 791 792 793 794 795 796 797 798 799 800 801 802 803 804 805 806 807 808 809 810 811 812 -1
39 813 814 815 816 817 818 819 820 821 822 823 824 825 826 827 828 829 830 831 832 833 834 835 836 837 838 839 840 841 842 843 844 845 846 847 848 849 850 851 852 853 854 855 856 857 858 859 860 861 862 863 864 865 866 867 868 869 870 871 872 873 874 875 876 877 878 879 880 881 882 883 884 885 886 887 888 889 890 891 892 893 894 895 896 897 898 899 900 901 902 903 904 -1
40 905 906 907 908 909 910 911 912 913 914 915 916 917 918 919 920 921 922 923 924 925 926 927 928 929 930 931 932 933 934 935 936 937 938 939 940 941 942 943 944 945 946 947 948 949 950 951 952 953 954 955 956 957 958 959 960 961 962 963 964 965 966 967 968 969 970 971 972 973 974 975 976 977 978 979 980 981 982 983 984 985 986 987 988 989 990 991 992 993 994 995 996 -1
41 997 998 999 1000 1001 1002 1003 1004 1005 1006 1007 1008 1009 1010 1011 1012 1013 1014 1015 1016 1017 1018 1019 1020 1021 1022 1023 1024 1025 1026 1027 1028 1029 1030 1031 1032 1033 1034 1035 1036 1037 1038 1039 1040 1041 1042 1043 1044 1045 1046 1047 1048 1049 1050 1051 1052 1053 1054 1055 1056 1057 1058 1059 1060 1061 1062 1063 1064 1065 1066 1067 1068 1069 1070 1071 1072 1073 1074 1075 1076 1077 1078 1079 1080 1081 1082 1083 1084 1085 1086 1087 -1
GTSP_SET_ORDERING
EOF