NAME: Sc10v160
TYPE: PCGTSP 
COMMENT: 
DIMENSION: 161
GTSP_SETS: 11
EDGE_WEIGHT_TYPE: EUC_2D
NODE_COORD_SECTION
1 0.0 0.0
2 260.0 190.00000000034925
3 253.3034043634434 215.0119663354708
4 234.99382619687094 233.32049441477284
5 209.98147583007812 240.01565551781096
6 59.424827575679956 240.0157165528508
7 34.41247226260384 233.3205834274413
8 16.10287488753238 215.01207803131547
9 9.40625 190.00012207042892
10 9.406189918518066 59.95324325573165
11 16.100182480047806 34.937974934931844
12 34.410112509602186 16.626239684410393
13 59.424720764160156 9.929780960199423
14 209.9813690185474 9.929710388183594
15 234.99598002673883 16.62614813039545
16 253.30592398552471 34.93786554178223
17 259.9999389648401 59.953125000349246
18 240.0703125 450.5751953126164
19 233.37386585721833 475.5898064825451
20 215.06213972614933 493.89974519691896
21 190.046875 500.59375
22 60.0 500.59375
23 34.98803775014676 493.8971391028026
24 16.67952084188437 475.5875497650122
25 9.984375 450.5751953126164
26 9.984375 300.01855468773283
27 16.679520841840713 275.0062002352206
28 34.9880377501031 256.6966108974302
29 60.0 250.00000000011642
30 190.046875 250.00000000011642
31 215.06213972619298 256.6940048033139
32 233.37386585725835 275.00394351768773
33 240.0703125 300.01855468773283
34 220.0234222412073 719.9814453125
35 213.32697813878985 744.9960520743625
36 195.01525827594378 763.3059901063098
37 170.0 770.0000000001164
38 59.9609375 770.0000610355055
39 34.94566471102007 763.306062595686
40 16.633930744676036 744.9961230282206
41 9.937480926510034 719.9815063481219
42 9.937421798698779 569.4248657230055
43 16.633864948529663 544.4102606142405
44 34.945582460797596 526.1003228382906
45 59.960838317867456 519.4063110356219
46 169.99990844725835 519.4062500001164
47 195.01517962366415 526.1002497127047
48 213.32691202294518 544.4101891096216
49 220.0233612060474 569.4248046877328
50 219.0791015625 959.9998779298039
51 212.38512220250777 985.015159641509
52 194.07519329436036 1003.3269094805
53 169.06057739257812 1010.0233764649602
54 59.018577575679956 1010.0234375
55 34.0039567302847 1003.3269984927028
56 15.694008613740152 985.0152713380521
57 9.0 960.0000000003492
58 8.999939918518066 829.9531250003492
59 15.693940752167691 804.9378671611194
60 34.0038696727097 786.6261420963565
61 59.018470764160156 779.9296875002328
62 169.0604705810474 779.929626465193
63 194.0750705689752 786.626057856367
64 212.3850128215854 804.9377595969709
65 219.0790405273401 829.9530029299203
66 220.07913208007085 1200.046875
67 213.3851272769898 1225.062139726244
68 195.07518856257957 1243.3738658572547
69 170.06057739257812 1250.0703125001164
70 60.018589019768115 1250.0703125001164
71 35.00397422148308 1243.3738687204896
72 16.694031981274748 1225.062142205541
73 10.000025749199267 1200.046875
74 10.0 1070.0000000001164
75 16.694002897795144 1044.9847385797184
76 35.00393691114732 1026.6730129604694
77 60.0185432434082 1019.9765625001164
78 170.0605316162073 1019.9765014649602
79 195.07516686884992 1026.6729531788733
80 213.38511458124776 1044.984705065377
81 220.0791015625 1070.0000000001164
82 440.0 1170.0
83 433.3060002777929 1195.0152559109265
84 414.9960740995448 1213.326980677084
85 389.9814758300781 1220.0234375003492
86 279.9404602050781 1220.0235595705453
87 254.92542331494406 1213.327448884258
88 236.6150709052672 1195.0156777091324
89 229.9208984375 1170.0001220705453
90 229.9208374023401 1039.9532470705453
91 236.61758547318823 1014.9409857555293
92 254.92756615087274 996.6324014739366
93 279.94033813475835 989.9375610355055
94 389.98135375975835 989.9375000001164
95 414.99372111230696 996.632635662565
96 433.3033229858811 1014.941153935506
97 439.9999389648401 1039.9531250003492
98 440.0000305175781 930.0468750002328
99 433.30341962032617 955.0588372501079
100 414.9938302825358 973.3673541584285
101 389.9814758300781 980.0625000002328
102 279.9404602050781 980.0625610352727
103 254.9276929500993 973.3677409399534
104 236.61770246574451 955.0591803650605
105 229.92092895507812 930.0469360353891
106 229.9208984375 800.0000610353891
107 236.61506582460788 774.9845142124686
108 254.92540569800985 756.6727444023127
109 279.9404296875 749.9766235352727
110 389.9814453125 749.9765625001164
111 414.9960564825051 756.6730091428617
112 433.30599519691896 774.9847352739889
113 440.0 800.0000000002328
114 440.0 690.0000000002328
115 433.3032315709461 715.0122355148196
116 414.99325362246964 733.3207947250921
117 389.9804992675781 740.0156250001164
118 279.93948364257085 740.0156860356219
119 254.92713391886355 733.3205605366966
120 236.6175347744138 715.0120673349593
121 229.9208984375 690.0001220704289
122 229.9208374023401 559.9454345705453
123 236.6174228598211 534.9334553352091
124 254.9270023909521 516.6249147201888
125 279.93936157225835 509.92974853515625
126 389.98037719725835 509.92971801781096
127 414.9931485379093 516.6245228517801
128 433.30315019354384 534.9330722556915
129 439.9999389648401 559.9453125003492
130 462.00003051757085 450.05468750023283
131 455.30325700690446 475.0669318299042
132 436.99326652255695 493.3754924047971
133 411.9804992675781 500.07031250023283
134 301.9394836425781 500.07034301769454
135 276.9271291901641 493.3751971758902
136 258.6175398523701 475.066680267686
137 251.92092895507812 450.05471801792737
138 251.9208984375 320.00003051769454
139 258.617509334792 294.9880682679359
140 276.927098672586 276.6795513597317
141 301.939453125 269.98440551792737
142 411.98046875 269.98437500023283
143 436.99323600498246 276.67919509566855
144 455.3032264893336 294.98775567056146
145 462.0 320.00000000023283
146 480.0625 209.98144531284925
147 473.36605335725835 234.99605648289435
148 455.05432722618934 253.3059951972682
149 430.0390625 260.00000000034925
150 320.0 260.00000000034925
151 294.98473527381066 253.3059951972682
152 276.67300914274165 234.99605648289435
153 269.9765625 209.98144531284925
154 269.9765625 59.4248046875
155 276.6730091427453 34.410193517571315
156 294.9847352738143 16.100254803081043
157 320.0 9.406250000116415
158 430.0390625 9.406250000116415
159 455.0543272261857 16.100254803081043
160 473.3660533572547 34.410193517571315
161 480.0625 59.4248046875
GTSP_SET_SECTION
1 1 -1
2 2 3 4 5 6 7 8 9 10 11 12 13 14 15 16 17 -1
3 18 19 20 21 22 23 24 25 26 27 28 29 30 31 32 33 -1
4 34 35 36 37 38 39 40 41 42 43 44 45 46 47 48 49 -1
5 50 51 52 53 54 55 56 57 58 59 60 61 62 63 64 65 -1
6 66 67 68 69 70 71 72 73 74 75 76 77 78 79 80 81 -1
7 82 83 84 85 86 87 88 89 90 91 92 93 94 95 96 97 -1
8 98 99 100 101 102 103 104 105 106 107 108 109 110 111 112 113 -1
9 114 115 116 117 118 119 120 121 122 123 124 125 126 127 128 129 -1
10 130 131 132 133 134 135 136 137 138 139 140 141 142 143 144 145 -1
11 146 147 148 149 150 151 152 153 154 155 156 157 158 159 160 161 -1
GTSP_SET_ORDERING
EOF