NAME: Sc10v162
TYPE: PCGTSP 
COMMENT: 
DIMENSION: 163
GTSP_SETS: 11
EDGE_WEIGHT_TYPE: EUC_2D
NODE_COORD_SECTION
1 0.0 0.0
2 270.0 32.00000000023283
3 262.67837115697694 49.68674807262141
4 244.99220275878906 57.00977706897538
5 34.91407394408816 57.009857177734375
6 17.222844826257642 49.689610114786774
7 9.8984375 32.00010299670976
8 9.898434638980689 24.497171402093954
9 14.292517634046817 13.884016739553772
10 24.90624046324956 9.49130630493164
11 254.9921722412073 9.491216659662314
12 265.6059052041346 13.883915287908167
13 270.0 24.497070312383585
14 240.0 89.99999999988358
15 232.67836980750872 107.68674560612999
16 214.99220275877815 115.00977325462736
17 34.92188644408816 115.00984191894531
18 17.235710227796517 107.68683180655353
19 9.9140625 90.00009155261796
20 9.914059638980689 82.49716186523438
21 14.308141959176282 71.88400596939027
22 24.92186546324956 67.49129486083984
23 224.9921722412073 67.49121856654529
24 235.60590452940232 71.88391652109567
25 240.0 82.49707031261642
26 240.0859375 146.99999999988358
27 232.76429921530507 164.68674607109278
28 215.078125 172.009765625
29 35.0078125 172.009765625
30 17.321638284694927 164.68674607109278
31 10.0 146.99999999988358
32 10.0 139.4970703125
33 14.394087378837867 128.88391698757187
34 25.0078125 124.49121093738358
35 225.078125 124.49121093738358
36 235.69185012116213 128.88391698757187
37 240.0859375 139.4970703125
38 276.671875 239.70594787609298
39 208.6484222412073 239.7059783936711
40 182.37328723022438 240.6509361360222
41 156.2343443874779 243.48489662341308
42 130.36722302499766 248.1931550486479
43 104.90614203204314 254.75128127878997
44 79.98321344234864 263.1252466174774
45 55.72775693340736 273.27160037250724
46 32.265628814697266 285.1376953123836
47 17.37734044210447 284.93358571315184
48 10.0 272.0000000001164
49 9.999975204467773 207.19433593738358
50 17.324365667969687 189.50481897813734
51 35.01559066771733 182.18455505382735
52 266.67184448241824 182.18446350086015
53 284.3580186977706 189.50748305488378
54 291.67965698241824 207.1942291262094
55 291.67965698241824 224.70008850097656
56 287.2855803882703 235.31323102675378
57 290.0000305175781 329.22460937476717
58 282.67839223292685 346.9113554460928
59 264.9922180175781 354.234375
60 34.898471832268115 354.2344665527344
61 17.212302247691696 346.9114611586556
62 9.890649795528589 329.2247314454289
63 9.890643119808374 311.7178955078125
64 14.285062863647909 301.10535625997
65 24.89844894408816 296.7129821777344
66 92.92189025877815 296.7129821777344
67 118.98703992499577 295.76913508726284
68 144.91823976808155 292.9663241498638
69 170.58307880043867 288.318861197331
70 195.8505061372889 281.85047730105
71 220.59150017423235 273.59420159610454
72 244.67972740281766 263.59219262597617
73 267.9921875 251.89552307140548
74 282.6750684269791 252.2692482441198
75 290.0 265.0
76 308.0 455.0000000001164
77 300.6226736887511 467.93360581307206
78 285.734375 468.13772583019454
79 262.27223472094556 456.2716578230029
80 238.01676805828902 446.12533171928953
81 213.0938313616789 437.75139460212085
82 187.63274433785045 431.1932970129419
83 161.7656190387279 426.4850674959598
84 135.62667436068296 423.65113603184
85 109.35153961182004 422.70620727550704
86 41.32809829711914 422.70626831043046
87 30.714367009499256 418.31356563512236
88 26.3202762603687 407.7004089356633
89 26.32026290892827 390.19454956043046
90 33.641894452546694 372.50781023688614
91 51.32805633544922 365.1847839356633
92 282.9843139648401 365.1846008299617
93 300.6755289335488 372.5048452032497
94 307.9999389648401 390.19433593773283
95 290.1015625 507.7172851561336
96 282.7795787240648 525.4033998138038
97 265.09375 532.72607421875
98 35.0078125 532.72607421875
99 17.321983775935223 525.4033998138038
100 10.0 507.7172851561336
101 10.0 443.99999999976717
102 17.35250977242322 431.085843410925
103 32.2109375 430.8369140623836
104 55.55927172972224 442.55816062772647
105 79.68622245751612 452.57926739915274
106 104.46818357376105 460.8488946930738
107 129.77819324906523 467.324675926473
108 155.48658437938866 471.9734346680343
109 181.4616488907268 474.77135460590944
110 207.5703125 475.7041015623836
111 275.09375 475.7041015623836
112 285.7074751211694 480.0968076128047
113 290.1015625 490.70996093773283
114 270.0 575.5029296876164
115 265.60591801346163 586.1160776128527
116 254.99220275878906 590.5087890625
117 24.906259536739526 590.5089111325797
118 14.292530099137366 586.1162074449239
119 9.898440361019311 575.5030517579289
120 9.8984375 568.0001220704289
121 17.22281109155665 550.3105761859333
122 34.91405105589729 542.9902954102727
123 244.9921722412073 542.990234375
124 262.67835632239803 550.3132485306123
125 270.0 567.9999999998836
126 384.234375 563.9921264648438
127 376.9113770385484 581.6783401436405
128 359.224609375 588.9999999998836
129 295.0 588.9999999998836
130 282.2692369974284 581.6750748644117
131 281.8955078125 566.9921874996508
132 293.5921533707551 543.6797197881388
133 303.5941381231896 519.5914867868414
134 311.8503895284339 494.85048881091643
135 318.31874917972164 469.5830593504943
136 322.966188075894 443.9182199818315
137 325.76897527541223 417.9870215515839
138 326.71279907226926 391.921875
139 326.7127685546875 323.8984375
140 331.10511869092807 313.2850381677272
141 341.7176513671875 308.8905944825383
142 359.2244873046875 308.8905944825383
143 376.91123337583485 316.21223276725505
144 384.2342529296802 333.8984069824219
145 383.726135253899 264.0937194825383
146 376.403471644986 281.7795679381816
147 358.7173461914099 289.1015625
148 341.710021972649 289.1015625
149 331.09686864780815 284.70747512124944
150 326.704162597649 274.0937500001164
151 326.70413208007085 206.57031249988358
152 325.7713809417037 180.46164819702972
153 322.97345672307347 154.4865832994692
154 318.32469362470874 128.7781921008136
155 311.848907982323 103.46818268392235
156 303.5792762520068 78.68622216000222
157 293.5581650421045 54.55927236343268
158 281.8369140625 31.210939407115802
159 282.08584207698004 16.35251025762409
160 295.0 8.999999999883585
161 358.71728515625 8.999987602117471
162 376.4033974522863 16.321969018667005
163 383.72607421875 34.00779342651367
GTSP_SET_SECTION
1 1 -1
2 2 3 4 5 6 7 8 9 10 11 12 13 -1
3 14 15 16 17 18 19 20 21 22 23 24 25 -1
4 26 27 28 29 30 31 32 33 34 35 36 37 -1
5 38 39 40 41 42 43 44 45 46 47 48 49 50 51 52 53 54 55 56 -1
6 57 58 59 60 61 62 63 64 65 66 67 68 69 70 71 72 73 74 75 -1
7 76 77 78 79 80 81 82 83 84 85 86 87 88 89 90 91 92 93 94 -1
8 95 96 97 98 99 100 101 102 103 104 105 106 107 108 109 110 111 112 113 -1
9 114 115 116 117 118 119 120 121 122 123 124 125 -1
10 126 127 128 129 130 131 132 133 134 135 136 137 138 139 140 141 142 143 144 -1
11 145 146 147 148 149 150 151 152 153 154 155 156 157 158 159 160 161 162 163 -1
GTSP_SET_ORDERING
EOF