NAME: Sc2v84
TYPE: PCGTSP 
COMMENT: 
DIMENSION: 85
GTSP_SETS: 3
EDGE_WEIGHT_TYPE: EUC_2D
NODE_COORD_SECTION
1 0.0 0.0
2 5962.758789062496 2592.9626464847825
3 5468.362957795456 2592.962829590251
4 4973.96712652842 2592.9630126956617
5 4479.571295261379 2592.9631958011305
6 3985.175463994339 2592.9633789065992
7 3490.7796327273027 2592.96356201201
8 2996.3838014602625 2592.9637451174785
9 2501.9879701932223 2592.9639282229473
10 2007.592138926182 2592.964111328358
11 1513.1963076591455 2592.9642944338266
12 1018.800476392109 2592.9644775392953
13 524.4046451250688 2592.964660644706
14 30.00881385802859 2592.9648437501746
15 27.078500692190573 2585.8884851612383
16 20.000997543327685 2582.9609375004075
17 10.000998497009277 2582.9609375004075
18 10.000832080841064 2155.8007812503492
19 10.000665664672852 1728.6406250003492
20 10.000499248504639 1301.480468750291
21 10.000332832336426 874.3203125002328
22 10.000166416168213 447.16015625023283
23 10.0 20.000000000174623
24 20.0 19.999996185593773
25 27.077499565286416 17.0724444759544
26 30.007808685299096 9.996086120780092
27 524.4036423365251 9.995893558021635
28 1018.7994759877474 9.995700995321386
29 1513.1953096389734 9.995508432562929
30 2007.5911432901994 9.995315869804472
31 2501.9869769414217 9.995123307104222
32 2996.3828105926477 9.994930744345766
33 3490.7786442438737 9.994738181587309
34 3985.1744778950997 9.99454561888706
35 4479.570311546322 9.994353056128602
36 4973.966145197544 9.994160493370146
37 5468.36197884877 9.993967930669896
38 5962.757812499996 9.99377536791144
39 5962.757975260411 440.4885872207233
40 5962.758138020832 870.9833990735351
41 5962.758300781246 1301.478210926347
42 5962.758463541661 1731.9730227791588
43 5962.758626302082 2162.4678346319706
44 11930.999999999996 2582.9609375004075
45 11920.999999999996 2582.9609375004075
46 11913.92249931792 2585.888486511598
47 11910.992187499996 2592.9648437501746
48 11416.59635416666 2592.9648437501746
49 10922.200520833332 2592.9648437501746
50 10427.804687499996 2592.9648437501746
51 9933.40885416666 2592.9648437501746
52 9439.013020833332 2592.9648437501746
53 8944.617187499996 2592.9648437501746
54 8450.22135416666 2592.9648437501746
55 7955.825520833332 2592.9648437501746
56 7461.429687499996 2592.9648437501746
57 6967.033854166661 2592.9648437501746
58 6472.638020833332 2592.9648437501746
59 5978.242187499996 2592.9648437501746
60 5978.242187499996 2162.4700520835468
61 5978.242187499996 1731.975260416919
62 5978.242187499996 1301.480468750291
63 5978.242187499996 870.9856770836632
64 5978.242187499996 440.4908854170353
65 5978.242187499996 9.996093750407454
66 6472.638020833332 9.996093750407454
67 6967.033854166661 9.996093750407454
68 7461.429687499996 9.996093750407454
69 7955.825520833332 9.996093750407454
70 8450.22135416666 9.996093750407454
71 8944.617187499996 9.996093750407454
72 9439.013020833332 9.996093750407454
73 9933.40885416666 9.996093750407454
74 10427.804687499996 9.996093750407454
75 10922.200520833332 9.996093750407454
76 11416.59635416666 9.996093750407454
77 11910.992187499996 9.996093750407454
78 11913.92249931792 17.0724509889842
79 11920.999999999996 20.000000000174623
80 11930.999999999996 20.000000000174623
81 11930.999999999996 447.16015625023283
82 11930.999999999996 874.3203125002328
83 11930.999999999996 1301.480468750291
84 11930.999999999996 1728.6406250003492
85 11930.999999999996 2155.8007812503492
GTSP_SET_SECTION
1 1 -1
2 2 3 4 5 6 7 8 9 10 11 12 13 14 15 16 17 18 19 20 21 22 23 24 25 26 27 28 29 30 31 32 33 34 35 36 37 38 39 40 41 42 43 -1
3 44 45 46 47 48 49 50 51 52 53 54 55 56 57 58 59 60 61 62 63 64 65 66 67 68 69 70 71 72 73 74 75 76 77 78 79 80 81 82 83 84 85 -1
GTSP_SET_ORDERING
EOF