NAME: Sc2v104
TYPE: PCGTSP 
COMMENT: 
DIMENSION: 105
GTSP_SETS: 3
EDGE_WEIGHT_TYPE: EUC_2D
NODE_COORD_SECTION
1 0.0 0.0
2 11283.781249999996 2090.7802734375
3 10793.616847826084 2090.7802734375
4 10303.452445652172 2090.7802734375
5 9813.28804347826 2090.7802734375
6 9323.123641304348 2090.7802734375
7 8832.959239130429 2090.7802734375
8 8342.794836956517 2090.7802734375
9 7852.630434782604 2090.7802734375
10 7362.466032608692 2090.7802734375
11 6872.30163043478 2090.7802734375
12 6382.137228260868 2090.7802734375
13 5891.972826086956 2090.7802734375
14 5401.808423913044 2090.7802734375
15 4911.644021739128 2090.7802734375
16 4421.479619565216 2090.7802734375
17 3931.315217391304 2090.7802734375
18 3441.1508152173883 2090.7802734375
19 2950.986413043476 2090.7802734375
20 2460.822010869564 2090.7802734375
21 1970.657608695652 2090.7802734375
22 1480.49320652174 2090.7802734375
23 990.3288043478278 2090.7802734375
24 500.1644021739121 2090.7802734375
25 10.0 2090.7802734375
26 10.0 1674.6242187499302
27 10.0 1258.4681640623603
28 10.0 842.3121093749069
29 10.0 426.156054687337
30 10.0 9.99999999976717
31 500.03396739130403 9.99999999976717
32 990.0679347826081 9.99999999976717
33 1480.101902173912 9.99999999976717
34 1970.1358695652161 9.99999999976717
35 2460.16983695652 9.99999999976717
36 2950.203804347824 9.99999999976717
37 3440.237771739128 9.99999999976717
38 3930.2717391304323 9.99999999976717
39 4420.30570652174 9.99999999976717
40 4910.339673913044 9.99999999976717
41 5400.373641304348 9.99999999976717
42 5890.407608695652 9.99999999976717
43 6380.441576086956 9.99999999976717
44 6870.47554347826 9.99999999976717
45 7360.509510869564 9.99999999976717
46 7850.543478260868 9.99999999976717
47 8340.577445652172 9.99999999976717
48 8830.611413043476 9.99999999976717
49 9320.64538043478 9.99999999976717
50 9810.679347826084 9.99999999976717
51 10300.713315217388 9.99999999976717
52 10790.747282608692 9.99999999976717
53 11280.781249999996 9.99999999976717
54 11280.781249999996 391.89306640601717
55 11280.781249999996 773.7861328122672
56 11280.781249999996 1155.6791992185172
57 11280.781249999996 1537.5722656247672
58 11283.781249999996 1537.5722656247672
59 11283.781249999996 1814.1762695311336
60 4691.28125 940.3486328123836
61 4662.803689483058 942.3752030057367
62 4634.904822867724 948.4358697449788
63 4608.153144270778 958.4071350604063
64 4583.093771603511 972.0858148675179
65 4560.237338725288 989.1931792416144
66 4540.049590277322 1009.3806320860749
67 4522.941891222283 1032.2368144616485
68 4509.2628444765105 1057.2959868317703
69 4499.291187441977 1084.0475194182945
70 4493.230112185109 1111.9462972853798
71 4491.203125 1140.4238281245343
72 4491.203125 1340.4990234372672
73 4493.23011218508 1368.9765542764217
74 4499.291187441919 1396.8753321436234
75 4509.262844476438 1423.6268647301476
76 4522.941891222195 1448.6860371002695
77 4540.049590277224 1471.5422194759594
78 4560.237338725194 1491.72967232042
79 4583.093771603424 1508.8370366945164
80 4608.153144270702 1522.5157165017445
81 4634.904822867666 1532.486981817172
82 4662.803689483029 1538.5476485565305
83 4691.28125 1540.5742187498836
84 4719.75802804442 1538.5466370671056
85 4747.655997672915 1532.4851796615403
86 4774.4067112684825 1522.5133544824785
87 4799.46509764497 1508.8343469352694
88 4822.320568389983 1491.7268797850702
89 4842.507421588525 1471.539533916628
90 4859.61433094164 1448.6836456675082
91 4873.292726930278 1423.624925459735
92 4883.263899250145 1396.8739685078617
93 4889.324675798776 1368.9758509567473
94 4891.3515625 1340.4990234372672
95 4891.3515625 1140.4238281245343
96 4889.324675798747 1111.9470006051706
97 4883.263899250091 1084.0488830539398
98 4873.292726930202 1057.2979261021828
99 4859.614330941553 1032.239205894526
100 4842.507421588427 1009.3833176454064
101 4822.320568389889 989.1959717769641
102 4799.465097644879 972.0885046268813
103 4774.406711268406 958.4094970795559
104 4747.655997672857 948.4376719007269
105 4719.758028044387 942.3762144951615
GTSP_SET_SECTION
1 1 -1
2 2 3 4 5 6 7 8 9 10 11 12 13 14 15 16 17 18 19 20 21 22 23 24 25 26 27 28 29 30 31 32 33 34 35 36 37 38 39 40 41 42 43 44 45 46 47 48 49 50 51 52 53 54 55 56 57 58 59 -1
3 60 61 62 63 64 65 66 67 68 69 70 71 72 73 74 75 76 77 78 79 80 81 82 83 84 85 86 87 88 89 90 91 92 93 94 95 96 97 98 99 100 101 102 103 104 105 -1
GTSP_SET_ORDERING
3 2 -1
EOF