NAME: Sc2v56
TYPE: PCGTSP 
COMMENT: 
DIMENSION: 57
GTSP_SETS: 3
EDGE_WEIGHT_TYPE: EUC_2D
NODE_COORD_SECTION
1 0.0 0.0
2 2596.00048828125 2474.918457031221
3 2592.99951171875 2474.918457031221
4 2578.9931640625 2488.923339843721
5 2153.0835762023926 2488.92342122391
6 1727.1739883422815 2488.923502604128
7 1301.264400482174 2488.923583984317
8 875.3548126220667 2488.9236653645057
9 449.4452247619556 2488.9237467447238
10 23.535636901848193 2488.9238281249127
11 9.530750274658203 2474.9189453125
12 9.530656337738037 1992.23779296875
13 9.530562400817871 1509.556640625
14 9.530466079711914 1014.3712615966797
15 9.530369758605957 519.1858825683303
16 9.5302734375 24.00050354000996
17 23.53515434264773 9.995129585207906
18 449.44474124908083 9.995046615513274
19 875.3543281555139 9.994963645847747
20 1301.263915061947 9.99488067618222
21 1727.1735019683838 9.994797706487589
22 2153.083088874817 9.994714736792957
23 2578.99267578125 9.99463176712743
24 2592.9990234375 23.99999999991269
25 2596.0 23.99999999991269
26 2596.0001220703125 520.4359130858502
27 2596.000244140625 1016.8718261718168
28 2596.0003662109375 1513.3077392577834
29 2596.00048828125 2009.743652343721
30 5192.0 2473.9999999999127
31 5188.9990234375 2473.9999999999127
32 5174.99267578125 2488.005371093721
33 4749.083089192707 2488.0055745442223
34 4323.173502604168 2488.005777994753
35 3897.263916015625 2488.0059814452834
36 3471.354329427082 2488.006184895785
37 3045.444742838543 2488.0063883462863
38 2619.53515625 2488.006591796817
39 2605.5302734375 2474.0012207030086
40 2605.5300292968714 1978.8158365884738
41 2605.5297851562464 1483.630452473939
42 2605.5295410156177 988.4450683594041
43 2605.5292968749927 505.76390647885273
44 2605.5290527343677 23.08274459830136
45 2619.5339355468677 9.07785606381367
46 3045.4435628255123 9.077658017456997
47 3471.353190104157 9.077459971071221
48 3897.2628173828016 9.077261924714549
49 4323.17244466145 9.077063878357876
50 4749.0820719400945 9.0768658319721
51 5174.991699218739 9.076667785615427
52 5188.998046875 23.081544876127737
53 5191.9990234375 23.081542968720896
54 5191.9990234375 488.2563476562209
55 5191.999267578125 984.6922607421584
56 5191.99951171875 1481.1281738280668
57 5191.999755859375 1977.5640869139752
GTSP_SET_SECTION
1 1 -1
2 2 3 4 5 6 7 8 9 10 11 12 13 14 15 16 17 18 19 20 21 22 23 24 25 26 27 28 29 -1
3 30 31 32 33 34 35 36 37 38 39 40 41 42 43 44 45 46 47 48 49 50 51 52 53 54 55 56 57 -1
GTSP_SET_ORDERING
EOF