NAME: Sc3v30
TYPE: PCGTSP 
COMMENT: 
DIMENSION: 31
GTSP_SETS: 4
EDGE_WEIGHT_TYPE: EUC_2D
NODE_COORD_SECTION
1 0.0 0.0
2 1619.9999999999927 1479.9999999999854
3 1217.3593749999927 1480.0001831054542
4 814.7187499999927 1480.0003662109375
5 412.0781249999927 1480.0005493164208
6 9.437499999992724 1480.0007324218896
7 9.437272071827465 989.7701063156273
8 9.437044143665844 499.5394802093506
9 9.436816215500585 9.308854103088379
10 412.07742905615305 9.308666944518336
11 814.7180418968055 9.308479785933741
12 1217.358654737458 9.308292627349147
13 1619.9992675781104 9.308105468779104
14 1619.999511718739 499.53873697918607
15 1619.999755859364 989.7693684895785
16 1248.9999999999927 1780.0
17 835.9999999999927 1780.0001627604215
18 422.9999999999927 1780.0003255208285
19 9.999999999992724 1780.00048828125
20 9.999887466423388 1490.000488281221
21 422.9998842875102 1490.000325520814
22 835.9998811085934 1490.000162760407
23 1248.9998779296802 1490.0
24 1248.9999999999927 2079.9990234375146
25 835.9999999999927 2079.9993489583285
26 422.9999999999927 2079.999674479157
27 9.999999999992724 2079.999999999971
28 9.999761581409985 1790.0
29 422.99975967406135 1789.999674479157
30 835.9997577667091 1789.9993489583285
31 1248.9997558593604 1789.9990234374854
GTSP_SET_SECTION
1 1 -1
2 2 3 4 5 6 7 8 9 10 11 12 13 14 15 -1
3 16 17 18 19 20 21 22 23 -1
4 24 25 26 27 28 29 30 31 -1
GTSP_SET_ORDERING
EOF