NAME: Sc3v163
TYPE: PCGTSP 
COMMENT: 
DIMENSION: 164
GTSP_SETS: 4
EDGE_WEIGHT_TYPE: EUC_2D
NODE_COORD_SECTION
1 0.0 0.0
2 10087.321289062496 2595.960449218692
3 9651.155664062495 2595.9605957030435
4 9214.990039062493 2595.960742187395
5 8778.8244140625 2595.960888671805
6 8342.658789062498 2595.961035156157
7 7906.493164062496 2595.9611816405086
8 7414.087892174717 2595.9613800047664
9 6921.682620286938 2595.961578369024
10 6429.277348399159 2595.961776733282
11 5936.872076511379 2595.96197509754
12 5444.4668046236 2595.9621734617976
13 4952.061532735821 2595.9623718260555
14 4459.656260848042 2595.9625701903133
15 3967.2509889602625 2595.962768554571
16 3474.8457170724832 2595.962966918887
17 2982.440445184704 2595.963165283145
18 2490.0351732969248 2595.9633636474027
19 1997.6299014091455 2595.9635620116605
20 1505.2246295213663 2595.9637603759184
21 1012.8193576335871 2595.963958740176
22 520.4140857458078 2595.964157104434
23 28.00881385802859 2595.964355468692
24 25.078500692237867 2588.887996879639
25 18.000997543327685 2585.960449218692
26 8.000998497009277 2585.960449218692
27 8.000832080841064 2158.8003743488807
28 8.000665664672852 1731.6402994790697
29 8.000499248504639 1304.4802246092586
30 8.000332832336426 877.3201497395057
31 8.000166416168213 450.16007486969465
32 8.0 22.999999999883585
33 18.0 22.99999618518632
34 25.077672361541772 20.07227194547886
35 28.007808685299096 12.995597839297261
36 28.007806777950464 9.994621276797261
37 507.02268800280945 9.994434719963465
38 986.0375692276684 9.994248163071461
39 1465.0524504525274 9.994061606237665
40 1944.0673316773864 9.993875049345661
41 2423.0822129022454 9.993688492511865
42 2902.097094127108 9.99350193561986
43 3381.111975351967 9.993315378786065
44 3860.126856576826 9.99312882189406
45 4339.141737801685 9.992942265060265
46 4818.156619026544 9.99275570816826
47 5297.171500251403 9.992569151334465
48 5776.1863814762655 9.99238259444246
49 6255.2012627011245 9.992196037608664
50 6734.2161439259835 9.99200948071666
51 7213.2310251508425 9.991822923882864
52 7692.245906375701 9.99163636699086
53 8171.26078760056 9.991449810157064
54 8650.27566882542 9.99126325326506
55 9129.290550050278 9.991076696431264
56 9608.305431275137 9.99089013953926
57 10087.320312499996 9.990703582705464
58 10087.32047526041 440.9856611887226
59 10087.320638020832 871.9806187946815
60 10087.320800781246 1302.9755764006986
61 10087.32096354166 1733.9705340067158
62 10087.321126302082 2164.9654916126747
63 2734.53173828125 1320.4847412107629
64 2734.53173828125 1317.4847412108793
65 2659.50048828125 1317.4848632811918
66 2631.8777750560002 1315.5183782520471
67 2604.816476743017 1309.6389664694434
68 2578.8680017003535 1299.9664284232422
69 2554.5610830971345 1286.697854373604
70 2532.3910053029904 1270.1036083860672
71 2512.809511839361 1250.5218193199835
72 2496.21560053089 1228.351491023379
73 2482.9473934175003 1204.0443721218617
74 2473.2752470879313 1178.0957510665176
75 2467.396243820527 1151.0343640016508
76 2465.43017578125 1123.4116210936918
77 2467.3962959958626 1095.788942955609
78 2473.275333167974 1068.7276255791658
79 2482.947494967666 1042.7790752855362
80 2496.215699668228 1018.472024451592
81 2512.809591919231 996.3017579628504
82 2532.3910515562748 976.7200211986783
83 2554.561083198936 960.1258151862421
84 2578.867946253129 946.8572664832463
85 2604.816359659573 937.1847374495119
86 2631.8775938306535 931.3053172946675
87 2659.5002441406177 929.3388061522855
88 2734.5314941406177 929.3388061522855
89 2734.5314941406177 923.3368530272855
90 2659.5002441406177 923.3368530272855
91 2631.023529011447 925.3644608224276
92 2603.1256235246074 931.425926599477
93 2576.374971564881 941.39774276549
94 2551.316640737001 955.0767249659402
95 2528.461216143085 972.1841521410388
96 2508.2743967708484 992.3714457078022
97 2491.167506475089 1015.2272721494082
98 2477.489112899377 1040.285924290074
99 2467.517925109729 1067.0368104806403
100 2461.4571146569833 1094.9348583437968
101 2459.43017578125 1123.4116210936918
102 2461.4570624824955 1151.8884486131137
103 2467.517839031145 1179.7865661642863
104 2477.4890113510264 1206.5375231161015
105 2491.1674073396716 1231.5962433238165
106 2508.274316692794 1254.452131572878
107 2528.461169891336 1274.6394774413202
108 2551.3166406363416 1291.7469445914612
109 2576.375027012822 1305.4259521387285
110 2603.125740608375 1315.397777317674
111 2631.023710236852 1321.4592347232392
112 2659.50048828125 1323.4868164060754
113 2734.53173828125 1323.4866943357629
114 2784.5549316406177 926.3377685544547
115 2784.5549316406177 929.3387451169547
116 2859.5783691406177 929.3387451169547
117 2887.201834340798 931.3041791814612
118 2914.2640060851845 937.1827522400417
119 2940.213431317745 946.8546750492533
120 2964.5213317134476 960.122860271018
121 2986.692378734522 976.7169385737507
122 3006.274787071554 996.2987680197111
123 3022.8695207926103 1018.469324473117
124 3036.1384246043635 1042.776832621079
125 3045.811114532222 1068.7259719186695
126 3051.6904876063636 1095.7879698675242
127 3053.65673828125 1123.4113769530086
128 3051.690585574939 1151.0348354158923
129 3045.8112959615173 1178.096896822215
130 3036.1386736690365 1204.046108600276
131 3022.8698209195863 1228.3536950832931
132 3006.2751215121316 1250.524332545756
133 2986.6927311224645 1270.106242578826
134 2964.5216865932052 1286.7003981281887
135 2940.213774628155 1299.9686546005541
136 2914.2643255852745 1309.6406403473811
137 2887.202119966216 1315.5192661177134
138 2859.57861328125 1317.4847412108793
139 2784.55517578125 1317.4847412108793
140 2784.55517578125 1323.4866943357629
141 2859.57861328125 1323.4866943357629
142 2888.056184787667 1321.4601225725492
143 2915.9550617205787 1315.3994511661585
144 2942.706749311965 1305.4281782770995
145 2967.7661290444084 1291.7494883018662
146 2990.6225665184684 1274.6421115886187
147 3010.8103166379988 1254.4546447558096
148 3027.9180140871576 1231.5984473467106
149 3041.5970557119217 1206.5392595657613
150 3051.5687039984477 1179.7877119008917
151 3057.62976690094 1151.888920018333
152 3059.65673828125 1123.4113769530086
153 3057.629668932881 1094.9338852653163
154 3051.568522570102 1067.035156840284
155 3041.5968066485148 1040.2836816557683
156 3027.9177139616368 1015.2245722097578
157 3010.80998219892 992.3684558094828
158 2990.622214131945 972.1810695636086
159 2967.7657741658695 955.073770096933
160 2942.7064060024895 941.3951513721258
161 2915.9547422211 931.4239414208569
162 2888.055899162533 925.3633227263927
163 2859.5783691406177 923.3367919921875
164 2784.5549316406177 923.3367919921875
GTSP_SET_SECTION
1 1 -1
2 2 3 4 5 6 7 8 9 10 11 12 13 14 15 16 17 18 19 20 21 22 23 24 25 26 27 28 29 30 31 32 33 34 35 36 37 38 39 40 41 42 43 44 45 46 47 48 49 50 51 52 53 54 55 56 57 58 59 60 61 62 -1
3 63 64 65 66 67 68 69 70 71 72 73 74 75 76 77 78 79 80 81 82 83 84 85 86 87 88 89 90 91 92 93 94 95 96 97 98 99 100 101 102 103 104 105 106 107 108 109 110 111 112 113 -1
4 114 115 116 117 118 119 120 121 122 123 124 125 126 127 128 129 130 131 132 133 134 135 136 137 138 139 140 141 142 143 144 145 146 147 148 149 150 151 152 153 154 155 156 157 158 159 160 161 162 163 164 -1
GTSP_SET_ORDERING
3 2 -1
4 2 -1
EOF