NAME: Sc4v130
TYPE: PCGTSP 
COMMENT: 
DIMENSION: 131
GTSP_SETS: 5
EDGE_WEIGHT_TYPE: EUC_2D
NODE_COORD_SECTION
1 0.0 0.0
2 3333.7578124999927 2750.6328125
3 3133.679687499982 2750.6328125
4 2690.7254464285543 2750.6328125
5 2247.7712053571267 2750.6328125
6 1804.8169642856992 2750.6328125
7 1361.8627232142753 2750.6328125
8 918.9084821428478 2750.6328125
9 475.95424107142026 2750.6328125
10 32.999999999992724 2750.6328125
11 30.07210381440018 2743.5598507256946
12 22.999999999992724 2740.6298828125
13 12.992187499992724 2740.6298828125
14 12.992187499992724 2287.192220052093
15 12.992187499992724 1833.7545572917152
16 12.992187499992724 1380.3168945313082
17 12.992187499992724 926.8792317709012
18 12.992187499992724 473.4415690105234
19 12.992187499992724 20.003906250116415
20 22.999999999992724 20.003906250116415
21 30.072449238199624 17.073593128938228
22 32.999999999992724 10.000000000116415
23 504.536830357134 10.000000000116415
24 976.073660714279 10.000000000116415
25 1447.6104910714203 10.000000000116415
26 1919.1473214285652 10.000000000116415
27 2390.6841517857065 10.000000000116415
28 2862.2209821428514 10.000000000116415
29 3333.7578124999927 10.000000000116415
30 3333.7578124999927 466.7721354167734
31 3333.7578124999927 923.5442708334012
32 3333.7578124999927 1380.3164062500582
33 3333.7578124999927 1837.0885416667152
34 3333.7578124999927 2293.860677083343
35 6664.008789062489 2740.6298828125
36 6654.000976562489 2740.6298828125
37 6646.928872748085 2743.5598507257237
38 6644.000976562489 2750.6328125
39 6201.046735491062 2750.632986886165
40 5758.092494419634 2750.633161272359
41 5315.1382533482065 2750.6333356585237
42 4872.184012276775 2750.6335100446886
43 4429.229771205348 2750.6336844308535
44 3986.2755301339203 2750.6338588170474
45 3543.3212890624927 2750.6340332032123
46 3343.2431640624927 2750.6340332032123
47 3343.243001302075 2293.861908594845
48 3343.2428385416606 1837.0897839864774
49 3343.2426757812427 1380.31765937811
50 3343.242513020825 923.5455347697425
51 3343.2423502604106 466.77341016137507
52 3343.2421874999927 10.00128555300762
53 3814.779017857134 10.001101902598748
54 4286.315848214279 10.000918252189877
55 4757.85267857142 10.000734601781005
56 5229.389508928562 10.00055095134303
57 5700.9263392857065 10.000367300934158
58 6172.463169642844 10.000183650525287
59 6643.999999999989 10.000000000116415
60 6646.927552111203 17.073590662621427
61 6653.999999999989 20.003902435302734
62 6664.007812499989 20.00389862060547
63 6664.007975260403 473.4415626525879
64 6664.008138020825 926.8792266845703
65 6664.008300781239 1380.3168907165527
66 6664.008463541653 1833.7545547485352
67 6664.008626302075 2287.1922187805176
68 9361.507812499989 2747.9990234375
69 8917.923177083325 2747.999186197936
70 8474.338541666653 2747.999348958372
71 8030.753906249989 2747.999511718808
72 7587.169270833325 2747.9996744792443
73 7143.584635416653 2747.9998372396803
74 6699.999999999989 2748.0000000001164
75 6697.0693426232865 2740.9242742509814
76 6689.992187499989 2737.9970703125
77 6679.992187499989 2737.9970703125
78 6679.992024739575 2284.9762382507615
79 6679.991861979153 1831.955406188994
80 6679.991699218739 1378.9345741272555
81 6679.991536458325 925.913742065517
82 6679.991373697903 472.8929100037494
83 6679.991210937489 19.872077942010947
84 6689.991210937489 19.87207412731368
85 6697.06871296954 16.944523768062936
86 6699.999023437489 9.868164062616415
87 7123.624023437489 9.86799907690147
88 7547.249023437489 9.867834091215627
89 7970.874023437489 9.867669105500681
90 7970.975585937489 12.868645668000681
91 8434.486002604153 12.868465105711948
92 8897.996419270818 12.868284543394111
93 9361.506835937482 12.868103981105378
94 9361.506835937482 289.4721074104891
95 9361.506835937482 566.076110839902
96 9361.507031249985 1002.4606933594332
97 9361.507226562488 1438.8452758789354
98 9361.507421874983 1875.2298583984666
99 9361.507617187486 2311.6144409179688
100 12053.007812499989 2737.9970703125
101 12043.007812499989 2737.9970703125
102 12035.930657376692 2740.9242742509814
103 12032.999999999989 2748.0000000001164
104 11589.415364583325 2748.0000000001164
105 11145.830729166653 2748.0000000001164
106 10702.246093749989 2748.0000000001164
107 10258.661458333325 2748.0000000001164
108 9815.076822916653 2748.0000000001164
109 9371.492187499989 2748.0000000001164
110 9371.492187499989 2311.615429687605
111 9371.492187499989 1875.230859375064
112 9371.492187499989 1438.8462890625524
113 9371.492187499989 1002.4617187500116
114 9371.492187499989 566.0771484375
115 9371.492187499989 289.47314453125
116 9371.492187499989 12.869140625
117 9835.002604166653 12.869140625
118 10298.513020833325 12.869140625
119 10762.023437499989 12.869140625
120 10762.124999999989 9.868164062616415
121 11185.749999999989 9.868164062616415
122 11609.374999999989 9.868164062616415
123 12032.999999999989 9.868164062616415
124 12035.930311817883 16.944521301222267
125 12043.007812499989 19.8720703125
126 12053.007812499989 19.8720703125
127 12053.007812499989 472.89290364584303
128 12053.007812499989 925.913736979157
129 12053.007812499989 1378.9345703125
130 12053.007812499989 1831.955403645843
131 12053.007812499989 2284.976236979157
GTSP_SET_SECTION
1 1 -1
2 2 3 4 5 6 7 8 9 10 11 12 13 14 15 16 17 18 19 20 21 22 23 24 25 26 27 28 29 30 31 32 33 34 -1
3 35 36 37 38 39 40 41 42 43 44 45 46 47 48 49 50 51 52 53 54 55 56 57 58 59 60 61 62 63 64 65 66 67 -1
4 68 69 70 71 72 73 74 75 76 77 78 79 80 81 82 83 84 85 86 87 88 89 90 91 92 93 94 95 96 97 98 99 -1
5 100 101 102 103 104 105 106 107 108 109 110 111 112 113 114 115 116 117 118 119 120 121 122 123 124 125 126 127 128 129 130 131 -1
GTSP_SET_ORDERING
EOF