NAME: Sc5v274
TYPE: PCGTSP 
COMMENT: 
DIMENSION: 275
GTSP_SETS: 6
EDGE_WEIGHT_TYPE: EUC_2D
NODE_COORD_SECTION
1 0.0 0.0
2 7357.000000000004 2535.0000000000146
3 6868.777777777777 2535.0001898871633
4 6380.555555555558 2535.0003797743193
5 5892.333333333339 2535.000569661468
6 5404.111111111113 2535.000759548624
7 4915.8888888888905 2535.000949435773
8 4427.666666666668 2535.001139322929
9 3939.4444444444453 2535.0013292100775
10 3451.2222222222226 2535.0015190972335
11 2963.0 2535.0017089843823
12 2963.0 2315.001708984353
13 3451.2222222222226 2315.0015190972044
14 3939.4444444444453 2315.0013292100484
15 4427.666666666668 2315.0011393228997
16 4915.8888888888905 2315.000949435751
17 5404.111111111113 2315.000759548595
18 5892.333333333339 2315.000569661446
19 6380.555555555558 2315.0003797742975
20 6868.777777777785 2315.0001898871415
21 7357.000000000004 2314.9999999999927
22 7348.000000000004 2765.0
23 6859.333333333339 2765.000189887156
24 6370.666666666668 2765.0003797743047
25 5882.000000000004 2765.0005696614608
26 5393.333333333336 2765.0007595486168
27 4904.666666666668 2765.0009494357655
28 4416.0 2765.0011393229215
29 3927.333333333332 2765.0013292100775
30 3438.666666666668 2765.0015190972263
31 2950.0 2765.0017089843823
32 2950.0 2555.0017089843896
33 2960.0 2555.0017089843896
34 2967.0710678118703 2552.072776796238
35 2970.0 2545.0017089843604
36 3456.4444444444453 2545.0015190972117
37 3942.8888888888905 2545.0013292100557
38 4429.333333333336 2545.001139322907
39 4915.777777777777 2545.000949435751
40 5402.222222222223 2545.000759548602
41 5888.666666666668 2545.000569661446
42 6375.111111111113 2545.0003797742975
43 6861.555555555558 2545.0001898871415
44 7348.000000000004 2544.9999999999927
45 13685.999999999989 2766.0
46 13239.499999999989 2766.0001627604142
47 12792.999999999996 2766.0003255208358
48 12346.499999999996 2766.00048828125
49 11899.999999999996 2766.0006510416642
50 11453.500000000004 2766.0008138020858
51 11007.000000000004 2766.0009765625
52 11007.000000000004 2546.0009765624927
53 11450.166666666668 2546.0008138020785
54 11893.333333333332 2546.000651041657
55 12336.499999999996 2546.0004882812427
56 12779.66666666666 2546.0003255208285
57 13222.833333333325 2546.000162760407
58 13665.999999999989 2545.9999999999927
59 13668.928932188133 2553.071067811863
60 13676.000000000004 2555.9999999999927
61 13685.999999999989 2555.9999999999927
62 13710.999999999989 2535.9980468750146
63 13267.833333333325 2535.9983723958503
64 12824.66666666666 2535.998697916679
65 12381.499999999996 2535.9990234375146
66 11938.333333333332 2535.9993489583503
67 11495.166666666668 2535.999674479179
68 11052.000000000004 2536.0000000000146
69 11049.071067811867 2528.9289321881515
70 11042.000000000004 2526.0000000000146
71 11031.999999999989 2526.0000000000146
72 11031.999999999989 2315.9999999999927
73 11478.499999999989 2315.999674479157
74 11924.999999999989 2315.9993489583285
75 12371.499999999989 2315.9990234375
76 12817.999999999989 2315.9986979166642
77 13264.499999999989 2315.9983723958285
78 13710.999999999989 2315.998046875
79 2584.4377441406323 2770.1831054687427
80 2196.7150878906286 2770.183227539048
81 1808.9924316406214 2770.1833496093604
82 1802.0313720703125 2663.9714355468677
83 1799.1414711389407 2635.4448195091754
84 1794.2154761790407 2607.1985113679257
85 1787.278698164202 2579.377647601177
86 1778.3667799658797 2552.125178649141
87 1767.5255132115453 2525.58113439969
88 1754.8106029960545 2499.8819046803546
89 1740.2873816551619 2475.159538453823
90 1724.0304730719254 2451.5410653179206
91 1706.1234092408158 2429.147842796272
92 1686.6582010598177 2408.094932773536
93 1665.7348655557762 2388.490510279087
94 1643.4609119723464 2370.4353076571715
95 1619.9507893610316 2354.022096979301
96 1595.3252985138206 2339.3352133585577
97 1569.7109712590136 2326.4501216150456
98 1543.239420309561 2315.4330285190517
99 1516.0466630045776 2306.3405426044264
100 1488.2724224188169 2299.2193832999765
101 1460.0594094311164 2294.1061408735623
102 1431.5525894408456 2291.0270884223137
103 1402.8984375 2289.998046874978
104 940.5989583333321 2289.9933268228997
105 478.2994791666679 2289.9886067708285
106 16.0 2289.98388671875
107 15.999822425841558 1833.8169067382842
108 15.999644851683115 1377.6499267578183
109 15.99946727752831 921.4829467773525
110 15.999289703369868 465.31596679688664
111 15.999112129211426 9.148986816420802
112 514.213394675935 9.148792811814928
113 1012.4276772226585 9.148598807209055
114 1510.6419597693857 9.148404802610457
115 2008.8562423161093 9.148210798004584
116 2507.070524862833 9.14801679339871
117 3005.2848074095564 9.147822788792837
118 3503.49908995628 9.147628784186963
119 4001.7133725030035 9.14743477958109
120 4499.927655049731 9.147240774982492
121 4998.141937596454 9.147046770376619
122 5496.356220143178 9.146852765770745
123 5994.570502689905 9.146658761164872
124 6492.7847852366285 9.146464756558998
125 6990.999067783352 9.146270751953125
126 7489.213350330076 9.146076747354527
127 7987.427632876799 9.145882742748654
128 8485.641915423523 9.14568873814278
129 8983.856197970246 9.145494733536907
130 9482.07048051697 9.145300728931034
131 9980.284763063693 9.145106724332436
132 10478.499045610424 9.144912719726562
133 10976.71332815714 9.144718715120689
134 11474.927610703871 9.144524710514816
135 11973.141893250588 9.144330705908942
136 12471.356175797318 9.144136701303069
137 12969.570458344042 9.143942696704471
138 13467.784740890766 9.143748692098598
139 13965.999023437489 9.143554687492724
140 13965.999218749992 465.31484374999854
141 13965.999414062495 921.4861328125044
142 13965.999609374998 1377.657421875003
143 13965.9998046875 1833.8287109375087
144 13966.000000000004 2290.0000000000146
145 13484.82552083334 2290.000203450538
146 13003.651041666675 2290.000406901054
147 12522.476562500011 2290.000610351577
148 12041.30208333334 2290.0008138021003
149 11560.127604166675 2290.0010172526163
150 11078.953125000011 2290.0012207031396
151 11049.349202361893 2291.099006964476
152 11019.907715267527 2294.384765311028
153 10990.790149789736 2299.840473412267
154 10962.156215296589 2307.436206798935
155 10934.162968448141 2317.1303029982446
156 10906.96395174327 2328.8695900518796
157 10880.70835134156 2342.5896781632982
158 10855.540178779669 2358.2153128747086
159 10831.597481070447 2375.6607878365394
160 10809.011583517295 2394.8304149053656
161 10787.906369397071 2415.6190489917863
162 10768.397600462344 2437.912664779513
163 10750.592281990077 2461.5889821523742
164 10734.588075859432 2486.518136898725
165 10720.472764877999 2512.5633930145123
166 10708.323771294508 2539.581892698021
167 10698.207732139093 2567.425439922561
168 10690.180133720238 2595.9413132892514
169 10684.285007283343 2624.9731037013553
170 10680.554687500011 2654.3615722656323
171 10670.156249999989 2770.1701660156323
172 10334.828124999996 2770.1654052734375
173 9999.500000000004 2770.16064453125
174 10002.367187500011 2708.810058593772
175 10002.669179995453 2679.4028389300365
176 10000.809742241534 2650.0529111778596
177 9996.798925379848 2620.918925595375
178 9990.658409774845 2592.158365171017
179 9982.421387821207 2563.9266943534094
180 9972.132384523222 2536.376518692392
181 9959.847016816075 2509.6567599337795
182 9945.631692929925 2483.9118510267654
183 9929.563253422039 2459.280955395465
184 9911.728555817153 2435.897214694698
185 9892.224005101412 2413.887029116304
186 9871.155032607796 2393.369374136215
187 9848.635526109818 2374.4551573957287
188 9824.787214204192 2357.2466191931235
189 9799.739008310109 2341.8367798264735
190 9773.626305841968 2328.3089367748616
191 9746.59025832226 2316.7362144360814
192 9718.777008390713 2307.181168854615
193 9690.336899834143 2299.695449576626
194 9661.42366490707 2294.319520459656
195 9632.19359333612 2291.0824409463457
196 9602.804687499989 2290.0017089843823
197 9286.496093749996 2290.001831054702
198 8970.187500000004 2290.0019531250146
199 8940.797686876085 2291.082685842717
200 8911.566717867889 2294.3198990745004
201 8882.6526099484 2299.696093070859
202 8854.211667200758 2307.1822051653653
203 8826.397635868558 2316.737766881859
204 8799.36087323337 2328.3111226991896
205 8773.2475348123 2341.8397092910236
206 8748.19878426949 2357.250393731054
207 8724.350030312624 2374.459868835518
208 8701.830194699618 2393.3751035057285
209 8680.761015312444 2413.8938456362157
210 8661.256388065729 2435.905174869884
211 8643.421751207363 2459.290102212006
212 8627.353515339735 2483.9222132617797
213 8613.13854224265 2509.668351584165
214 8600.85367531527 2536.3893385278134
215 8590.56532417559 2563.940725598026
216 8582.329105662855 2592.1735753174
217 8576.18954318365 2620.9352663530517
218 8572.17982602699 2650.0703185580787
219 8570.321629949405 2679.421233467212
220 8570.625000000011 2708.829345703103
221 8573.492187500004 2770.1809082031323
222 8238.167968749996 2770.176147460952
223 7902.843749999989 2770.1713867187646
224 7892.445312500004 2654.3637695312427
225 7888.7150574930165 2624.9752477621296
226 7882.819988476058 2595.94340015512
227 7874.792439903216 2567.4274663969263
228 7864.6764428791175 2539.5838563867437
229 7852.52748364834 2512.565292327934
230 7838.412199253336 2486.519971046764
231 7822.408012030279 2461.590751132775
232 7804.602704947491 2437.914369359394
233 7785.0939401159085 2415.6206906827647
234 7763.988723112361 2394.8319959323926
235 7741.402816053986 2375.6623111008303
236 7717.460102642999 2358.2167819110764
237 7692.291908664589 2342.5910970922923
238 7666.036281664954 2328.870963527086
239 7638.837233760514 2317.1316361492864
240 7610.843951731444 2307.437505170601
241 7582.209978732153 2299.8417429003093
242 7553.092372107083 2294.3860120951285
243 7523.650841931154 2291.1002374390155
244 7494.046874999989 2290.00244140625
245 7043.695312499989 2290.002636718753
246 6593.343749999989 2290.0028320312485
247 6142.992187499996 2290.0030273437515
248 5692.640624999996 2290.003222656247
249 5242.289062499996 2290.00341796875
250 4791.937499999996 2290.003613281253
251 4341.585937499996 2290.0038085937485
252 3891.2343749999964 2290.0040039062515
253 3440.8828125 2290.004199218747
254 2990.53125 2290.00439453125
255 2961.876194889468 2291.0330221884215
256 2933.3684512377986 2294.1117898209923
257 2905.154507913492 2299.224876984088
258 2877.379344073226 2306.346009751498
259 2850.185684177177 2315.4385957259365
260 2823.7132645902093 2326.4559120714184
261 2798.098115537632 2339.341345601526
262 2773.471862105136 2354.028683689932
263 2749.9610478748727 2370.4424545082074
264 2727.686484673144 2388.49831484264
265 2706.7626317710638 2408.1034834972816
266 2687.2970077282916 2429.157218056025
267 2669.389637901986 2451.5513325540087
268 2653.132540460112 2475.1707533980953
269 2638.609253540184 2499.8941106799466
270 2625.8944059831883 2525.594361843061
271 2615.0533338484965 2552.13944449908
272 2606.1417446803316 2579.392955038871
273 2599.205431251001 2607.2148495511938
274 2594.28003625177 2635.462163447315
275 2591.3908691406323 2663.9897460937427
GTSP_SET_SECTION
1 1 -1
2 2 3 4 5 6 7 8 9 10 11 12 13 14 15 16 17 18 19 20 21 -1
3 22 23 24 25 26 27 28 29 30 31 32 33 34 35 36 37 38 39 40 41 42 43 44 -1
4 45 46 47 48 49 50 51 52 53 54 55 56 57 58 59 60 61 -1
5 62 63 64 65 66 67 68 69 70 71 72 73 74 75 76 77 78 -1
6 79 80 81 82 83 84 85 86 87 88 89 90 91 92 93 94 95 96 97 98 99 100 101 102 103 104 105 106 107 108 109 110 111 112 113 114 115 116 117 118 119 120 121 122 123 124 125 126 127 128 129 130 131 132 133 134 135 136 137 138 139 140 141 142 143 144 145 146 147 148 149 150 151 152 153 154 155 156 157 158 159 160 161 162 163 164 165 166 167 168 169 170 171 172 173 174 175 176 177 178 179 180 181 182 183 184 185 186 187 188 189 190 191 192 193 194 195 196 197 198 199 200 201 202 203 204 205 206 207 208 209 210 211 212 213 214 215 216 217 218 219 220 221 222 223 224 225 226 227 228 229 230 231 232 233 234 235 236 237 238 239 240 241 242 243 244 245 246 247 248 249 250 251 252 253 254 255 256 257 258 259 260 261 262 263 264 265 266 267 268 269 270 271 272 273 274 275 -1
GTSP_SET_ORDERING
EOF