NAME: Sc5v187
TYPE: PCGTSP 
COMMENT: 
DIMENSION: 188
GTSP_SETS: 6
EDGE_WEIGHT_TYPE: EUC_2D
NODE_COORD_SECTION
1 0.0 0.0
2 11280.999999999989 2640.9912109375
3 11270.999999999989 2640.9912109375
4 11263.928932188126 2643.920143125637
5 11260.999999999989 2650.9912109375
6 10771.82608695651 2650.9915930706557
7 10282.65217391303 2650.991975203804
8 9793.478260869557 2650.9923573369597
9 9304.304347826077 2650.992739470108
10 8815.130434782597 2650.9931216032637
11 8325.956521739117 2650.993503736412
12 7836.782608695645 2650.9938858695677
13 7347.608695652165 2650.994268002716
14 6858.434782608685 2650.994650135872
15 6369.260869565205 2650.99503226902
16 5880.086956521733 2650.995414402176
17 5390.913043478253 2650.995796535324
18 4901.739130434773 2650.99617866848
19 4412.565217391293 2650.996560801628
20 3923.391304347817 2650.996942934784
21 3434.2173913043407 2650.9973250679323
22 2945.043478260861 2650.997707201088
23 2455.869565217381 2650.9980893342363
24 1966.6956521739048 2650.998471467392
25 1477.5217391304286 2650.9988536005403
26 988.3478260869488 2650.999235733696
27 499.17391304346893 2650.9996178668443
28 9.999999999992724 2651.0
29 9.999828338612133 2431.0
30 500.04331406301935 2430.9996178668443
31 990.0867997874266 2430.999235733696
32 1480.1302855118338 2430.9988536005403
33 1970.173771236241 2430.998471467392
34 2460.217256960652 2430.9980893342363
35 2950.260742685059 2430.997707201088
36 3440.3042284094663 2430.9973250679323
37 3930.3477141338735 2430.996942934784
38 4420.391199858281 2430.996560801628
39 4910.434685582692 2430.99617866848
40 5400.478171307095 2430.995796535324
41 5890.521657031506 2430.995414402176
42 6380.565142755917 2430.99503226902
43 6870.6086284803205 2430.994650135872
44 7360.652114204724 2430.994268002716
45 7850.695599929135 2430.9938858695677
46 8340.739085653546 2430.993503736412
47 8830.78257137795 2430.9931216032637
48 9320.82605710236 2430.992739470108
49 9810.869542826764 2430.9923573369597
50 10300.913028551175 2430.991975203804
51 10790.956514275586 2430.9915930706557
52 11280.999999999989 2430.9912109375
53 11286.999999999989 2421.000000000022
54 10796.95652547089 2421.000191066596
55 10306.913050941785 2421.00038213317
56 9816.869576412686 2421.0005731997444
57 9326.826101883587 2421.000764266326
58 8836.782627354489 2421.0009553329
59 8346.739152825383 2421.0011463994742
60 7856.695678296284 2421.0013374660484
61 7366.652203767186 2421.0015285326226
62 6876.60872923808 2421.001719599197
63 6386.565254708981 2421.001910665771
64 5896.521780179883 2421.002101732345
65 5406.47830565078 2421.0022927989266
66 4916.434831121678 2421.002483865501
67 4426.3913565925795 2421.002674932075
68 3936.3478820634773 2421.002865998649
69 3446.304407534375 2421.0030570652234
70 2956.2609330052765 2421.0032481317976
71 2466.217458476178 2421.003439198372
72 1976.173983947072 2421.003630264946
73 1486.1305094179734 2421.0038213315274
74 996.0870348888748 2421.0040123981016
75 506.0435603597725 2421.004203464676
76 16.000085830670287 2421.00439453125
77 16.000003814682714 2211.00439453125
78 26.000003814682714 2211.00439453125
79 33.07106916055636 2208.0754609944197
80 35.999999999992724 2201.00439453125
81 525.1739130434726 2201.004203464676
82 1014.3478260869488 2201.0040123980943
83 1503.5217391304286 2201.00382133152
84 1992.6956521739048 2201.003630264946
85 2481.8695652173847 2201.003439198372
86 2971.043478260861 2201.0032481317903
87 3460.2173913043407 2201.003057065216
88 3949.391304347817 2201.002865998642
89 4438.565217391293 2201.0026749320677
90 4927.739130434773 2201.0024838654863
91 5416.913043478253 2201.002292798912
92 5906.086956521733 2201.002101732338
93 6395.2608695652125 2201.0019106657637
94 6884.434782608685 2201.0017195991823
95 7373.608695652165 2201.001528532608
96 7862.782608695645 2201.001337466034
97 8351.956521739117 2201.0011463994597
98 8841.130434782597 2201.000955332878
99 9330.304347826077 2201.000764266304
100 9819.478260869557 2201.00057319973
101 10308.652173913037 2201.0003821331557
102 10797.82608695651 2201.000191066574
103 11286.999999999989 2201.0
104 11283.781249999989 2191.0029296875
105 10794.486752717381 2191.0029296875
106 10305.192255434773 2191.0029296875
107 9815.897758152165 2191.0029296875
108 9326.603260869557 2191.0029296875
109 8837.308763586949 2191.0029296875
110 8348.01426630434 2191.0029296875
111 7858.719769021733 2191.0029296875
112 7369.425271739117 2191.0029296875
113 6880.130774456509 2191.0029296875
114 6390.836277173901 2191.0029296875
115 5901.541779891293 2191.0029296875
116 5412.247282608685 2191.0029296875
117 4922.952785326077 2191.0029296875
118 4433.658288043469 2191.0029296875
119 3944.363790760861 2191.0029296875
120 3455.069293478253 2191.0029296875
121 2965.7747961956447 2191.0029296875
122 2476.4802989130367 2191.0029296875
123 1987.1858016304286 2191.0029296875
124 1497.8913043478206 2191.0029296875
125 1008.5968070652125 2191.0029296875
126 519.3023097826008 2191.0029296875
127 30.007812499992724 2191.0029296875
128 27.07991631440018 2183.929967913209
129 20.007812499992724 2181.0
130 9.999999999992724 2181.0
131 9.999999999992724 1746.6160156250007
132 9.999999999992724 1312.2320312500015
133 9.999999999992724 877.8480468749985
134 9.999999999992724 443.4640624999993
135 9.999999999992724 9.080078125
136 500.1644021739048 9.080078125
137 990.3288043478169 9.080078125
138 1480.4932065217326 9.080078125
139 1970.6576086956447 9.080078125
140 2460.822010869557 9.080078125
141 2950.986413043469 9.080078125
142 3441.1508152173847 9.080078125
143 3931.3152173912968 9.080078125
144 4421.479619565209 9.080078125
145 4911.644021739121 9.080078125
146 5401.808423913037 9.080078125
147 5891.972826086949 9.080078125
148 6382.137228260861 9.080078125
149 6872.301630434773 9.080078125
150 7362.466032608685 9.080078125
151 7852.630434782597 9.080078125
152 8342.79483695651 9.080078125
153 8832.959239130429 9.080078125
154 9323.123641304333 9.080078125
155 9813.288043478253 9.080078125
156 10303.452445652165 9.080078125
157 10793.616847826077 9.080078125
158 11283.781249999989 9.080078125
159 11283.781249999989 445.4646484375007
160 11283.781249999989 881.8492187500015
161 11283.781249999989 1318.2337890624985
162 11283.781249999989 1754.6183593749993
163 4128.062499999982 1743.73046875
164 4133.538590262488 1771.2989936162157
165 4149.152532597793 1794.6702565819178
166 4172.524853974515 1810.2826145500585
167 4200.093749999993 1815.7568359375
168 4260.117187499993 1815.7568359375
169 4287.683684130054 1810.2803706266059
170 4311.053353507094 1794.6674925458465
171 4326.665280989429 1771.2971881181547
172 4332.140624999993 1743.73046875
173 4326.665561470421 1716.163449460375
174 4311.053699001455 1692.7928135379698
175 4287.683909812582 1677.1796836007998
176 4260.117187499993 1671.703125
177 4200.093749999993 1671.703125
178 4172.524628284376 1677.1774396589608
179 4149.15218708467 1692.790049483141
180 4133.538309763113 1716.1616439547033
181 5138.445312499993 513.2685546875
182 5145.184270617574 529.5432204332537
183 5161.460937499993 536.27734375
184 5177.732552785845 529.5404558986302
185 5184.468749999993 513.2685546875
186 5177.732207294586 496.99728489290646
187 5161.460937499993 490.2607421875
188 5145.184616167568 496.9945204170144
GTSP_SET_SECTION
1 1 -1
2 2 3 4 5 6 7 8 9 10 11 12 13 14 15 16 17 18 19 20 21 22 23 24 25 26 27 28 29 30 31 32 33 34 35 36 37 38 39 40 41 42 43 44 45 46 47 48 49 50 51 52 -1
3 53 54 55 56 57 58 59 60 61 62 63 64 65 66 67 68 69 70 71 72 73 74 75 76 77 78 79 80 81 82 83 84 85 86 87 88 89 90 91 92 93 94 95 96 97 98 99 100 101 102 103 -1
4 104 105 106 107 108 109 110 111 112 113 114 115 116 117 118 119 120 121 122 123 124 125 126 127 128 129 130 131 132 133 134 135 136 137 138 139 140 141 142 143 144 145 146 147 148 149 150 151 152 153 154 155 156 157 158 159 160 161 162 -1
5 163 164 165 166 167 168 169 170 171 172 173 174 175 176 177 178 179 180 -1
6 181 182 183 184 185 186 187 188 -1
GTSP_SET_ORDERING
5 4 -1
6 4 -1
EOF