NAME: Sc6v195
TYPE: PCGTSP 
COMMENT: 
DIMENSION: 196
GTSP_SETS: 7
EDGE_WEIGHT_TYPE: EUC_2D
NODE_COORD_SECTION
1 0.0 0.0
2 11286.999999999989 2651.0
3 10797.82608695651 2651.000191066578
4 10308.65217391303 2651.000382133152
5 9819.478260869557 2651.00057319973
6 9330.304347826077 2651.000764266304
7 8841.130434782597 2651.000955332882
8 8351.956521739117 2651.0011463994597
9 7862.782608695645 2651.001337466034
10 7373.608695652165 2651.0015285326117
11 6884.434782608685 2651.001719599186
12 6395.260869565205 2651.0019106657637
13 5906.086956521733 2651.0021017323415
14 5416.913043478253 2651.0022927989157
15 4927.739130434773 2651.0024838654936
16 4438.565217391293 2651.0026749320714
17 3949.391304347817 2651.0028659986456
18 3460.2173913043407 2651.0030570652234
19 2971.043478260861 2651.0032481317976
20 2481.8695652173847 2651.0034391983754
21 1992.6956521739048 2651.0036302649532
22 1503.5217391304286 2651.0038213315274
23 1014.3478260869488 2651.0040123981053
24 525.1739130434726 2651.0042034646794
25 35.999999999992724 2651.0043945312573
26 33.07106646315515 2643.93332537069
27 25.99999618529182 2641.0043945312573
28 15.99999618529182 2641.0043945312573
29 15.99991416930061 2431.0043945312573
30 506.0433961619383 2431.0042034646794
31 996.086878154576 2431.0040123981053
32 1486.1303601472173 2431.0038213315274
33 1976.173842139855 2431.0036302649532
34 2466.2173241324926 2431.0034391983754
35 2956.260806125134 2431.0032481318012
36 3446.3042881177716 2431.0030570652234
37 3936.3477701104093 2431.002865998649
38 4426.391252103047 2431.0026749320714
39 4916.434734095685 2431.002483865497
40 5406.478216088326 2431.0022927989194
41 5896.52169808096 2431.002101732345
42 6386.565180073605 2431.0019106657674
43 6876.608662066243 2431.001719599193
44 7366.65214405888 2431.0015285326153
45 7856.695626051518 2431.001337466041
46 8346.739108044156 2431.0011463994633
47 8836.7825900368 2431.000955332889
48 9326.826072029431 2431.0007642663113
49 9816.869554022076 2431.000573199737
50 10306.913036014714 2431.0003821331593
51 10796.956518007351 2431.000191066585
52 11286.999999999989 2431.0000000000073
53 11280.999999999989 2421.0000000000073
54 10790.956521739117 2421.0000000000073
55 10300.913043478253 2421.0000000000073
56 9810.869565217381 2421.0000000000073
57 9320.82608695651 2421.0000000000073
58 8830.782608695645 2421.0000000000073
59 8340.739130434773 2421.0000000000073
60 7850.695652173901 2421.0000000000073
61 7360.652173913037 2421.0000000000073
62 6870.608695652165 2421.0000000000073
63 6380.565217391293 2421.0000000000073
64 5890.521739130429 2421.0000000000073
65 5400.478260869557 2421.0000000000073
66 4910.434782608685 2421.0000000000073
67 4420.391304347817 2421.0000000000073
68 3930.3478260869488 2421.0000000000073
69 3440.304347826077 2421.0000000000073
70 2950.260869565209 2421.0000000000073
71 2460.2173913043407 2421.0000000000073
72 1970.173913043469 2421.0000000000073
73 1480.1304347826008 2421.0000000000073
74 990.0869565217326 2421.0000000000073
75 500.04347826086087 2421.0000000000073
76 9.999999999992724 2421.0000000000073
77 9.999999999992724 2201.0
78 499.17391304347257 2201.0
79 988.3478260869488 2201.0
80 1477.5217391304286 2201.0
81 1966.6956521739048 2201.0
82 2455.8695652173847 2201.0
83 2945.043478260861 2201.0
84 3434.2173913043407 2201.0
85 3923.391304347817 2201.0
86 4412.565217391297 2201.0
87 4901.739130434773 2201.0
88 5390.913043478253 2201.0
89 5880.086956521733 2201.0
90 6369.260869565205 2201.0
91 6858.434782608685 2201.0
92 7347.608695652165 2201.0
93 7836.782608695645 2201.0
94 8325.956521739117 2201.0
95 8815.130434782597 2201.0
96 9304.304347826077 2201.0
97 9793.478260869557 2201.0
98 10282.652173913037 2201.0
99 10771.82608695651 2201.0
100 11260.999999999989 2201.0
101 11263.928932188126 2208.0710678118667
102 11270.999999999989 2211.0000000000073
103 11280.999999999989 2211.0000000000073
104 11285.999999999989 2181.0000000000073
105 11275.992187499989 2181.0000000000073
106 11268.920083685585 2183.9299679132164
107 11265.992187499989 2191.0029296875073
108 10776.697690383236 2191.003120754085
109 10287.403193266484 2191.0033118206593
110 9798.108696149731 2191.003502887237
111 9308.814199032979 2191.0036939538113
112 8819.519701916226 2191.003885020389
113 8330.225204799473 2191.0040760869633
114 7840.930707682721 2191.004267153541
115 7351.636210565968 2191.0044582201153
116 6862.341713449216 2191.004649286693
117 6373.047216332463 2191.0048403532674
118 5883.75271921571 2191.005031419845
119 5394.458222098958 2191.0052224864194
120 4905.163724982209 2191.005413552997
121 4415.869227865453 2191.0056046195714
122 3926.5747307487 2191.005795686149
123 3437.280233631951 2191.0059867527234
124 2947.9857365151984 2191.0061778193012
125 2458.691239398442 2191.0063688858754
126 1969.3967422816932 2191.0065599524532
127 1480.102245164937 2191.0067510190274
128 990.8077480481879 2191.0069420856053
129 501.5132509314353 2191.0071331521794
130 12.218753814682714 2191.0073242187573
131 12.218583869918803 1754.6227529525822
132 12.21841392515853 1318.2381816864072
133 12.218243980394618 881.8536104202285
134 12.218074035634345 445.46903915405346
135 12.217904090870434 9.084467887878418
136 502.3823005842023 9.084277028621727
137 992.5466970775342 9.084086169368675
138 1482.7110935708624 9.083895310111984
139 1972.8754900641943 9.083704450855294
140 2463.039886557526 9.083513591602241
141 2953.204283050858 9.08332273234555
142 3443.36867954419 9.08313187308886
143 3933.533076037522 9.08294101383217
144 4423.69747253085 9.082750154579116
145 4913.861869024182 9.082559295322426
146 5404.026265517514 9.082368436065735
147 5894.190662010846 9.082177576812683
148 6384.355058504178 9.081986717555992
149 6874.5194549975095 9.081795858299301
150 7364.683851490841 9.081604999046249
151 7854.848247984173 9.081414139789558
152 8345.012644477505 9.081223280532868
153 8835.177040970837 9.081032421276177
154 9325.341437464162 9.080841562023124
155 9815.5058339575 9.080650702766434
156 10305.670230450825 9.080459843509743
157 10795.834626944157 9.08026898425669
158 11285.999023437489 9.080078125
159 11285.999218749992 443.4640625000029
160 11285.999414062488 877.8480468750022
161 11285.99960937499 1312.232031250005
162 11285.999804687486 1746.6160156250044
163 7167.937499999989 1743.732055664077
164 7162.461690236862 1716.1632308687767
165 7146.847812915312 1692.7916363972108
166 7123.475371715602 1677.179026573027
167 7095.906249999989 1671.7047119140589
168 7035.882812499989 1671.7048339843896
169 7008.3160901874035 1677.181392585182
170 6984.94630099853 1692.7945225223484
171 6969.334438529568 1716.1651584447463
172 6963.859374999989 1743.7321777343677
173 6969.334719010552 1771.2988971025225
174 6984.946646492888 1794.6692015302142
175 7008.316315869928 1810.2820796109736
176 7035.882812499989 1815.7585449218677
177 7095.906249999989 1815.7584228515589
178 7123.475146025459 1810.284201464121
179 7146.847467402182 1794.6718434959876
180 7162.461409737491 1771.3005805302892
181 7100.905761718739 428.238922119137
182 7093.291219355084 409.8450890541899
183 7074.897949218739 402.22918701171875
184 7056.504668285805 409.8450998401422
185 7048.890136718739 428.23895263671875
186 7056.504668285805 446.6328054332989
187 7074.897949218739 454.24871826172966
188 7093.291240948285 446.63279464736115
189 6160.554199218739 1078.4824218750073
190 6152.936906657884 1060.0858047687834
191 6134.538574218732 1052.47265625
192 6116.145250099256 1060.0886122221418
193 6108.530761718739 1078.4825439453089
194 6116.145336472062 1096.876317815404
195 6134.538574218732 1104.4921875
196 6152.936906657884 1096.8790389812239
GTSP_SET_SECTION
1 1 -1
2 2 3 4 5 6 7 8 9 10 11 12 13 14 15 16 17 18 19 20 21 22 23 24 25 26 27 28 29 30 31 32 33 34 35 36 37 38 39 40 41 42 43 44 45 46 47 48 49 50 51 52 -1
3 53 54 55 56 57 58 59 60 61 62 63 64 65 66 67 68 69 70 71 72 73 74 75 76 77 78 79 80 81 82 83 84 85 86 87 88 89 90 91 92 93 94 95 96 97 98 99 100 101 102 103 -1
4 104 105 106 107 108 109 110 111 112 113 114 115 116 117 118 119 120 121 122 123 124 125 126 127 128 129 130 131 132 133 134 135 136 137 138 139 140 141 142 143 144 145 146 147 148 149 150 151 152 153 154 155 156 157 158 159 160 161 162 -1
5 163 164 165 166 167 168 169 170 171 172 173 174 175 176 177 178 179 180 -1
6 181 182 183 184 185 186 187 188 -1
7 189 190 191 192 193 194 195 196 -1
GTSP_SET_ORDERING
5 4 -1
6 4 -1
7 4 -1
EOF