NAME: Sc8v122
TYPE: PCGTSP 
COMMENT: 
DIMENSION: 123
GTSP_SETS: 9
EDGE_WEIGHT_TYPE: EUC_2D
NODE_COORD_SECTION
1 0.0 0.0
2 9810.999999999989 259.0
3 9786.251262658461 269.25126265846484
4 9775.999999999989 294.0
5 9560.999999999989 294.0000610351999
6 9560.999999999989 9.000048637404689
7 9795.999999999989 9.00000190740684
8 9810.999999999989 24.0
9 9810.999999999989 569.0
10 9786.251262658461 579.2512626584648
11 9775.999999999989 604.0
12 9560.999999999989 604.000061035098
13 9560.999999999989 304.0000610351999
14 9795.999999999989 304.0
15 9810.999999999989 319.0
16 9810.999999999989 884.0
17 9795.999999999989 899.0
18 9560.999999999989 899.000122070298
19 9560.999999999989 614.000122070298
20 9795.999999999989 614.0
21 9810.999999999989 629.0
22 9976.999999999989 1881.0
23 9963.995117187489 1894.0048828125
24 9826.513671874989 1894.005004882798
25 9754.670410156232 1560.4786987304542
26 9682.827148437482 1226.9523925781104
27 9670.877634020999 1203.7648269981582
28 9648.875976562489 1189.7512207031104
29 9648.875976562489 922.0988769531104
30 9661.879882812489 909.2727050781104
31 9961.997070312489 913.4296875
32 9976.999999999989 928.6435546875
33 9976.999999999989 1404.82177734375
34 9889.123046874989 2378.901123046904
35 9876.119140624989 2391.7272949218022
36 9576.001953125004 2387.570312499898
37 9560.999023437489 2372.3564453125
38 9560.999511718739 1896.17822265625
39 9560.999999999989 1420.0
40 9574.004882812489 1406.9951171875
41 9711.486328124989 1406.9951171875
42 9783.329101562489 1740.521484375
43 9855.171874999989 2074.0478515625
44 9867.12144323166 2097.235276061285
45 9889.123046874989 2111.2487792968022
46 3261.0078124999927 2381.9970703125
47 3251.0078124999927 2381.9970703125
48 3243.930657376717 2384.924274250923
49 3240.9999999999927 2392.0
50 2779.3248465401703 2392.000209263395
51 2317.6496930803514 2392.0004185268044
52 1855.974539620529 2392.0006277901994
53 1394.2993861607065 2392.000837053609
54 932.624232700884 2392.001046317004
55 470.9490792410652 2392.0012555804133
56 9.273925781242724 2392.001464843808
57 9.273704338065727 1915.777053642334
58 9.27348289488873 1439.5526424408454
59 9.27326145171537 963.3282312393712
60 9.273040008538374 487.10382003788254
61 9.272818565361376 10.879408836408402
62 473.8062147412893 10.879192897293251
63 938.3396109172172 10.8789769581781
64 1402.8730070931451 10.87876101906295
65 1867.4064032690767 10.878545079947799
66 2331.9397994450046 10.878329140832648
67 2796.4731956209325 10.878113201717497
68 3261.0065917968604 10.877897262602346
69 3261.0068359374854 485.10173187257897
70 3261.007080078114 959.3255664825556
71 3261.007324218739 1433.5494010925468
72 3261.0075683593677 1907.7732357025234
73 6528.726074218739 2391.9985351562063
74 6067.050920758917 2391.9987444196013
75 5605.375767299098 2391.9989536830108
76 5143.700613839275 2391.9991629464057
77 4682.0254603794565 2391.9993722098006
78 4220.350306919634 2391.9995814731956
79 3758.675153459815 2391.999790736605
80 3296.9999999999927 2392.0
81 3294.0693426232683 2384.924274250923
82 3286.9921874999927 2381.9970703125
83 3276.9921874999927 2381.9970703125
84 3276.9919433593677 1907.7732393264741
85 3276.991699218739 1433.5494083404628
86 3276.991455078114 959.325577354437
87 3276.9912109374854 485.10174636842567
88 3276.9909667968604 10.877915382399806
89 3741.5244140624854 10.877699443284655
90 4206.05786132811 10.877483504169504
91 4670.591308593735 10.877267565054353
92 5135.124755859364 10.877051625953754
93 5599.658203124989 10.876835686838604
94 6064.191650390614 10.876619747723453
95 6528.725097656239 10.876403808608302
96 6528.725292968742 487.100830078125
97 6528.725488281238 963.3252563476417
98 6528.7256835937405 1439.549682617173
99 6528.725878906236 1915.7741088866896
100 9550.999999999989 2392.0
101 9121.071428571417 2392.000174386165
102 8691.142857142844 2392.000348772315
103 8261.214285714272 2392.00052315848
104 7831.2857142857065 2392.0006975446304
105 7401.357142857134 2392.0008719307953
106 6971.428571428562 2392.0010463169456
107 6541.499999999989 2392.0012207031104
108 6541.499804687486 1936.229922485334
109 6541.4996093749905 1480.4586242675432
110 6541.499414062488 1024.6873260497669
111 6541.499218749992 568.916027831976
112 6541.499023437489 113.1447296141996
113 6971.427594866062 113.14456176753447
114 7401.356166294634 113.14439392085478
115 7831.2847377232065 113.14422607418965
116 8261.213309151786 113.14405822750996
117 8691.141880580359 113.14389038084482
118 9121.070452008931 113.14372253416514
119 9550.999023437504 113.1435546875
120 9550.99921875 568.9148437499971
121 9550.999414062495 1024.6861328124942
122 9550.999609374998 1480.4574218750058
123 9550.999804687493 1936.228710937503
GTSP_SET_SECTION
1 1 -1
2 2 3 4 5 6 7 8 -1
3 9 10 11 12 13 14 15 -1
4 16 17 18 19 20 21 -1
5 22 23 24 25 26 27 28 29 30 31 32 33 -1
6 34 35 36 37 38 39 40 41 42 43 44 45 -1
7 46 47 48 49 50 51 52 53 54 55 56 57 58 59 60 61 62 63 64 65 66 67 68 69 70 71 72 -1
8 73 74 75 76 77 78 79 80 81 82 83 84 85 86 87 88 89 90 91 92 93 94 95 96 97 98 99 -1
9 100 101 102 103 104 105 106 107 108 109 110 111 112 113 114 115 116 117 118 119 120 121 122 123 -1
GTSP_SET_ORDERING
EOF