NAME: Sc9v715
TYPE: PCGTSP 
COMMENT: 
DIMENSION: 716
GTSP_SETS: 10
EDGE_WEIGHT_TYPE: EUC_2D
NODE_COORD_SECTION
1 0.0 0.0
2 11972.070312500007 2610.0
3 11787.000000000007 2610.0
4 11771.9921875 2594.9938964842586
5 11771.9921875 2409.925048828067
6 11792.0 2409.925048828067
7 11972.070312500007 2594.9938964842586
8 11972.0 2385.0
9 11956.994140625 2400.008056640567
10 11771.924804687507 2400.008056640567
11 11771.924804687507 2380.0
12 11956.994140625 2199.929931640567
13 11972.0 2199.929931640567
14 11928.0 2141.0
15 11913.000000000007 2141.0
16 11778.0 1907.1732177733793
17 11778.0 1558.5000610350398
18 11778.0 1209.8269042967586
19 11912.9990234375 975.9999999998836
20 11927.999023437507 975.9999999998836
21 11927.999348958336 1364.3333333332557
22 11927.999674479172 1752.6666666666279
23 11787.000000000007 1174.9999999997672
24 11772.000000000007 1174.9999999997672
25 11772.000000000007 786.6666666665114
26 11772.000000000007 398.3333333332557
27 11772.000000000007 10.0
28 11787.000000000007 9.999996185302734
29 11922.0 243.82682800287148
30 11922.0 592.5000228881254
31 11922.0 941.1732177733793
32 11762.00390625 2580.9951171875
33 11747.0 2596.0
34 11294.828125 2596.0
35 11294.828125 2164.921712239564
36 11294.828125 1733.843424479186
37 11294.828125 1302.76513671875
38 11294.828125 871.6868489583139
39 11294.828125 440.60856119793607
40 11294.828125 9.5302734375
41 11746.9990234375 9.5302734375
42 11746.9990234375 12.53125
43 11762.00390625 27.537597656308208
44 11762.00390625 453.11385091149714
45 11762.00390625 878.6901041666861
46 11762.00390625 1304.266357421875
47 11762.00390625 1729.8426106771221
48 11762.00390625 2155.418863932311
49 3590.755859375 2592.6357421873836
50 3575.7841796875 2607.6416015623836
51 3299.1796875 2607.6416015623836
52 3022.5751953125 2607.6416015623836
53 3022.5751953125 2447.5810546875
54 3015.8795616363423 2422.5678540185327
55 2997.5698412939746 2404.258133676136
56 2972.556640625 2397.5625
57 2942.5458984375 2397.5625
58 2917.532284959623 2404.2578079186496
59 2899.222163466031 2422.5675719323335
60 2892.5263671875 2447.5810546875
61 2892.5263671875 2607.6416015623836
62 2481.705729166668 2607.6416015623836
63 2070.885091145832 2607.6416015623836
64 1660.064453125 2607.6416015623836
65 1660.064453125 2427.57421875
66 1653.3691452063467 2402.560605272127
67 1635.0593811926701 2384.25048377848
68 1610.0458984375 2377.5546875
69 1576.033203125 2377.5546875
70 1551.0197203698335 2384.250483778538
71 1532.7099563561642 2402.560605272127
72 1526.014648437511 2427.57421875
73 1526.014648437511 2607.6416015623836
74 1409.970703125011 2607.6416015623836
75 1134.8676757812573 2607.6416015623836
76 859.7646484375 2607.6416015623836
77 859.7646484375 2427.57421875
78 853.0693405188467 2402.560605272127
79 834.7595765051701 2384.25048377848
80 809.74609375 2377.5546875
81 775.7333984375 2377.5546875
82 750.7199156823299 2384.25048377848
83 732.4101516686533 2402.560605272127
84 725.71484375 2427.57421875
85 725.71484375 2607.6416015623836
86 375.0830078125073 2607.6416015623836
87 24.451171875010914 2607.6416015623836
88 9.4462890625 2592.6357421873836
89 9.4462890625 2192.986328124942
90 9.4462890625 1793.3369140625
91 189.5136718750109 1793.3369140625
92 214.5271546301774 1786.6411177839618
93 232.83691864384673 1768.3309962903732
94 239.5322265625 1743.3173828125
95 239.5322265625 1709.3046875
96 232.83659288636773 1684.2914868309745
97 214.52687254400007 1665.9817664885777
98 189.5136718750109 1659.2861328123836
99 9.4462890625 1659.2861328123836
100 9.4462890625 1294.1489257811918
101 9.4462890625 929.01171875
102 189.5136718750109 929.01171875
103 214.52687254397824 922.3160850738059
104 232.8365928863459 904.0063647314673
105 239.5322265625 878.9931640625
106 239.5322265625 844.98046875
107 232.83659288636773 819.9672680809745
108 214.52687254400007 801.6575477385777
109 189.5136718750109 794.9619140623836
110 9.4462890625 794.9619140623836
111 9.4462890625 417.3203124999418
112 9.4462890625 39.6787109375
113 24.451171875010914 24.6728515625
114 309.6582031250109 24.1728515625
115 809.2984375000087 24.1728515625
116 1308.9386718750065 24.1728515625
117 1808.5789062500044 24.1728515625
118 2308.219140625002 24.1728515625
119 2807.859375 24.1728515625
120 2827.7099609375 38.3759765625
121 2837.1395058173366 65.99857809976675
122 2846.5676472701743 93.6216586859664
123 2855.994385271697 121.24521824979456
124 2865.41971979769 148.86925671994686
125 2874.8436508237064 176.4937740251189
126 2884.2661783254152 204.11877009400632
127 2893.687302278602 231.74424485536292
128 2903.10702265882 259.3701982377097
129 2912.525339441854 286.9966301698587
130 2921.942252603374 314.6235405804473
131 2931.3577621189324 342.25092939822935
132 2940.7718679644313 369.87879655184224
133 2950.1845701154234 397.5071419699234
134 2959.595868547811 425.13596558128484
135 2969.00576323703 452.76526731450576
136 2978.4142541588662 480.3950470982236
137 2987.821341289222 508.02530486125033
138 2997.227024603533 535.6560405321652
139 3006.6313040778186 563.2872540396638
140 3016.034179687511 590.9189453125
141 2806.583984375 661.3828125
142 2784.974206445637 675.7461350353551
143 2773.4729713462 699.0057379468344
144 2775.177734375 724.8974609375
145 2783.562500000011 749.54296875
146 2797.914334036366 771.0308409613208
147 2821.0773865634073 782.4840846069274
148 2846.865234375 780.84375
149 2867.996187378969 767.0204414619366
150 2879.6777545121986 744.6342398389243
151 2878.9306640625 719.39453125
152 3026.970703125 669.591796875
153 3046.0 679.0
154 3066.4013671875 738.9404296875
155 3075.943749307895 766.8212077859789
156 3085.503390794678 794.6960727820406
157 3095.0802879836847 822.5650139914942
158 3104.6744372041576 850.4280207323609
159 3114.285834778704 878.2850823249319
160 3123.914477023347 906.1361880917102
161 3133.5603602474803 933.9813273575273
162 3143.2234807538844 961.8204894494847
163 3152.9038348387694 989.6536636971286
164 3162.601418791688 1017.4808394320426
165 3172.3162288956228 1045.3020059883129
166 3182.0482614269567 1073.1171527021797
167 3191.7975126554375 1100.926268912328
168 3201.563978844264 1128.7293439597124
169 3211.34765625 1156.5263671875
170 3205.641745603556 1161.632728844008
171 3205.220703125 1169.2783203125
172 3211.8466796875 1188.15625
173 3216.953297387525 1193.8615606192616
174 3224.598632812511 1194.2822265625
175 3243.955078125 1249.4287109375
176 3035.5283203125 1322.0185546875
177 3014.0804198850237 1336.6012091043522
178 3002.8233945980246 1359.966688433371
179 3004.7861328125 1385.828125
180 3013.4111328125 1410.3857421875
181 3027.98350807884 1431.7392938571866
182 3051.273398674941 1442.9602245598799
183 3077.0546875 1441.0488281248836
184 3098.0372332611805 1427.0017031031311
185 3109.480061449409 1404.4928019515937
186 3108.464843750011 1379.2626953125
187 3255.70703125 1327.9814453125
188 3340.695312500011 1524.7666015625
189 3350.483802118146 1552.695053822128
190 3360.1870192074566 1580.6532467669458
191 3369.804873407811 1608.6409200393828
192 3379.3372751539937 1636.6578130072448
193 3388.7841356765493 1664.7036647662753
194 3398.145367002624 1692.7782141425996
195 3407.4208819567793 1720.8811996949953
196 3416.6105941617934 1749.0123597175116
197 3425.714418039479 1777.1714322417974
198 3434.732268811469 1805.3581550395465
199 3443.664062500011 1833.572265625
200 3451.811225747486 1859.9210342101287
201 3459.7802734375 1886.32421875
202 3247.990234375 1944.9345703125
203 3225.668317925476 1958.059241449344
204 3212.905180691636 1980.58982675866
205 3213.1240234375 2006.4833984373836
206 3220.062500000011 2031.5576171875
207 3233.187260296181 2053.878777887032
208 3255.7173845420984 2066.641498963232
209 3281.6103515625 2066.4228515625
210 3303.46069751104 2053.7704850606387
211 3316.3428217960136 2032.0548024769523
212 3316.9716796875 2006.8134765625
213 3466.877929687511 1965.3291015625
214 3485.3486328125 1975.7919921875
215 3492.4153000783153 2001.9685754032107
216 3499.308030761502 2028.1914958893904
217 3506.026521071668 2054.459597896377
218 3512.5704748978933 2080.7717236831086
219 3518.939603821789 2107.1267135682283
220 3525.133627130199 2133.5234059813083
221 3531.152271827581 2159.960637513781
222 3536.995272648026 2186.4372429704526
223 3542.662372066967 2212.9520554207265
224 3548.153320312511 2239.50390625
225 3553.332212112673 2265.8504498685943
226 3558.2404950726886 2292.2487460126868
227 3562.877652416766 2318.696015298774
228 3567.2431959149835 2345.18947318726
229 3571.3366659346684 2371.726330275531
230 3575.157631488819 2398.303792591556
231 3578.7056902814584 2424.9190618881257
232 3581.98046875 2451.5693359375
233 3584.977271436139 2479.691638528486
234 3587.354213511433 2507.87310186401
235 3589.110142745958 2536.100064893777
236 3590.2442079476677 2564.3588445114437
237 5623.11767578125 2597.721435546875
238 5168.553405761719 2597.7215576171875
239 4713.9891357421875 2597.7216796875
240 4259.42486572266 2597.7218017577543
241 3804.8605957031286 2597.721923828067
242 3803.8508300781286 2592.719970703067
243 3783.0246582031286 2578.888916015567
244 3771.6760168641413 2551.850373022782
245 3760.360410327401 2524.7979883567314
246 3749.077855475218 2497.731802378199
247 3737.8283691406286 2470.651855468692
248 3743.239962085925 2465.2395731203724
249 3743.2395019531214 2457.5859374998836
250 3735.5900878906286 2439.099121093692
251 3730.1829871846567 2433.6826142020873
252 3722.5295410156286 2433.67578125
253 3712.4050273367066 2409.1085249379394
254 3702.3077115237393 2384.53007760481
255 3692.237605946557 2359.9404693606775
256 3682.1947229416764 2335.339730329346
257 3672.1790748122658 2310.7278906483552
258 3662.1906738281286 2286.104980468692
259 3650.9974763326645 2258.4522513189004
260 3639.831174814546 2230.7886505046627
261 3628.6917798331124 2203.1142041858984
262 3617.5793019222656 2175.428938532772
263 3606.4937515904567 2147.7328797256923
264 3595.435139320678 2120.026053955313
265 3584.4034755704415 2092.308487422415
266 3573.398770771775 2064.580206337967
267 3562.421035331223 2036.8412369231228
268 3551.4702796298116 2009.091605408932
269 3540.5465140230626 1981.3313380368054
270 3529.6497488409696 1953.5604610580485
271 3518.779994388002 1925.7790007340373
272 3507.937260943083 1897.9869833361008
273 3497.12155875958 1870.1844351456966
274 3486.3328980653023 1842.371382454061
275 3475.5712890625 1814.5478515625
276 3721.5888671875 1722.7459716796875
277 3742.775596349118 1707.6150950304
278 3753.4832185849955 1683.883939415915
279 3750.80859375 1657.9866943358793
280 3739.328125 1628.0238037108793
281 3724.2398376670353 1607.1527033428429
282 3700.765453160395 1596.5596623606398
283 3675.1328125 1599.0550537108793
284 3654.4580921798915 1613.5585162685602
285 3643.508737981465 1636.3160673036473
286 3645.078125000011 1661.5218505857629
287 3459.4677734375 1730.78515625
288 3440.000000000011 1722.0
289 3429.6810758372994 1694.986178655643
290 3419.387620246027 1667.962642404891
291 3409.1196423724396 1640.9294152595685
292 3398.8771513401152 1613.8865212399978
293 3388.66015625 1586.833984375
294 3378.1999516732685 1559.1487640906707
295 3367.760997757483 1531.4555240649497
296 3357.3433006513224 1503.754280609428
297 3346.9468664909 1476.045050040353
298 3336.571701399851 1448.3278486789204
299 3326.2178114892304 1420.6026928506908
300 3315.8852028576075 1392.8695988861728
301 3305.5738815909863 1365.128583120415
302 3295.2838537628413 1337.379661893181
303 3285.0151254341254 1309.622851548891
304 3274.7677026531965 1281.8581684365636
305 3264.5415914559344 1254.0856289098738
306 3254.336797865588 1226.3052493272116
307 3244.153327892913 1198.5170460514491
308 3233.9911875360704 1170.721035450173
309 3223.850382780678 1142.9172338955104
310 3213.7309195997586 1115.1056577641866
311 3203.6328039537984 1087.2863234374672
312 3193.556041790689 1059.4592473013327
313 3183.500639045742 1031.624445746129
314 3173.466601641703 1003.7819351669168
315 3163.453935488731 975.9317319632391
316 3153.4626464843786 948.0738525390625
317 3381.9255371093786 868.4252929685754
318 3403.4126834022536 853.7851494965144
319 3414.6434182541525 830.3351633264101
320 3412.5808105468714 804.4165039061918
321 3402.83349609375 777.0395507813082
322 3388.2199501140713 755.7912592163193
323 3364.961605180557 744.6514651659527
324 3339.24560546875 746.5835571289062
325 3318.2630808996 760.6361570776207
326 3306.8243558787 783.1505407580407
327 3307.8474121093786 808.3833618164062
328 3140.4313964843786 866.7515869140625
329 3121.1501464843786 857.5162353515625
330 3112.9777650595934 834.4986307318904
331 3104.819964631941 811.4758543406497
332 3096.6767484742886 788.4479154144065
333 3088.5481198536654 765.4148231919389
334 3080.43408203125 742.3765869140625
335 3086.1354629506823 737.267168439459
336 3086.55224609375 729.6226806640043
337 3079.921386718761 710.7457275390625
338 3074.815266152662 705.0418866766267
339 3067.17138671875 704.6207275390043
340 3057.302697565101 676.4444483935367
341 3047.455825175086 648.260537447175
342 3037.6307754506342 620.0690115925972
343 3027.8275542806077 591.8698877270217
344 3018.0461675407496 563.6631827520905
345 3008.286621093761 535.4489135741605
346 2998.688958861472 507.6762655280181
347 2989.102579162456 479.89972103299806
348 2979.527483578582 452.1192846726044
349 2969.9636736898683 424.3349610308069
350 2960.4111510744697 396.5467546925065
351 2950.8699173086497 368.75467024307
352 2941.3399739668675 340.95871226862073
353 2931.821322621676 313.15888535574777
354 2922.31396484375 285.3551940917969
355 2913.362363939188 259.16582759446464
356 2904.412024768666 232.97602986649144
357 2895.4629473532696 206.78580096899532
358 2886.515131713488 180.59514096274506
359 2877.568577870159 154.40404990804382
360 2868.623285844238 128.21252786647528
361 2859.6792556563305 102.0205748982844
362 2850.736487327158 75.82819106441457
363 2841.794980877443 49.63537642540177
364 2832.8547363281214 23.44213104248047
365 2842.9846191406286 9.251697540166788
366 3341.9895507812544 9.251503181352746
367 3840.99448242188 9.251308822538704
368 4339.9994140625095 9.251114463724662
369 4839.004345703135 9.25092010491062
370 5338.009277343761 9.250725746096577
371 5623.11669921875 9.250615119875874
372 5638.12158203125 24.25549125665566
373 5638.121744791668 449.83172448468395
374 5638.121907552082 875.4079577127704
375 5638.1220703125 1300.984190940857
376 5638.122233072918 1726.5604241688852
377 5638.122395833332 2152.1366573969135
378 5638.12255859375 2577.712890625
379 5623.11767578125 2592.719482421875
380 8446.8603515625 2592.8273925780086
381 7947.220019531247 2592.8277832030435
382 7447.5796875000015 2592.82817382802
383 6947.9393554687485 2592.828564453055
384 6448.299023437503 2592.828955078032
385 5948.65869140625 2592.829345703067
386 5663.45166015625 2592.329589843692
387 5648.44677734375 2577.323730468808
388 5648.446533203125 2199.6820678710938
389 5648.4462890625 1822.0404052733793
390 5828.513671875 1822.0402832030086
391 5853.526872543953 1815.3446495268145
392 5871.836592886328 1797.0349291845341
393 5878.5322265625 1772.0217285155668
394 5878.5322265625 1738.0090332030668
395 5871.8365928863495 1712.9958325340995
396 5853.526872543975 1694.6861121917027
397 5828.513671875 1687.9904785155668
398 5648.4462890625 1687.9906005858793
399 5648.445800781257 1322.8534240722656
400 5648.445312500011 957.7162475585938
401 5828.5126953125 957.7160644530668
402 5853.525895981475 951.0204307769309
403 5871.8356163238495 932.7107104345341
404 5878.53125 907.6975097655668
405 5878.53125 873.6848144530668
406 5871.835942081343 848.6712009751936
407 5853.526178067674 830.3610794815468
408 5828.5126953125 823.6652832030668
409 5648.445312500011 823.6654663085938
410 5648.445068359382 424.0160446166992
411 5648.44482421875 24.366622924804688
412 5663.44970703125 9.360752105654683
413 6014.08154296875 9.360478877963033
414 6364.71337890625 9.360205650271382
415 6364.71337890625 189.42758178710938
416 6371.408697004976 214.44118236465147
417 6389.718459653894 232.75129132223083
418 6414.73193359375 239.44708251947304
419 6448.744628906257 239.44705200189492
420 6473.758120476734 232.75125064217718
421 6492.067885855162 214.4411166125792
422 6498.763183593757 189.427490234375
423 6498.763183593757 9.360100746096577
424 6773.8662109375 9.359886646270752
425 7048.96923828125 9.359672546386719
426 7165.013183593757 9.359581947268452
427 7165.013183593757 189.42697143548867
428 7171.708506782481 214.44056556292344
429 7190.0182687490305 232.75066825252725
430 7215.031738281257 239.4464569091797
431 7249.04443359375 239.44642639148515
432 7274.057925164205 232.7506250317092
433 7292.367690542633 214.44049100211123
434 7299.06298828125 189.42686462396523
435 7299.06298828125 9.359477996767964
436 7709.8834635416715 9.359157880069688
437 8120.703938802086 9.358837763371412
438 8531.524414062507 9.358517646673135
439 8531.525390625 169.4190673827543
440 8538.221202173394 194.43253078742418
441 8556.531321619863 212.742275997065
442 8581.544921875007 219.4375762937707
443 8611.5556640625 219.43756103515625
444 8636.568877954109 212.74191973690176
445 8654.878600343538 194.43218059063656
446 8661.57421875 169.41896057128906
447 8661.5732421875 9.358416557253804
448 8938.177734375 9.358201026858296
449 9214.7822265625 9.357985496462788
450 9229.75390625 24.3638343809871
451 9229.242449707497 52.64072572533041
452 9228.108579699605 80.89950331207365
453 9226.35284587289 109.1264686222421
454 9223.976099324078 137.30793855793308
455 9220.9794921875 165.4302520751953
456 9217.704713854531 192.08052804053295
457 9214.15665515863 218.6957992517273
458 9210.33568966241 245.2732634805725
459 9206.242219661908 271.810122479219
460 9201.876676144195 298.3035822749953
461 9197.23951874199 324.7508534647641
462 9192.331235685306 351.1491515082889
463 9187.15234375 377.4956970214844
464 9181.661395682313 404.0475509207463
465 9175.994296401564 430.56236643792363
466 9170.15129567968 457.0389749581809
467 9164.132651041298 483.4762095504557
468 9157.938627752374 509.87290501908865
469 9151.569498808509 536.2278979552793
470 9145.025544922923 562.5400267880759
471 9138.307054514073 588.8081318357727
472 9131.414323692945 615.0310553568997
473 9124.34765625 641.2076416015043
474 9105.876953125007 651.6705932616605
475 8955.970703125 610.186340331973
476 8955.34184523351 584.9450144175207
477 8942.459720948536 563.2293318338343
478 8920.609375 550.576965331973
479 8894.716394175106 550.3583299082238
480 8872.186267588135 563.1210746529978
481 8859.0615234375 585.4422607421875
482 8852.123046875 610.5164794920711
483 8851.904228315274 636.410027184349
484 8864.66736320789 658.9405860182014
485 8886.9892578125 672.065246581973
486 9098.779296875 730.6754760741605
487 9090.810249184979 757.0786606140318
488 9082.6630859375 783.4274291991605
489 9073.717898391122 811.1521268900833
490 9064.721023180071 838.860094674339
491 9055.672491593505 866.5512361896108
492 9046.572335100209 894.2254551323713
493 9037.420585348518 921.8826552577666
494 9028.21727416617 949.5227403801982
495 9018.962433560257 977.1456143736141
496 9009.656095717066 1004.7511811716831
497 9000.298293001972 1032.3393447683775
498 8990.889057959343 1059.9100092182634
499 8981.428423312405 1087.4630786365597
500 8971.916421963164 1114.998457199894
501 8962.35308699224 1142.516049146303
502 8952.738451658806 1170.0157587756403
503 8943.072549400415 1197.4974904500996
504 8933.35541383295 1224.961148594215
505 8923.587078750454 1252.4066376955598
506 8913.767578125007 1279.8338623046875
507 8894.7060546875 1289.0184326171875
508 8747.4638671875 1237.7373046875
509 8748.479084886938 1212.507198048348
510 8737.036256698717 1189.9982968966942
511 8716.0537109375 1175.9511718748836
512 8690.272422112437 1174.0397754398873
513 8666.98253151634 1185.2607061425806
514 8652.41015625 1206.6142578122672
515 8643.78515625 1231.171875
516 8641.822418035525 1257.033311566629
517 8653.079443322524 1280.3987908956478
518 8674.52734375 1294.9814453125
519 8882.955078125 1367.5711669921875
520 8863.5986328125 1422.7176513671875
521 8855.953297387525 1423.138317310426
522 8850.846679687507 1428.8436279296875
523 8844.220703125 1447.7215576171875
524 8819.904675044709 1464.8344534249045
525 8800.008674919743 1486.9312768064556
526 8785.531331988765 1512.9029337845277
527 8777.199299742846 1541.4458429421647
528 8775.430783397416 1571.127365384018
529 8780.314549142684 1600.4577124101343
530 8791.605468750007 1627.964721679571
531 8781.91258968506 1655.7133670434705
532 8772.248348107394 1683.4719991932507
533 8762.612754306581 1711.2405885741464
534 8753.0058185417 1739.0191056207404
535 8743.427551041314 1766.80752075708
536 8733.877962003462 1794.6058043966768
537 8724.357061595663 1822.4139269425068
538 8714.864859954861 1850.2318587871268
539 8705.4013671875 1878.0595703125
540 8685.0 1938.0
541 8665.970703125 1947.408203125
542 8517.930664062507 1897.605590820196
543 8518.677754512188 1872.3658822312718
544 8506.996187378965 1849.9796806082595
545 8485.865234375 1836.1563720702543
546 8460.077360299336 1834.5160627220757
547 8436.914303460864 1845.969353166176
548 8422.562500000007 1867.4572753905668
549 8414.177734375 1892.1027832030668
550 8412.472971346193 1917.9945061937324
551 8423.974206445637 1941.2541091052117
552 8445.583984375 1955.6174316405668
553 8655.0341796875 2026.0810546875
554 8645.631352909972 2053.712758143083
555 8636.227122267373 2081.3439838360064
556 8626.821487784284 2108.9747316947905
557 8617.4144494848 2136.605001648306
558 8608.006007393371 2164.2347936250735
559 8598.59616153421 2191.864107553847
560 8589.184911931414 2219.492943363264
561 8579.772258609548 2247.1213009820785
562 8570.358201592826 2274.749180338811
563 8560.942740905579 2302.376581362332
564 8551.525876572021 2330.003503981279
565 8542.107608616483 2357.6299481242895
566 8532.687937063412 2385.2559137200587
567 8523.266861936907 2412.8814006972825
568 8513.844383261297 2440.5064089847147
569 8504.420501061148 2468.1309385109344
570 8494.995215360555 2495.7549892046954
571 8485.568526183968 2523.3785609946353
572 8476.140433555716 2551.001653809566
573 8466.7109375 2578.624267578067
574 11281.123046875 2580.743652343692
575 11266.1181640625 2595.7487792967004
576 10981.0107421875 2595.7487792967004
577 10482.003320312499 2595.7489746091887
578 9982.995898437504 2595.749169921677
579 9483.988476562503 2595.7493652342237
580 8984.981054687509 2595.749560546712
581 8485.973632812507 2595.7497558592004
582 8475.8173828125 2581.5495605467586
583 8484.76150934062 2555.35728857253
584 8493.70689773724 2529.1654475345276
585 8502.653547981768 2502.974037493812
586 8511.60146005325 2476.7830585110933
587 8520.550633931198 2450.592510646733
588 8529.501069594422 2424.40239396214
589 8538.45276702255 2398.2127085177926
590 8547.405726194513 2372.0234543746337
591 8556.359947089935 2345.8346315929666
592 8565.315429687507 2319.6462402342004
593 8574.822679002333 2291.8425457726116
594 8584.34122187343 2264.0427156138467
595 8593.871056730131 2236.246754345135
596 8603.412181999869 2208.45466655324
597 8612.964596108257 2180.6664568241686
598 8622.528297479017 2152.882129743288
599 8632.103284534038 2125.101689895382
600 8641.689555693316 2097.325141864596
601 8651.287109375007 2069.552490234375
602 8661.046655710219 2041.3381905205897
603 8670.828042383022 2013.1314550170791
604 8680.631263530719 1984.9323006302002
605 8690.456313277537 1956.7407442616532
606 8700.3031857346 1928.5568028087146
607 8710.171875 1900.3804931640625
608 8717.815754433926 1899.95933402644
609 8722.921875 1894.2554931640043
610 8729.552734375 1875.3785400390043
611 8729.135951231896 1867.734052263666
612 8723.4345703125 1862.6246337890625
613 8731.547977828726 1839.5881569149205
614 8739.675973912686 1816.5568233027006
615 8747.818555303951 1793.5306421911228
616 8755.975718736263 1770.509622816695
617 8764.147460937507 1747.4937744140625
618 8783.435546875 1738.2437744140625
619 8950.8857421875 1796.5219726563082
620 8949.876361978262 1821.7549173028092
621 8961.32688047862 1844.2628263574443
622 8982.316406250007 1858.3041992188082
623 9008.03374178103 1860.2227609596448
624 9031.28642809901 1849.0704156921129
625 9045.888671875 1827.8139648435754
626 9055.62109375 1800.4321289061918
627 9057.669366425478 1774.512827529281
628 9046.426151913656 1751.069369331759
629 9024.931640625 1736.4409179686918
630 8796.4638671875 1656.9273681638879
631 8806.455103095876 1629.0694785973174
632 8816.46771615465 1601.2192652082304
633 8826.501700466251 1573.376744400768
634 8836.557050120595 1545.5419325744151
635 8846.633759194956 1517.7148461241159
636 8856.73182175406 1489.895501440391
637 8866.851231850029 1462.0839149090461
638 8876.991983522443 1434.2801029114053
639 8887.154070798286 1406.484081824252
640 8897.337487691999 1378.6958680196549
641 8907.542228205435 1350.915477865201
642 8917.76828632789 1323.1429277238203
643 8928.015656036128 1295.3782339537865
644 8938.284331294337 1267.621412908833
645 8948.574306054157 1239.8724809379783
646 8958.885574254695 1212.1314543856424
647 8969.218129822511 1184.398349591589
648 8979.571966671618 1156.6731828908669
649 8989.947078703502 1128.955970613868
650 9000.343459807118 1101.246729086386
651 9010.76110385888 1073.5454746294417
652 9021.200004722712 1045.8522235592245
653 9031.66015625 1018.1669921875
654 9041.877150649976 991.1142598882434
655 9052.119641337355 964.0711704947753
656 9062.387619211047 937.0377480364987
657 9072.681075147382 910.0140165342018
658 9083.0 883.0
659 9102.464843750007 874.2158203125
660 9288.07421875 943.4789428709773
661 9286.505029800479 968.6841294308542
662 9297.4539792352 991.4412006341736
663 9318.1279296875 1005.9447021483793
664 9343.760366839007 1008.4403031165712
665 9367.234719115862 997.8476337787579
666 9382.3232421875 976.9769287107629
667 9393.8046875 947.0140380858793
668 9396.479105271479 921.1165869610268
669 9385.771110160262 897.3853980764397
670 9364.583984375 882.2547607421875
671 9118.571289062507 790.4541015625
672 9129.33288283048 762.6305078032892
673 9140.12152839922 734.8173922479036
674 9150.937215566475 707.0147811977658
675 9161.779934104423 679.2227009444032
676 9172.649673759675 651.4411777692148
677 9183.546424253276 623.6702379438793
678 9194.470175280745 595.9099077297724
679 9205.42091651207 568.1602133784909
680 9216.398637591694 540.4211811314453
681 9227.403328138564 512.6928372200346
682 9238.434977746118 484.9752078653546
683 9249.493575982313 457.2683192786644
684 9260.57911238959 429.5721976609202
685 9271.691576484955 401.8868692027754
686 9282.830957759921 374.21236008492997
687 9293.99724568057 346.5486964776064
688 9305.1904296875 318.8959045409574
689 9315.17883065858 294.27299181575654
690 9325.194478780155 269.66114959015977
691 9335.23736178242 245.06040801521158
692 9345.307467362218 220.47079722845228
693 9355.404783183032 195.89234735362697
694 9365.529296875 171.32508850097656
695 9373.182746861406 171.31824950227747
696 9378.589843750007 165.9017333983793
697 9386.239257812507 147.4149169921875
698 9386.239717945304 139.76128137169871
699 9380.828125 134.3489990233793
700 9392.077855099138 107.26898766256636
701 9403.360653966942 80.20273760252167
702 9414.676504769857 53.15028922515921
703 9426.025390625 26.111682891787495
704 9446.8505859375 12.280619621276855
705 9447.4560546875 9.27964305866044
706 9902.121337890625 9.279466152074747
707 10356.78662109375 9.279289245489053
708 10811.451904296875 9.279112338961568
709 11266.1171875 9.278935432375874
710 11266.1171875 12.279911994875874
711 11281.1220703125 27.286252975463867
712 11281.122233072914 452.86248620349215
713 11281.122395833336 878.4387194315204
714 11281.12255859375 1304.014952659607
715 11281.122721354164 1729.5911858876352
716 11281.122884114586 2155.1674191156635
GTSP_SET_SECTION
1 1 -1
2 2 3 4 5 6 7 -1
3 8 9 10 11 12 13 -1
4 14 15 16 17 18 19 20 21 22 -1
5 23 24 25 26 27 28 29 30 31 -1
6 32 33 34 35 36 37 38 39 40 41 42 43 44 45 46 47 48 -1
7 49 50 51 52 53 54 55 56 57 58 59 60 61 62 63 64 65 66 67 68 69 70 71 72 73 74 75 76 77 78 79 80 81 82 83 84 85 86 87 88 89 90 91 92 93 94 95 96 97 98 99 100 101 102 103 104 105 106 107 108 109 110 111 112 113 114 115 116 117 118 119 120 121 122 123 124 125 126 127 128 129 130 131 132 133 134 135 136 137 138 139 140 141 142 143 144 145 146 147 148 149 150 151 152 153 154 155 156 157 158 159 160 161 162 163 164 165 166 167 168 169 170 171 172 173 174 175 176 177 178 179 180 181 182 183 184 185 186 187 188 189 190 191 192 193 194 195 196 197 198 199 200 201 202 203 204 205 206 207 208 209 210 211 212 213 214 215 216 217 218 219 220 221 222 223 224 225 226 227 228 229 230 231 232 233 234 235 236 -1
8 237 238 239 240 241 242 243 244 245 246 247 248 249 250 251 252 253 254 255 256 257 258 259 260 261 262 263 264 265 266 267 268 269 270 271 272 273 274 275 276 277 278 279 280 281 282 283 284 285 286 287 288 289 290 291 292 293 294 295 296 297 298 299 300 301 302 303 304 305 306 307 308 309 310 311 312 313 314 315 316 317 318 319 320 321 322 323 324 325 326 327 328 329 330 331 332 333 334 335 336 337 338 339 340 341 342 343 344 345 346 347 348 349 350 351 352 353 354 355 356 357 358 359 360 361 362 363 364 365 366 367 368 369 370 371 372 373 374 375 376 377 378 379 -1
9 380 381 382 383 384 385 386 387 388 389 390 391 392 393 394 395 396 397 398 399 400 401 402 403 404 405 406 407 408 409 410 411 412 413 414 415 416 417 418 419 420 421 422 423 424 425 426 427 428 429 430 431 432 433 434 435 436 437 438 439 440 441 442 443 444 445 446 447 448 449 450 451 452 453 454 455 456 457 458 459 460 461 462 463 464 465 466 467 468 469 470 471 472 473 474 475 476 477 478 479 480 481 482 483 484 485 486 487 488 489 490 491 492 493 494 495 496 497 498 499 500 501 502 503 504 505 506 507 508 509 510 511 512 513 514 515 516 517 518 519 520 521 522 523 524 525 526 527 528 529 530 531 532 533 534 535 536 537 538 539 540 541 542 543 544 545 546 547 548 549 550 551 552 553 554 555 556 557 558 559 560 561 562 563 564 565 566 567 568 569 570 571 572 573 -1
10 574 575 576 577 578 579 580 581 582 583 584 585 586 587 588 589 590 591 592 593 594 595 596 597 598 599 600 601 602 603 604 605 606 607 608 609 610 611 612 613 614 615 616 617 618 619 620 621 622 623 624 625 626 627 628 629 630 631 632 633 634 635 636 637 638 639 640 641 642 643 644 645 646 647 648 649 650 651 652 653 654 655 656 657 658 659 660 661 662 663 664 665 666 667 668 669 670 671 672 673 674 675 676 677 678 679 680 681 682 683 684 685 686 687 688 689 690 691 692 693 694 695 696 697 698 699 700 701 702 703 704 705 706 707 708 709 710 711 712 713 714 715 716 -1
GTSP_SET_ORDERING
EOF