NAME: Sc9v372
TYPE: PCGTSP 
COMMENT: 
DIMENSION: 373
GTSP_SETS: 10
EDGE_WEIGHT_TYPE: EUC_2D
NODE_COORD_SECTION
1 0.0 0.0
2 11970.999999999989 2585.0000000000073
3 11750.999999999989 2585.0000000000073
4 11750.999837239575 2156.8333504994735
5 11750.999674479153 1728.666700998947
6 11750.999511718739 1300.5000514984204
7 11750.999348958325 872.3334019978865
8 11750.999186197903 444.1667524973527
9 11750.999023437489 16.000102996826172
10 11970.999023437489 16.00000000003638
11 11970.999186197903 444.1666666667006
12 11970.999348958325 872.3333333333576
13 11970.999511718739 1300.5000000000218
14 11970.999674479153 1728.666666666686
15 11970.999837239575 2156.833333333343
16 5222.999999999993 2472.9999999999927
17 5711.499999999989 2472.9999999999927
18 6199.999999999989 2472.9999999999927
19 6202.928932188119 2480.0710678118703
20 6209.999999999989 2483.0000000000073
21 6219.999999999989 2483.0000000000073
22 6219.999999999989 2693.0000000000073
23 5721.499999999989 2693.0000000000073
24 5222.999999999993 2693.0000000000073
25 2404.9999999999927 2436.0
26 2404.9999999999927 2655.9999999999927
27 1906.5000610351453 2656.0002441406323
28 1408.0001220703016 2656.0004882812573
29 1407.9999999999927 2446.00048828125
30 1417.9999999999927 2446.00048828125
31 1425.0710678118521 2443.0715560931276
32 1427.9999999999927 2436.000488281279
33 1916.4999999999927 2436.0002441406396
34 3809.9999999999927 2286.8564453125073
35 3695.8359374999927 2286.8564453125073
36 3666.490078171446 2287.93497013217
37 3637.302426329996 2291.163538777808
38 3608.430292961766 2296.5247504211584
39 3580.0292885213676 2303.9897100522576
40 3552.2524842472776 2313.5181842132297
41 3525.2495871627143 2325.0588178421895
42 3499.1661332084186 2338.549411058637
43 3474.1427028560793 2353.9172543985114
44 3450.3141634299427 2371.0795206921757
45 3427.808942220283 2389.94371147317
46 3406.7483343062886 2410.4081555118028
47 3387.245848819064 2432.3625567866766
48 3369.4065971680757 2455.6885889406913
49 3353.3267265283066 2480.2605330177394
50 3339.0929016414484 2505.9459550428364
51 3326.7818377239673 2532.606419793803
52 3316.459886999597 2560.098236917467
53 3308.182681084614 2588.2732353692627
54 3301.994831153359 2616.9795620020086
55 3297.9296874999927 2646.0624999999927
56 3283.4374999999927 2787.0429687500364
57 2952.7578124999927 2787.0429687500364
58 2622.0781249999927 2787.0429687500364
59 2625.8593749999927 2705.5302734374927
60 2626.151629229509 2676.129004611088
61 2624.283360789901 2646.7856988297935
62 2620.2646644028537 2617.658905314449
63 2614.117254090157 2588.9060034159556
64 2605.874345847391 2560.682352255295
65 2595.5804781696097 2533.140451279345
66 2583.291271398706 2506.4291162681693
67 2569.07312719278 2480.692675246224
68 2553.002869741398 2456.070188641832
69 2535.1673306652556 2432.694697909006
70 2515.662879843221 2410.6925066711337
71 2494.594904701775 2390.1824982709295
72 2472.077240780385 2371.2754934139884
73 2448.2315566496072 2354.073651376806
74 2423.186696505374 2338.669918014639
75 2397.0779839915667 2325.1475235518155
76 2370.046491012523 2313.579532867996
77 2342.2382754862556 2304.0284507103715
78 2313.803592156979 2296.545883964878
79 2284.8960807311487 2291.172262811262
80 2255.6719357236943 2287.936622268746
81 2226.2890624999927 2286.8564453125073
82 1910.0078124999927 2286.8564453125073
83 1593.7265624999927 2286.8564453125073
84 1564.3436892762911 2287.936622268746
85 1535.1195442688368 2291.172262811262
86 1506.2120328430065 2296.545883964878
87 1477.7773495137299 2304.0284507103715
88 1449.9691339874626 2313.579532867996
89 1422.9376410084187 2325.1475235518155
90 1396.8289284946113 2338.669918014639
91 1371.7840683503782 2354.073651376806
92 1347.9383842196003 2371.2754934139884
93 1325.4207202982107 2390.1824982709295
94 1304.3527451567643 2410.6925066711337
95 1284.8482943347299 2432.694697909006
96 1267.0127552585873 2456.070188641832
97 1250.9424978072057 2480.692675246224
98 1236.7243536012793 2506.4291162681693
99 1224.4351468303757 2533.140451279345
100 1214.1412791525945 2560.682352255295
101 1205.8983709098284 2588.9060034159556
102 1199.7509605971318 2617.658905314449
103 1195.7322642100844 2646.7856988297935
104 1193.8639957704763 2676.129004611088
105 1194.1562499999927 2705.5302734374927
106 1197.9296874999927 2787.0429687500364
107 862.6171874999927 2787.0429687500364
108 527.3046874999927 2787.0429687500364
109 515.0468749999927 2651.0751953125364
110 511.3072920590821 2621.69521261473
111 505.4040823125688 2592.672463286239
112 497.3696089222285 2564.166058721028
113 487.2479192746905 2536.3322795565837
114 475.09450350050247 2509.323718896754
115 460.9759902606238 2483.2884457506807
116 444.9697814681822 2458.369193274164
117 427.163627948019 2434.702576263866
118 407.65514836043803 2412.4183421940907
119 386.5512940264816 2391.638659902317
120 363.96776258881437 2372.4774498231127
121 340.0283637226239 2355.039759442174
122 314.86434037395884 2339.4211873946624
123 288.61364924660666 2325.7073593648165
124 261.4202044822123 2313.973458660381
125 233.43308867987434 2304.2838140352105
126 204.8057355807432 2296.6915470197855
127 175.69508889837016 2291.2382806931128
128 146.26074190629515 2287.9539114925283
129 116.66406249999272 2286.8564453125073
130 9.999999999992724 2286.8564453125073
131 9.999999999992724 1831.085156250003
132 9.999999999992724 1375.3138671875058
133 9.999999999992724 919.5425781250015
134 9.999999999992724 463.77128906250437
135 9.999999999992724 8.0
136 484.9999999999927 8.0
137 959.9999999999927 8.0
138 1434.9999999999927 8.0
139 1909.9999999999927 8.0
140 2384.9999999999927 8.0
141 2859.9999999999927 8.0
142 3334.9999999999927 8.0
143 3809.9999999999927 8.0
144 3809.9999999999927 463.77128906250437
145 3809.9999999999927 919.5425781250015
146 3809.9999999999927 1375.3138671875058
147 3809.9999999999927 1831.085156250003
148 7620.000976562489 2286.8564453125073
149 7513.336914062489 2286.8564453125073
150 7483.740223587116 2287.9539139410626
151 7454.305865829116 2291.2382872236994
152 7425.1952088645085 2296.6915592300065
153 7396.567846143404 2304.2838334689877
154 7368.580721550283 2313.973486790688
155 7341.387268990042 2325.7073975769454
156 7315.136571216808 2339.4212369701927
157 7289.9725425170145 2355.039821543767
158 7266.033139727708 2372.477525480266
159 7243.44960591527 2391.6387499982375
160 7222.3457508611355 2412.4184474536887
161 7202.837272299072 2434.7026972431413
162 7185.03112162503 2458.3693303509426
163 7169.024917557228 2483.2885991168077
164 7154.906410960688 2509.323888551902
165 7142.753003770416 2536.332465303618
166 7132.631324650483 2564.1662601630887
167 7124.596863715513 2592.672679825504
168 7118.693668317017 2621.6954434529252
169 7114.954101562489 2651.0754394531614
170 7102.696289062489 2787.0432128906323
171 6767.383789062489 2787.043334960945
172 6432.071289062489 2787.0434570312427
173 6435.844726562489 2705.5307617187573
174 6436.1369631391535 2676.1295043376667
175 6434.268678788128 2646.786211213177
176 6430.249968309112 2617.6594313724127
177 6424.102545782862 2588.90654396802
178 6415.859627244699 2560.682907919858
179 6405.565751210106 2533.141022472577
180 6393.27653802215 2506.429703204769
181 6379.058389321148 2480.6932779416893
182 6362.988129260204 2456.0708069166285
183 6345.15258940549 2432.6953313942504
184 6325.648139563917 2410.6931548159337
185 6304.580167073353 2390.183160351211
186 6282.062507368977 2371.276168542776
187 6258.216828902387 2354.0743385158858
188 6233.17197573707 2338.67061598743
189 6207.063271372233 2325.1482310574065
190 6180.03178755668 2313.5802484962333
191 6152.223582043462 2304.029172957802
192 6123.788909403931 2296.546611251477
193 6094.881409165344 2291.1729934978503
194 6065.657275658723 2287.9373546747884
195 6036.274414062489 2286.8571777343823
196 5719.993164062489 2286.8572998047093
197 5403.711914062493 2286.857421875029
198 5374.329040838791 2287.9375988312677
199 5345.104895831337 2291.173239373784
200 5316.197384405506 2296.5468605273927
201 5287.76270107623 2304.029427272886
202 5259.954485549963 2313.5805094305106
203 5232.922992570919 2325.14850011433
204 5206.814280057111 2338.6708945771607
205 5181.769419912878 2354.074627939328
206 5157.9237357821 2371.2764699765103
207 5135.406071860711 2390.183474833444
208 5114.338096719264 2410.6934832336483
209 5094.83364589723 2432.6956744715208
210 5076.998106821087 2456.0711652043465
211 5060.927849369706 2480.6936518087387
212 5046.709705163779 2506.430092830684
213 5034.420498392876 2533.1414278418597
214 5024.1266307150945 2560.6833288178095
215 5015.883722472328 2588.90697997847
216 5009.736312159632 2617.6598818769635
217 5005.717615772584 2646.786675392308
218 5003.849347332976 2676.1299811736026
219 5004.141601562493 2705.5312500000073
220 5007.922851562493 2787.0439453125364
221 4677.243164062493 2787.0440673828343
222 4346.563476562493 2787.0441894531323
223 4332.071289062493 2646.0637207031323
224 4328.006129490277 2616.9807960494436
225 4321.818265452901 2588.2744837224673
226 4313.541047295537 2560.0995003447533
227 4303.21908622505 2532.607698868327
228 4290.908013871758 2505.947250142337
229 4276.674182455092 2480.2618443257743
230 4260.59430716918 2455.6899164496645
231 4242.755052715751 2432.363900302342
232 4223.252566212788 2410.4095146593536
233 4202.191958996391 2389.9450857047996
234 4179.686740108773 2371.08090929607
235 4155.858204525644 2353.9186565091222
236 4130.834779420238 2338.5508256682588
237 4104.751331987372 2325.060243813634
238 4077.748442558157 2313.519620293526
239 4049.9716469229134 2303.9911548873206
240 4021.5706519460255 2296.5262025711854
241 3992.6985287001626 2291.1649967334088
242 3963.510887468663 2287.9364323309783
243 3934.1650390624927 2286.85791015625
244 3820.0009765624927 2286.85791015625
245 3820.0007812499935 1831.0866241455078
246 3820.000585937494 1375.3153381347656
247 3820.0003906249913 919.5440521240234
248 3820.000195312492 463.77276611328125
249 3819.9999999999927 8.001480102539062
250 4294.999999999993 8.00129508972168
251 4769.999999999993 8.001110076904297
252 5244.999999999993 8.000925064086914
253 5719.999999999989 8.000740051269531
254 6194.999999999989 8.000555038452148
255 6669.999999999989 8.000370025634766
256 7144.999999999989 8.000185012817383
257 7619.999999999989 8.0
258 7620.000195312492 463.77128906250437
259 7620.000390624988 919.5425781250015
260 7620.0005859374905 1375.3138671875058
261 7620.000781249986 1831.085156250003
262 8855.573242187489 2603.9851074218823
263 8447.048828124989 2603.9851074218823
264 8038.524414062489 2603.9851074218823
265 7629.999999999989 2603.9851074218823
266 7629.999999999989 2171.32092285157
267 7629.999999999989 1738.6567382812573
268 7629.999999999989 1305.9925537109448
269 7629.999999999989 873.328369140625
270 7629.999999999989 440.6641845703125
271 7629.999999999989 8.0
272 8039.592968749992 8.0
273 8449.185937499988 8.0
274 8858.77890624999 8.0
275 9268.371874999986 8.0
276 9677.964843749989 8.0
277 9677.964843749989 410.65252685546875
278 9677.964843749989 813.3050537109448
279 9677.964843749989 1215.9575805664135
280 9677.964843749989 1618.6101074218823
281 9205.704101562489 1618.6101074218823
282 9176.78710379569 1619.79586353388
283 9148.0669322617 1623.3666511864794
284 9119.739962312047 1629.2980549725544
285 9091.999880766303 1637.5495186752887
286 9065.036361570496 1648.064622572987
287 9039.033768893703 1660.7714692111913
288 9014.169896530508 1675.58317500454
289 8990.614752228594 1692.3984643067888
290 8968.529395253845 1711.102361887235
291 8948.06483514095 1731.5669790785687
292 8929.360999159548 1753.652388220864
293 8912.545775555769 1777.2075794227421
294 8897.7341391111 1802.0714930976465
295 8885.027364997604 1828.0741212154098
296 8874.512336304764 1855.0376697391184
297 8866.260949972802 1882.7777742991748
298 8860.329625194408 1911.1047607921864
299 8856.758917646166 1939.8249422854715
300 8855.573242187489 1968.7419433593823
301 8855.573242187489 2286.3635253906323
302 7775.069824218739 373.1408691406323
303 7785.029918496086 397.192528766318
304 7809.083007812489 407.1491699218823
305 7833.13578142718 397.19235602443223
306 7843.095703124989 373.1408691406323
307 7833.138372624173 349.08464660082245
308 7809.083007812489 339.1252441406323
309 7785.027327280473 349.0844738403175
310 11738.965820312489 2605.5622558593823
311 11330.441406249989 2605.562418619804
312 10921.916992187489 2605.5625813802108
313 10513.392578124989 2605.5627441406323
314 10513.392578124989 2287.9411010742406
315 10513.392578124989 1970.3194580078489
316 10512.206888910983 1941.4024125084834
317 10508.636160292288 1912.6821883370794
318 10502.704807348196 1884.355161815096
319 10494.453386073892 1856.6150207505925
320 10483.938316076219 1829.6514400857704
321 10471.23149480118 1803.64878498271
322 10456.419805930625 1778.7848502151392
323 10439.604525309678 1755.2296444855529
324 10420.90062846684 1733.1442279801558
325 10400.436004461659 1712.6796111097792
326 10378.350581435316 1693.9757219668318
327 10354.795369843236 1677.1604495581923
328 10329.9314299117 1662.3487693562201
329 10303.928770378527 1649.6419571467777
330 10276.965186047713 1639.126896549722
331 10249.225042106435 1630.875484946766
332 10220.898013516537 1624.9441418786446
333 10192.17778810023 1621.3734232729912
334 10163.260742187489 1620.1877441406614
335 9690.999999999989 1620.1879882812573
336 9690.999999999989 1367.5939941406323
337 9690.999999999989 1115.0000000000073
338 9917.851562499989 1114.9998779296875
339 9943.828397220266 1111.6387471137932
340 9968.041294832943 1101.6473142013347
341 9988.829025036943 1085.7110845527714
342 10004.765355918262 1064.9234319559328
343 10014.756906743565 1040.7105830002329
344 10018.118164062489 1014.7337646484375
345 10018.118164062489 814.8826904296875
346 10018.118164062489 615.030639648452
347 10014.75657592763 589.0541190077856
348 10004.764844683665 564.841617977705
349 9988.828482927242 544.054307585262
350 9968.040852405404 528.1183634127083
351 9943.828150663827 518.1271185574878
352 9917.851562499989 514.766052246101
353 9690.999999999989 514.76611328125
354 9690.999999999989 262.1719970703198
355 9690.999999999989 9.577880859382276
356 10100.592968749992 9.577721405032207
357 10510.185937499988 9.577561950689415
358 10919.77890624999 9.577402496339346
359 11329.371874999986 9.577243041996553
360 11738.964843749989 9.577083587646484
361 11738.965006510403 442.24127896627033
362 11738.965169270825 874.9054743448942
363 11738.965332031239 1307.569669723518
364 11738.965494791653 1740.2338651021346
365 11738.965657552075 2172.8980604807584
366 11593.894531249989 374.7180175781614
367 11583.93720074918 350.661795038337
368 11559.881835937489 340.7023925781323
369 11535.82582888554 350.66146029895026
370 11525.868164062489 374.7180480957104
371 11535.828441713395 398.7698607351049
372 11559.881835937489 408.7263183593823
373 11583.934609552172 398.7695044619468
GTSP_SET_SECTION
1 1 -1
2 2 3 4 5 6 7 8 9 10 11 12 13 14 15 -1
3 16 17 18 19 20 21 22 23 24 -1
4 25 26 27 28 29 30 31 32 33 -1
5 34 35 36 37 38 39 40 41 42 43 44 45 46 47 48 49 50 51 52 53 54 55 56 57 58 59 60 61 62 63 64 65 66 67 68 69 70 71 72 73 74 75 76 77 78 79 80 81 82 83 84 85 86 87 88 89 90 91 92 93 94 95 96 97 98 99 100 101 102 103 104 105 106 107 108 109 110 111 112 113 114 115 116 117 118 119 120 121 122 123 124 125 126 127 128 129 130 131 132 133 134 135 136 137 138 139 140 141 142 143 144 145 146 147 -1
6 148 149 150 151 152 153 154 155 156 157 158 159 160 161 162 163 164 165 166 167 168 169 170 171 172 173 174 175 176 177 178 179 180 181 182 183 184 185 186 187 188 189 190 191 192 193 194 195 196 197 198 199 200 201 202 203 204 205 206 207 208 209 210 211 212 213 214 215 216 217 218 219 220 221 222 223 224 225 226 227 228 229 230 231 232 233 234 235 236 237 238 239 240 241 242 243 244 245 246 247 248 249 250 251 252 253 254 255 256 257 258 259 260 261 -1
7 262 263 264 265 266 267 268 269 270 271 272 273 274 275 276 277 278 279 280 281 282 283 284 285 286 287 288 289 290 291 292 293 294 295 296 297 298 299 300 301 -1
8 302 303 304 305 306 307 308 309 -1
9 310 311 312 313 314 315 316 317 318 319 320 321 322 323 324 325 326 327 328 329 330 331 332 333 334 335 336 337 338 339 340 341 342 343 344 345 346 347 348 349 350 351 352 353 354 355 356 357 358 359 360 361 362 363 364 365 -1
10 366 367 368 369 370 371 372 373 -1
GTSP_SET_ORDERING
8 7 -1
10 9 -1
EOF