NAME: Sc9v217
TYPE: PCGTSP 
COMMENT: 
DIMENSION: 218
GTSP_SETS: 10
EDGE_WEIGHT_TYPE: EUC_2D
NODE_COORD_SECTION
1 0.0 0.0
2 11960.0 2594.9999999998836
3 11944.994140625 2610.008056640683
4 11759.9248046875 2610.008056640683
5 11759.9248046875 2590.0
6 11944.994140625 2409.929931640683
7 11960.0 2409.929931640683
8 11935.070312500007 2394.005859375
9 11755.0 2579.074951171817
10 11734.992187500007 2579.074951171817
11 11734.992187500007 2394.006103515625
12 11750.0 2379.0
13 11935.070312500007 2379.0
14 11961.0 2364.0
15 11911.0 2364.0
16 11905.000000000007 2370.0
17 11878.000000000007 2370.0
18 11863.0 2355.0
19 11863.0 2208.0
20 11837.0 2208.0
21 11831.343145750507 2210.343145750521
22 11829.0 2216.0
23 11830.07191397874 2219.999734165671
24 11833.000000000007 2222.927734375
25 11851.0 2233.3203125
26 11851.0 2355.0
27 11836.0 2370.0
28 11787.000000000007 2370.0
29 11781.0 2364.0
30 11731.0 2364.0
31 11731.0 2209.9999999998836
32 11734.407417371105 2184.1180954896263
33 11744.397459621578 2159.999999999942
34 11760.28932188137 2139.2893218813115
35 11781.000000000022 2123.397459621541
36 11805.118095489765 2113.407417371054
37 11831.0 2110.0
38 11861.000000000007 2110.0
39 11886.881904510243 2113.407417371054
40 11910.999999999978 2123.397459621541
41 11931.71067811863 2139.2893218813115
42 11947.602540378422 2159.999999999942
43 11957.592582628888 2184.1180954896263
44 11961.0 2209.9999999998836
45 11961.0 2094.0
46 11911.0 2094.0
47 11905.000000000007 2100.0
48 11856.0 2100.0
49 11841.0 2084.9999999998836
50 11841.0 1963.3203124998836
51 11859.0 1952.9277343748836
52 11861.928086021246 1949.9997341656126
53 11863.0 1946.0
54 11860.656854249493 1940.3431457505212
55 11855.0 1938.0
56 11829.0 1938.0
57 11829.0 2084.9999999998836
58 11814.000000000007 2100.0
59 11787.000000000007 2100.0
60 11781.0 2094.0
61 11731.0 2094.0
62 11731.0 1940.0
63 11734.407417371083 1914.1180954897427
64 11744.397459621534 1889.9999999999418
65 11760.289321881319 1869.2893218813115
66 11780.999999999978 1853.397459621483
67 11805.118095489735 1843.407417370996
68 11831.0 1839.9999999998836
69 11861.000000000007 1839.9999999998836
70 11886.881904510272 1843.407417370996
71 11911.000000000022 1853.397459621483
72 11931.710678118681 1869.2893218813115
73 11947.602540378466 1889.9999999999418
74 11957.592582628917 1914.1180954897427
75 11961.0 1940.0
76 11965.0 1556.0
77 11965.0 1730.0
78 11961.59258262891 1755.8819045102573
79 11951.602540378444 1780.0
80 11935.710678118652 1800.7106781186303
81 11915.0 1816.6025403784588
82 11890.88190451025 1826.5925826288876
83 11865.0 1830.0
84 11831.0 1830.0
85 11805.11809548975 1826.5925826288876
86 11781.0 1816.6025403784588
87 11760.289321881348 1800.7106781186303
88 11744.397459621556 1780.0
89 11734.40741737109 1755.8819045102573
90 11731.0 1730.0
91 11731.0 1556.0
92 11781.0 1556.0
93 11787.000000000007 1550.0
94 11814.000000000007 1550.0
95 11829.0 1565.0
96 11829.0 1732.0
97 11858.0 1732.0
98 11864.363961030678 1729.363961030671
99 11867.0 1723.0
100 11865.794157805227 1718.5001606395235
101 11862.5 1715.2060546875
102 11842.000000000007 1703.3701171875
103 11842.000000000007 1565.0
104 11857.000000000007 1550.0
105 11909.0 1550.0
106 11915.0 1556.0
107 11861.000000000007 1539.0
108 11761.0 1539.0
109 11752.213203435596 1517.786796564411
110 11731.0 1509.0
111 11731.0 1159.0
112 11731.0 809.0
113 11752.213203435575 800.2132034356473
114 11761.0 779.0000000001164
115 11861.000000000007 778.999938964902
116 11881.0 813.6409301757812
117 11881.0 1158.9999084472656
118 11881.0 1504.3588867188082
119 11881.0 740.0
120 11859.786796564404 748.7867965644109
121 11851.0 770.0
122 11751.0 770.0
123 11731.0 735.3590087891207
124 11731.0 390.0000228883
125 11731.0 44.6410369874211
126 11751.0 10.000020027218852
127 11851.0 10.000004768313374
128 11859.786798250258 31.213205121457577
129 11881.0 40.0
130 11881.0 390.0
131 5860.0 2586.460449218692
132 5850.0 2586.460449218692
133 5842.92249931785 2589.387998230057
134 5839.9921875 2596.464355468808
135 5354.349609375 2596.464355468808
136 4868.70703125 2596.464355468808
137 4383.064453125004 2596.464355468808
138 3897.4218750000036 2596.464355468808
139 3411.7792968750036 2596.464355468808
140 2926.1367187500073 2596.464355468808
141 2440.4941406250073 2596.464355468808
142 1954.8515625000073 2596.464355468808
143 1469.2089843750073 2596.464355468808
144 983.5664062500073 2596.464355468808
145 497.9238281250109 2596.464355468808
146 12.281250000010914 2596.464355468808
147 12.281250000010914 2165.386067708372
148 12.281250000010914 1734.307779947936
149 12.281250000010914 1303.2294921875
150 12.281250000010914 872.1512044270639
151 12.281250000010914 441.07291666662786
152 12.281250000010914 9.994628906191792
153 470.6425781250109 9.994628906191792
154 929.0039062500073 9.994628906191792
155 1387.3652343750073 9.994628906191792
156 1845.7265625000073 9.994628906191792
157 2304.0878906250036 9.994628906191792
158 2762.4492187500036 9.994628906191792
159 3220.810546875 9.994628906191792
160 3679.171875 9.994628906191792
161 4111.3359375 9.994628906191792
162 4543.5 9.994628906191792
163 4975.6640625 9.994628906191792
164 5407.828125 9.994628906191792
165 5839.9921875 9.994628906191792
166 5839.9921875 12.995605468808208
167 5842.92232652165 20.07227845856687
168 5850.0 23.0
169 5860.0 23.0
170 5860.0 450.243408203125
171 5860.0 877.48681640625
172 5860.0 1304.730224609375
173 5860.0 1731.9736328124418
174 5860.0 2159.217041015567
175 11717.7197265625 2596.462158203125
176 11232.0771484375 2596.4623413085938
177 10746.4345703125 2596.4625244140625
178 10260.7919921875 2596.4627075195312
179 9775.1494140625 2596.462890625
180 9289.5068359375 2596.4630737304688
181 8803.8642578125 2596.4632568359375
182 8318.2216796875 2596.4634399414645
183 7832.5791015625 2596.463623046933
184 7346.9365234375 2596.463806152402
185 6861.2939453125 2596.4639892578707
186 6375.6513671875 2596.4641723633395
187 5890.0087890625 2596.464355468808
188 5887.07847724465 2589.387998230057
189 5880.0009765625 2586.460449218692
190 5870.0009765625 2586.460449218692
191 5870.000813802086 2159.217041015567
192 5870.000651041664 1731.9736328124418
193 5870.00048828125 1304.730224609375
194 5870.000325520836 877.48681640625
195 5870.000162760414 450.243408203125
196 5870.0 23.0
197 5880.0 22.99999618541915
198 5887.077674828412 20.072273296071216
199 5890.0078125 12.995597839413676
200 5890.0078125 9.994621276913676
201 6322.171875 9.99445304874098
202 6754.3359375 9.994284820568282
203 7186.5 9.994116592453793
204 7618.6640625 9.993948364281096
205 8050.828125 9.993780136108398
206 8509.189453125 9.993601560592651
207 8967.55078125 9.993422985076904
208 9425.912109375 9.993244409561157
209 9884.2734375 9.99306583404541
210 10342.634765625007 9.992887258529663
211 10800.996093750007 9.992708683013916
212 11259.357421875007 9.992530107498169
213 11717.718750000007 9.992351531982422
214 11717.718912760422 441.0706526438589
215 11717.719075520836 872.1489537556772
216 11717.71923828125 1303.2272548675537
217 11717.719401041672 1734.3055559794302
218 11717.719563802086 2165.3838570912485
GTSP_SET_SECTION
1 1 -1
2 2 3 4 5 6 7 -1
3 8 9 10 11 12 13 -1
4 14 15 16 17 18 19 20 21 22 23 24 25 26 27 28 29 30 31 32 33 34 35 36 37 38 39 40 41 42 43 44 -1
5 45 46 47 48 49 50 51 52 53 54 55 56 57 58 59 60 61 62 63 64 65 66 67 68 69 70 71 72 73 74 75 -1
6 76 77 78 79 80 81 82 83 84 85 86 87 88 89 90 91 92 93 94 95 96 97 98 99 100 101 102 103 104 105 106 -1
7 107 108 109 110 111 112 113 114 115 116 117 118 -1
8 119 120 121 122 123 124 125 126 127 128 129 130 -1
9 131 132 133 134 135 136 137 138 139 140 141 142 143 144 145 146 147 148 149 150 151 152 153 154 155 156 157 158 159 160 161 162 163 164 165 166 167 168 169 170 171 172 173 174 -1
10 175 176 177 178 179 180 181 182 183 184 185 186 187 188 189 190 191 192 193 194 195 196 197 198 199 200 201 202 203 204 205 206 207 208 209 210 211 212 213 214 215 216 217 218 -1
GTSP_SET_ORDERING
EOF