NAME: Sc9v118
TYPE: PCGTSP 
COMMENT: 
DIMENSION: 119
GTSP_SETS: 10
EDGE_WEIGHT_TYPE: EUC_2D
NODE_COORD_SECTION
1 0.0 0.0
2 6346.999999999989 1516.0000000000146
3 6056.999999999989 1516.000122070327
4 6056.999877929677 1139.5001251697686
5 6056.999755859364 763.0001282691956
6 6056.999633789052 386.5001313686371
7 6056.999511718739 10.000134468078613
8 6346.999511718739 10.0
9 6346.999633789052 386.5
10 6346.999755859364 763.0
11 6346.999877929677 1139.5000000000146
12 5756.999999999989 1516.0000000000146
13 5756.999877929677 1139.5000000000146
14 5756.999755859364 763.0
15 5756.999633789052 386.5
16 5756.999511718739 10.0
17 6046.999511718739 9.999865531921387
18 6046.999633789052 386.4998686313629
19 6046.999755859364 762.9998717308044
20 6046.999877929677 1139.499874830246
21 6046.999999999989 1515.9998779296875
22 2124.9980468749927 1620.610107421875
23 1701.9984374999913 1620.610107421875
24 1278.9988281249935 1620.610107421875
25 855.999218749992 1620.610107421875
26 432.9996093749942 1620.610107421875
27 9.999999999992724 1620.610107421875
28 9.999999999992724 1217.9575805664062
29 9.999999999992724 815.3050537109375
30 9.999999999992724 412.65252685546875
31 9.999999999992724 10.0
32 432.9996093749942 10.0
33 855.999218749992 10.0
34 1278.9988281249935 10.0
35 1701.9984374999913 10.0
36 2124.9980468749927 10.0
37 2124.9980468749927 412.65252685546875
38 2124.9980468749927 815.3050537109375
39 2124.9980468749927 1217.9575805664062
40 410.1928710937427 1377.515869140596
41 419.564415179746 1400.1573898047354
42 442.2050781249927 1409.5310058593896
43 464.8447939114558 1400.1568715348694
44 474.2158203124927 1377.515869140596
45 464.8422027401393 1354.8796023622417
46 442.2050781249927 1345.508056640625
47 419.56700641041243 1354.8790841517184
48 1755.8261718749927 1377.515869140596
49 1764.9043049636493 1399.4497648304387
50 1786.8369140624927 1408.531005859375
51 1808.7704703270756 1399.4502831122227
52 1817.8491210937427 1377.515869140596
53 1808.7678790406317 1355.5861908751685
54 1786.8369140624927 1346.508056640654
55 1764.9068961888333 1355.5867090957036
56 4261.000488281243 1620.4218749999854
57 3838.0008789062413 1620.42204589842
58 3415.0012695312435 1620.4222167968692
59 2992.001660156242 1620.4223876953038
60 2569.002050781244 1620.422558593753
61 2146.0024414062427 1620.4227294921875
62 2146.0022583007703 1217.7701950073242
63 2146.0020751953016 815.1176605224464
64 2146.001892089833 412.46512603756855
65 2146.0017089843604 9.812591552705271
66 2569.0013671874876 9.812426757780486
67 2992.001025390615 9.8122619628557
68 3415.0006835937384 9.812097167945467
69 3838.0003417968655 9.811932373020682
70 4260.999999999993 9.811767578095896
71 4260.999999999993 262.4058837890625
72 4260.999999999993 515.0000000000291
73 3894.0820312499927 515.0001220703562
74 3868.1057091633447 518.3615111239924
75 3843.8933257593853 528.3529442253493
76 3823.106015778296 544.2889408766205
77 3807.1699305488546 565.0761829514813
78 3797.1783942744405 589.2885237800074
79 3793.8168945312427 615.2648315429542
80 3793.8168945312427 815.1168823242042
81 3793.8171386718604 1014.9679565429688
82 3797.178347299574 1040.9445262910012
83 3807.1697248066484 1065.1571732926095
84 3823.1057828656812 1085.9447165060992
85 3843.8931805658103 1101.8809643759887
86 3868.105736334928 1111.872562968856
87 3894.0822753906104 1115.234008789048
88 4260.999999999993 1115.23388671875
89 4261.000244140618 1367.827880859375
90 3810.7844238281104 1377.3277587890625
91 3801.410245330946 1354.6910527255677
92 3778.7722167968604 1345.320068359375
93 3756.13414508228 1354.691095870483
94 3746.7600097656104 1377.3278808593604
95 3756.131553851621 1399.9694015234854
96 3778.7722167968604 1409.343017578125
97 3801.412922935946 1399.9693583836051
98 2515.1740722656104 1377.328369140625
99 2506.0933479517844 1355.3992090957036
100 2484.1633300781104 1346.320556640625
101 2462.232365099957 1355.3986908751685
102 2453.1511230468604 1377.328369140625
103 2462.229773813535 1399.2627831122372
104 2484.1633300781104 1408.343505859375
105 2506.0959391769466 1399.2622648304532
106 5741.691894531239 1620.5624999999854
107 5251.461263020825 1620.5624999999854
108 4761.230631510407 1620.5624999999854
109 4270.999999999993 1620.5624999999854
110 4270.999999999993 1217.9218749999854
111 4270.999999999993 815.28125
112 4270.999999999993 412.640625
113 4270.999999999993 10.0
114 4761.230631510407 10.0
115 5251.461263020825 10.0
116 5741.691894531239 10.0
117 5741.691894531239 412.640625
118 5741.691894531239 815.28125
119 5741.691894531239 1217.9218749999854
GTSP_SET_SECTION
1 1 -1
2 2 3 4 5 6 7 8 9 10 11 -1
3 12 13 14 15 16 17 18 19 20 21 -1
4 22 23 24 25 26 27 28 29 30 31 32 33 34 35 36 37 38 39 -1
5 40 41 42 43 44 45 46 47 -1
6 48 49 50 51 52 53 54 55 -1
7 56 57 58 59 60 61 62 63 64 65 66 67 68 69 70 71 72 73 74 75 76 77 78 79 80 81 82 83 84 85 86 87 88 89 -1
8 90 91 92 93 94 95 96 97 -1
9 98 99 100 101 102 103 104 105 -1
10 106 107 108 109 110 111 112 113 114 115 116 117 118 119 -1
GTSP_SET_ORDERING
5 4 -1
6 4 -1
8 7 -1
9 7 -1
EOF